Linux 7.0.11-arch1-1 (archlinux) 	06/05/2026 	_x86_64_	(4 CPU)

05:09:52 PM  pgpgin/s pgpgout/s   fault/s  majflt/s  pgfree/s pgscank/s pgscand/s pgsteal/s  pgprom/s   pgdem/s
05:09:57 PM      0.00      0.00   1452.40      0.00    428.60      0.00      0.00      0.00      0.00      0.00
05:10:02 PM      0.00      0.00      3.40      0.00      7.80      0.00      0.00      0.00      0.00      0.00
05:10:07 PM      0.00      0.00      0.00      0.00      4.20      0.00      0.00      0.00      0.00      0.00
05:10:12 PM      0.00    100.00      0.20      0.00      4.40      0.00      0.00      0.00      0.00      0.00
05:10:17 PM      0.00      0.00      0.00      0.00      5.20      0.00      0.00      0.00      0.00      0.00
05:10:22 PM      9.60    488.80      1.60      0.00      4.40      0.00      0.00      0.00      0.00      0.00
05:10:27 PM      0.00     48.80      0.40      0.00      0.80      0.00      0.00      0.00      0.00      0.00
05:10:32 PM      0.00      0.00      0.20      0.00    311.20      0.00      0.00      0.00      0.00      0.00
05:10:37 PM      0.00      0.00      0.80      0.00      3.80      0.00      0.00      0.00      0.00      0.00
05:10:42 PM      0.00      0.00      0.00      0.00      4.20      0.00      0.00      0.00      0.00      0.00
05:10:47 PM      0.00      0.00      0.00      0.00      3.80      0.00      0.00      0.00      0.00      0.00
05:10:52 PM      0.00    111.20      0.00      0.00      4.00      0.00      0.00      0.00      0.00      0.00
05:10:57 PM      0.00      0.00      3.00      0.00      0.80      0.00      0.00      0.00      0.00      0.00
05:11:02 PM      0.00      0.00      6.20      0.00      5.60      0.00      0.00      0.00      0.00      0.00
05:11:07 PM      0.00      0.00      0.20      0.00      4.00      0.00      0.00      0.00      0.00      0.00
05:11:12 PM      0.00      0.00      0.00      0.00      4.40      0.00      0.00      0.00      0.00      0.00
05:11:17 PM      0.00      0.00      0.00      0.00      5.00      0.00      0.00      0.00      0.00      0.00
05:11:22 PM      0.00      0.00      0.00      0.00      4.60      0.00      0.00      0.00      0.00      0.00
05:11:27 PM      0.00    117.60      0.20      0.00      1.20      0.00      0.00      0.00      0.00      0.00
05:11:32 PM      0.00     56.80      0.00      0.00      4.00      0.00      0.00      0.00      0.00      0.00
05:11:37 PM      0.00      0.00      0.00      0.00      4.00      0.00      0.00      0.00      0.00      0.00
05:11:42 PM      0.00      0.00      0.00      0.00      3.80      0.00      0.00      0.00      0.00      0.00
05:11:47 PM      0.00      0.00      6.20      0.00      4.20      0.00      0.00      0.00      0.00      0.00
05:11:52 PM      0.00      0.00      0.00      0.00      4.00      0.00      0.00      0.00      0.00      0.00
05:11:57 PM      0.00    104.80      0.00      0.00      0.60      0.00      0.00      0.00      0.00      0.00
05:12:02 PM      0.00      0.00      0.00      0.00      4.00      0.00      0.00      0.00      0.00      0.00
05:12:07 PM      0.00      0.00      0.40      0.00      4.00      0.00      0.00      0.00      0.00      0.00
05:12:12 PM      0.00      0.00      0.00      0.00      4.20      0.00      0.00      0.00      0.00      0.00
05:12:17 PM      0.00     24.80      0.00      0.00      4.00      0.00      0.00      0.00      0.00      0.00
05:12:22 PM      0.00      0.00      0.00      0.00      4.00      0.00      0.00      0.00      0.00      0.00
05:12:27 PM      0.00      0.00      5.80      0.00      1.00      0.00      0.00      0.00      0.00      0.00
05:12:32 PM      0.00      0.00      0.00      0.00      3.80      0.00      0.00      0.00      0.00      0.00
05:12:37 PM      0.00    117.60      0.00      0.00      4.00      0.00      0.00      0.00      0.00      0.00
05:12:42 PM      0.00      0.00      0.00      0.00      3.80      0.00      0.00      0.00      0.00      0.00
05:12:47 PM      0.00      1.60      0.00      0.00      4.00      0.00      0.00      0.00      0.00      0.00
05:12:52 PM      0.00      0.00      0.00      0.00      3.80      0.00      0.00      0.00      0.00      0.00
05:12:57 PM      0.00     23.20      0.40      0.00    103.40      0.00      0.00      0.00      0.00      0.00
05:13:02 PM      0.00      0.00      0.00      0.00      3.80      0.00      0.00      0.00      0.00      0.00
05:13:07 PM      0.00      0.00      0.00      0.00      5.00      0.00      0.00      0.00      0.00      0.00
05:13:12 PM      0.00      0.00      0.00      0.00      4.60      0.00      0.00      0.00      0.00      0.00
05:13:17 PM      0.00    264.80      6.60      0.00      4.40      0.00      0.00      0.00      0.00      0.00
05:13:22 PM      0.00      2.40      0.00      0.00      4.20      0.00      0.00      0.00      0.00      0.00
05:13:27 PM      0.00      0.00      0.20      0.00      1.80      0.00      0.00      0.00      0.00      0.00
05:13:32 PM      0.00      0.00      0.00      0.00      4.20      0.00      0.00      0.00      0.00      0.00
05:13:37 PM      0.00      0.00      0.00      0.00      4.40      0.00      0.00      0.00      0.00      0.00
05:13:42 PM      0.00      0.00      0.00      0.00      4.00      0.00      0.00      0.00      0.00      0.00
05:13:47 PM      0.00    225.60      0.00      0.00      3.80      0.00      0.00      0.00      0.00      0.00
05:13:52 PM      0.00     42.40      0.80      0.00      4.20      0.00      0.00      0.00      0.00      0.00
05:13:57 PM      0.00      3.20      0.00      0.00      6.60      0.00      0.00      0.00      0.00      0.00
05:14:02 PM      0.00      0.00      0.00      0.00      3.80      0.00      0.00      0.00      0.00      0.00
05:14:07 PM      0.00      0.00    280.60      0.00    219.80      0.00      0.00      0.00      0.00      0.00
05:14:12 PM      0.00      0.00      0.00      0.00      3.80      0.00      0.00      0.00      0.00      0.00
05:14:17 PM      0.00    168.80      0.00      0.00      9.00      0.00      0.00      0.00      0.00      0.00
05:14:22 PM      0.00      0.00      0.00      0.00      3.80      0.00      0.00      0.00      0.00      0.00
05:14:27 PM      0.00      0.00      0.00      0.00      0.80      0.00      0.00      0.00      0.00      0.00
05:14:32 PM      0.00      3.20      0.00      0.00      7.00      0.00      0.00      0.00      0.00      0.00
05:14:37 PM      0.00      0.00      0.00      0.00      4.00      0.00      0.00      0.00      0.00      0.00
05:14:42 PM      0.00      0.00      0.00      0.00      3.80      0.00      0.00      0.00      0.00      0.00
05:14:47 PM      0.00      0.00      0.00      0.00      3.80      0.00      0.00      0.00      0.00      0.00
05:14:52 PM      0.00      0.00      0.00      0.00      3.99      0.00      0.00      0.00      0.00      0.00
05:14:57 PM      0.00      0.00      0.00      0.00      0.60      0.00      0.00      0.00      0.00      0.00
05:15:02 PM      6.40    341.60      0.00      0.00     36.80      0.00      0.00      0.00      0.00      0.00
05:15:07 PM      0.00      4.00      0.00      0.00      9.40      0.00      0.00      0.00      0.00      0.00
05:15:12 PM      0.00      0.00      0.00      0.00      4.00      0.00      0.00      0.00      0.00      0.00
05:15:17 PM      0.00      0.00      0.00      0.00      4.00      0.00      0.00      0.00      0.00      0.00
05:15:22 PM      0.00      0.00      0.00      0.00      4.00      0.00      0.00      0.00      0.00      0.00
05:15:27 PM      0.00      0.00      0.00      0.00      0.60      0.00      0.00      0.00      0.00      0.00
05:15:32 PM      0.00      0.00      0.00      0.00      3.80      0.00      0.00      0.00      0.00      0.00
05:15:37 PM      0.00    200.80      0.00      0.00     23.20      0.00      0.00      0.00      0.00      0.00
05:15:42 PM      0.00      3.20      0.00      0.00      9.40      0.00      0.00      0.00      0.00      0.00
05:15:47 PM      0.00      0.00      0.00      0.00      4.00      0.00      0.00      0.00      0.00      0.00
05:15:52 PM      0.00      0.00      0.00      0.00      3.80      0.00      0.00      0.00      0.00      0.00
05:15:57 PM      0.00      0.00      0.00      0.00      0.80      0.00      0.00      0.00      0.00      0.00
05:16:02 PM      0.00      0.00      0.00      0.00      3.80      0.00      0.00      0.00      0.00      0.00
05:16:07 PM      0.00     44.80      0.00      0.00      3.80      0.00      0.00      0.00      0.00      0.00
05:16:12 PM      0.00    124.00      0.00      0.00     19.20      0.00      0.00      0.00      0.00      0.00
05:16:17 PM      0.00      4.00      0.00      0.00      9.40      0.00      0.00      0.00      0.00      0.00
05:16:22 PM      0.00      0.00      0.00      0.00      4.20      0.00      0.00      0.00      0.00      0.00
05:16:27 PM      0.00      0.00      0.00      0.00      0.60      0.00      0.00      0.00      0.00      0.00
05:16:32 PM      0.00      0.00      0.00      0.00      4.00      0.00      0.00      0.00      0.00      0.00
05:16:37 PM      0.00      0.00      0.00      0.00      3.80      0.00      0.00      0.00      0.00      0.00
05:16:42 PM      0.00     44.80      0.00      0.00      4.00      0.00      0.00      0.00      0.00      0.00
05:16:47 PM      0.00    149.60      0.00      0.00     21.40      0.00      0.00      0.00      0.00      0.00
05:16:52 PM      0.00      4.80      0.00      0.00     10.20      0.00      0.00      0.00      0.00      0.00
05:16:57 PM      0.00      0.00      0.00      0.00      0.80      0.00      0.00      0.00      0.00      0.00
05:17:02 PM      0.00      0.00      0.00      0.00      3.80      0.00      0.00      0.00      0.00      0.00
05:17:07 PM      0.00      0.00      0.00      0.00      4.00      0.00      0.00      0.00      0.00      0.00
05:17:12 PM      0.00      0.00      0.00      0.00      3.80      0.00      0.00      0.00      0.00      0.00
05:17:17 PM      0.00     51.20      0.00      0.00      4.00      0.00      0.00      0.00      0.00      0.00
05:17:22 PM      0.00    136.80      0.00      0.00     21.80      0.00      0.00      0.00      0.00      0.00
05:17:27 PM      0.00      5.60      0.00      0.00      4.40      0.00      0.00      0.00      0.00      0.00
05:17:32 PM      0.00     14.40      6.00      0.00      4.80      0.00      0.00      0.00      0.00      0.00
05:17:37 PM      0.00      0.00      0.00      0.00      4.00      0.00      0.00      0.00      0.00      0.00
05:17:42 PM      0.00      0.00      0.00      0.00      5.40      0.00      0.00      0.00      0.00      0.00
05:17:47 PM      0.00      0.00      0.00      0.00      3.80      0.00      0.00      0.00      0.00      0.00
05:17:52 PM      0.00     76.80      0.00      0.00      4.60      0.00      0.00      0.00      0.00      0.00
05:17:57 PM      6.40    213.60      0.00      0.00      0.60      0.00      0.00      0.00      0.00      0.00
05:18:02 PM      0.00     28.00      0.00      0.00      4.00      0.00      0.00      0.00      0.00      0.00
05:18:07 PM      0.00      0.00      0.00      0.00      3.80      0.00      0.00      0.00      0.00      0.00
05:18:12 PM      0.00      0.00      0.00      0.00      4.40      0.00      0.00      0.00      0.00      0.00
05:18:17 PM      0.00      0.00      0.00      0.00      3.80      0.00      0.00      0.00      0.00      0.00
05:18:22 PM      0.00     44.80      0.00      0.00      4.00      0.00      0.00      0.00      0.00      0.00
05:18:27 PM      0.00      0.00      7.80      0.00      4.40      0.00      0.00      0.00      0.00      0.00
05:18:32 PM      0.00    188.00      0.80      0.00      4.20      0.00      0.00      0.00      0.00      0.00
05:18:37 PM      0.00      4.00      0.00      0.00      4.00      0.00      0.00      0.00      0.00      0.00
05:18:42 PM      0.00      0.00      0.00      0.00      3.80      0.00      0.00      0.00      0.00      0.00
05:18:47 PM      0.00      0.00      0.00      0.00      4.00      0.00      0.00      0.00      0.00      0.00
05:18:52 PM      0.00      0.00      0.00      0.00      1.40      0.00      0.00      0.00      0.00      0.00
05:18:57 PM      0.00     90.40      0.20      0.00      6.40      0.00      0.00      0.00      0.00      0.00
05:19:02 PM      0.00      0.00      0.00      0.00      4.20      0.00      0.00      0.00      0.00      0.00
05:19:07 PM      0.00    181.60    282.40      0.00    215.60      0.00      0.00      0.00      0.00      0.00
05:19:12 PM      0.00      4.80      0.00      0.00      4.80      0.00      0.00      0.00      0.00      0.00
05:19:17 PM      0.00      0.00      0.00      0.00      3.80      0.00      0.00      0.00      0.00      0.00
05:19:22 PM      0.00      0.00      0.00      0.00      4.00      0.00      0.00      0.00      0.00      0.00
05:19:27 PM      0.00      0.00      0.00      0.00      0.80      0.00      0.00      0.00      0.00      0.00
05:19:32 PM      0.00      0.00      0.00      0.00      4.00      0.00      0.00      0.00      0.00      0.00
05:19:37 PM      0.00     44.80      0.00      0.00      3.80      0.00      0.00      0.00      0.00      0.00
05:19:42 PM      0.00    130.40      0.00      0.00      5.40      0.00      0.00      0.00      0.00      0.00
05:19:47 PM      0.00      4.00      0.00      0.00    464.80      0.00      0.00      0.00      0.00      0.00
05:19:52 PM      0.00      0.00      0.00      0.00      3.80      0.00      0.00      0.00      0.00      0.00
05:19:57 PM      0.00      0.00      0.00      0.00      0.80      0.00      0.00      0.00      0.00      0.00
05:20:02 PM      0.00      0.00      0.00      0.00      3.80      0.00      0.00      0.00      0.00      0.00
05:20:07 PM      0.00      0.00      0.00      0.00      4.00      0.00      0.00      0.00      0.00      0.00
05:20:12 PM      0.00     44.80      0.00      0.00      3.80      0.00      0.00      0.00      0.00      0.00
05:20:17 PM      3.20    168.80      0.00      0.00      4.00      0.00      0.00      0.00      0.00      0.00
05:20:22 PM      0.00      4.80      0.00      0.00      3.80      0.00      0.00      0.00      0.00      0.00
05:20:27 PM      0.00      0.00      0.00      0.00      0.80      0.00      0.00      0.00      0.00      0.00
05:20:32 PM      0.00      0.00      0.00      0.00      4.00      0.00      0.00      0.00      0.00      0.00
05:20:37 PM      0.00      0.00      0.00      0.00      3.80      0.00      0.00      0.00      0.00      0.00
05:20:42 PM      0.00      0.00      0.00      0.00      4.00      0.00      0.00      0.00      0.00      0.00
05:20:47 PM      0.00     44.80      0.00      0.00      3.80      0.00      0.00      0.00      0.00      0.00
05:20:52 PM      0.00    124.00      0.00      0.00      4.00      0.00      0.00      0.00      0.00      0.00
05:20:57 PM      0.00      5.60      0.00      0.00      0.60      0.00      0.00      0.00      0.00      0.00
05:21:02 PM      0.00      0.00      0.00      0.00      4.00      0.00      0.00      0.00      0.00      0.00
05:21:07 PM      0.00      0.00      0.00      0.00      3.80      0.00      0.00      0.00      0.00      0.00
05:21:12 PM      0.00      0.00      0.00      0.00      3.80      0.00      0.00      0.00      0.00      0.00
05:21:17 PM      0.00      0.00      0.00      0.00      4.00      0.00      0.00      0.00      0.00      0.00
05:21:22 PM      0.00     44.80      0.00      0.00      3.80      0.00      0.00      0.00      0.00      0.00
05:21:27 PM      0.00    143.20      0.00      0.00      1.00      0.00      0.00      0.00      0.00      0.00
05:21:32 PM      0.00      4.00      0.00      0.00      3.80      0.00      0.00      0.00      0.00      0.00
05:21:37 PM      0.00      0.00      0.00      0.00      4.00      0.00      0.00      0.00      0.00      0.00
05:21:42 PM      0.00      0.00      0.00      0.00      3.80      0.00      0.00      0.00      0.00      0.00
05:21:47 PM      0.00      0.00      0.00      0.00      3.80      0.00      0.00      0.00      0.00      0.00
05:21:52 PM      0.00      0.00      0.00      0.00      4.00      0.00      0.00      0.00      0.00      0.00
05:21:57 PM      0.00     44.80      0.00      0.00      0.60      0.00      0.00      0.00      0.00      0.00
05:22:02 PM      6.40    156.00      0.00      0.00      4.00      0.00      0.00      0.00      0.00      0.00
05:22:07 PM      0.00      4.80      0.00      0.00      3.80      0.00      0.00      0.00      0.00      0.00
05:22:12 PM      0.00      0.00      0.00      0.00      4.00      0.00      0.00      0.00      0.00      0.00
05:22:17 PM      0.00      0.00      0.00      0.00      3.80      0.00      0.00      0.00      0.00      0.00
05:22:22 PM      0.00      0.00      0.00      0.00      5.00      0.00      0.00      0.00      0.00      0.00
05:22:27 PM      0.00      0.00      0.00      0.00      1.20      0.00      0.00      0.00      0.00      0.00
05:22:32 PM      0.00     96.00      6.00      0.00      5.80      0.00      0.00      0.00      0.00      0.00
05:22:37 PM     22.40    279.20      5.80      0.00      5.00      0.00      0.00      0.00      0.00      0.00
05:22:42 PM      0.00      4.00      0.00      0.00      4.20      0.00      0.00      0.00      0.00      0.00
05:22:47 PM      0.00      0.00      0.00      0.00      4.00      0.00      0.00      0.00      0.00      0.00
05:22:52 PM      0.00      0.00      0.00      0.00      5.00      0.00      0.00      0.00      0.00      0.00
05:22:57 PM      0.00      0.00      0.00      0.00      1.00      0.00      0.00      0.00      0.00      0.00
05:23:02 PM      0.00     99.20      0.00      0.00      4.00      0.00      0.00      0.00      0.00      0.00
05:23:07 PM      0.00    162.40      0.00      0.00      4.00      0.00      0.00      0.00      0.00      0.00
05:23:12 PM      0.00      0.00      0.00      0.00      4.20      0.00      0.00      0.00      0.00      0.00
05:23:17 PM      0.00      5.60      0.00      0.00      3.80      0.00      0.00      0.00      0.00      0.00
05:23:22 PM      0.00      0.00      0.00      0.00      4.00      0.00      0.00      0.00      0.00      0.00
05:23:27 PM      0.00      0.00      0.00      0.00      0.60      0.00      0.00      0.00      0.00      0.00
05:23:32 PM      0.00      0.00      0.00      0.00      4.20      0.00      0.00      0.00      0.00      0.00
05:23:37 PM      0.00     44.80      0.00      0.00      3.80      0.00      0.00      0.00      0.00      0.00
05:23:42 PM      0.00      0.00      0.00      0.00      4.00      0.00      0.00      0.00      0.00      0.00
05:23:47 PM      3.20    162.40      0.00      0.00      3.80      0.00      0.00      0.00      0.00      0.00
05:23:52 PM      0.00      4.00      0.00      0.00      1.40      0.00      0.00      0.00      0.00      0.00
05:23:57 PM      0.00      0.00      0.00      0.00      6.60      0.00      0.00      0.00      0.00      0.00
05:24:02 PM      0.00      0.00      0.00      0.00      3.80      0.00      0.00      0.00      0.00      0.00
05:24:07 PM      0.00      0.00    565.40      0.00    392.40      0.00      0.00      0.00      0.00      0.00
05:24:12 PM      0.00      0.00      0.00      0.00      3.80      0.00      0.00      0.00      0.00      0.00
05:24:17 PM      0.00     64.00      0.00      0.00      4.00      0.00      0.00      0.00      0.00      0.00
05:24:22 PM      0.00    149.60      0.00      0.00      3.80      0.00      0.00      0.00      0.00      0.00
05:24:27 PM      0.00      4.00      0.00      0.00      0.80      0.00      0.00      0.00      0.00      0.00
05:24:32 PM      0.00      0.00      0.00      0.00      4.00      0.00      0.00      0.00      0.00      0.00
05:24:37 PM      0.00     36.00      0.00      0.00      4.00      0.00      0.00      0.00      0.00      0.00
05:24:42 PM      0.00      0.00      0.00      0.00      3.80      0.00      0.00      0.00      0.00      0.00
05:24:47 PM      0.00      0.00      1.40      0.00      3.80      0.00      0.00      0.00      0.00      0.00
05:24:52 PM      0.00     44.80      0.00      0.00      4.00      0.00      0.00      0.00      0.00      0.00
05:24:57 PM      0.00    156.00      0.40      0.00      0.60      0.00      0.00      0.00      0.00      0.00
05:25:02 PM      0.00      5.60      0.00      0.00      4.00      0.00      0.00      0.00      0.00      0.00
05:25:07 PM      0.00      0.00      1.40      0.00      3.80      0.00      0.00      0.00      0.00      0.00
05:25:12 PM      0.00      0.00      0.00      0.00    106.40      0.00      0.00      0.00      0.00      0.00
05:25:17 PM      0.00      0.00      0.00      0.00      3.80      0.00      0.00      0.00      0.00      0.00
05:25:22 PM      0.00      0.00      0.00      0.00      3.80      0.00      0.00      0.00      0.00      0.00
05:25:27 PM      0.00     44.80      0.00      0.00      0.80      0.00      0.00      0.00      0.00      0.00
05:25:32 PM      0.00    124.00      0.00      0.00      4.00      0.00      0.00      0.00      0.00      0.00
05:25:37 PM      0.00      5.60      0.00      0.00      4.00      0.00      0.00      0.00      0.00      0.00
05:25:42 PM      0.00      0.00      0.00      0.00      3.80      0.00      0.00      0.00      0.00      0.00
05:25:47 PM      0.00      0.00      0.00      0.00      4.00      0.00      0.00      0.00      0.00      0.00
05:25:52 PM      0.00      0.00      0.00      0.00      3.80      0.00      0.00      0.00      0.00      0.00
05:25:57 PM      0.00      0.00      0.20      0.00      0.80      0.00      0.00      0.00      0.00      0.00
05:26:02 PM      0.00     44.80      0.00      0.00      3.80      0.00      0.00      0.00      0.00      0.00
05:26:07 PM      0.00    143.20      0.40      0.00      3.80      0.00      0.00      0.00      0.00      0.00
05:26:12 PM      0.00      4.00      0.00      0.00      4.00      0.00      0.00      0.00      0.00      0.00
05:26:17 PM      0.00      0.00      0.00      0.00      3.80      0.00      0.00      0.00      0.00      0.00
05:26:22 PM      0.00      0.00      0.00      0.00      4.00      0.00      0.00      0.00      0.00      0.00
05:26:27 PM      0.00      0.00      0.00      0.00      0.60      0.00      0.00      0.00      0.00      0.00
05:26:32 PM      0.00      0.00      0.00      0.00      4.00      0.00      0.00      0.00      0.00      0.00
05:26:37 PM      0.00     44.80      0.00      0.00      4.00      0.00      0.00      0.00      0.00      0.00
05:26:42 PM      0.00    124.00      0.00      0.00      4.00      0.00      0.00      0.00      0.00      0.00
05:26:47 PM      0.00      4.00      0.00      0.00      3.80      0.00      0.00      0.00      0.00      0.00
05:26:52 PM      0.00      0.00      0.40      0.00      3.80      0.00      0.00      0.00      0.00      0.00
05:26:57 PM      0.00      0.00      0.00      0.00      0.80      0.00      0.00      0.00      0.00      0.00
05:27:02 PM      0.00      0.00      0.00      0.00      3.80      0.00      0.00      0.00      0.00      0.00
05:27:07 PM      0.00      0.00      0.00      0.00      4.00      0.00      0.00      0.00      0.00      0.00
05:27:12 PM      0.00     44.80      0.00      0.00      3.80      0.00      0.00      0.00      0.00      0.00
05:27:17 PM      0.00    143.20      0.00      0.00      4.00      0.00      0.00      0.00      0.00      0.00
05:27:22 PM      0.00      4.00      0.00      0.00      4.80      0.00      0.00      0.00      0.00      0.00
05:27:27 PM      0.00      0.00      0.00      0.00      1.20      0.00      0.00      0.00      0.00      0.00
05:27:32 PM      0.00      0.00      6.00      0.00      4.00      0.00      0.00      0.00      0.00      0.00
05:27:37 PM      0.00     52.00      0.20      0.00      6.00      0.00      0.00      0.00      0.00      0.00
05:27:42 PM      0.00     14.40      6.00      0.00      4.40      0.00      0.00      0.00      0.00      0.00
05:27:47 PM      0.00     76.80      0.00      0.00      4.00      0.00      0.00      0.00      0.00      0.00
05:27:52 PM      0.00    162.40      0.00      0.00      4.40      0.00      0.00      0.00      0.00      0.00
05:27:57 PM      0.00      4.80      0.00      0.00      0.60      0.00      0.00      0.00      0.00      0.00
05:28:02 PM      0.00     23.20      0.00      0.00      4.00      0.00      0.00      0.00      0.00      0.00
05:28:07 PM      0.00      0.00      0.00      0.00      4.00      0.00      0.00      0.00      0.00      0.00
05:28:12 PM      0.00      0.00      0.00      0.00      4.20      0.00      0.00      0.00      0.00      0.00
05:28:17 PM      0.00      0.00      0.00      0.00      3.99      0.00      0.00      0.00      0.00      0.00
05:28:22 PM      0.00    245.60      0.00      0.00      3.80      0.00      0.00      0.00      0.00      0.00
05:28:27 PM      0.00      0.00      0.00      0.00      0.80      0.00      0.00      0.00      0.00      0.00
05:28:32 PM      0.00      6.40      0.00      0.00      4.60      0.00      0.00      0.00      0.00      0.00
05:28:37 PM      0.00      0.00      0.00      0.00      4.20      0.00      0.00      0.00      0.00      0.00
05:28:42 PM      0.00      0.00      0.00      0.00      3.80      0.00      0.00      0.00      0.00      0.00
05:28:47 PM      0.00      0.00      0.00      0.00      4.00      0.00      0.00      0.00      0.00      0.00
05:28:52 PM      0.00     44.80      0.00      0.00      1.40      0.00      0.00      0.00      0.00      0.00
05:28:57 PM      0.00      0.00      0.00      0.00      6.60      0.00      0.00      0.00      0.00      0.00
05:29:02 PM      0.00    124.00      0.00      0.00      4.00      0.00      0.00      0.00      0.00      0.00
05:29:07 PM      0.00      4.00    281.80      0.00    215.80      0.00      0.00      0.00      0.00      0.00
05:29:12 PM      0.00      0.00      0.00      0.00      4.00      0.00      0.00      0.00      0.00      0.00
05:29:17 PM      0.00      0.00      0.00      0.00      3.80      0.00      0.00      0.00      0.00      0.00
05:29:22 PM      0.00      0.00      0.00      0.00      4.00      0.00      0.00      0.00      0.00      0.00
05:29:27 PM      0.00      0.00      0.00      0.00      0.80      0.00      0.00      0.00      0.00      0.00
05:29:32 PM      0.00     44.80      0.00      0.00      4.00      0.00      0.00      0.00      0.00      0.00
05:29:37 PM      0.00    156.00      0.00      0.00      4.00      0.00      0.00      0.00      0.00      0.00
05:29:42 PM      0.00      4.80      0.00      0.00      3.80      0.00      0.00      0.00      0.00      0.00
05:29:47 PM      0.00      0.00      0.00      0.00      4.00      0.00      0.00      0.00      0.00      0.00
05:29:52 PM      0.00      0.00      0.00      0.00      3.80      0.00      0.00      0.00      0.00      0.00
05:29:57 PM      0.00      0.00      0.00      0.00      0.80      0.00      0.00      0.00      0.00      0.00
05:30:02 PM      0.00      0.00      0.00      0.00      3.80      0.00      0.00      0.00      0.00      0.00
05:30:07 PM      0.00     44.80      0.00      0.00      4.00      0.00      0.00      0.00      0.00      0.00
05:30:12 PM      0.00    124.00      0.00      0.00      3.80      0.00      0.00      0.00      0.00      0.00
05:30:17 PM      0.00      4.00      0.00      0.00      4.00      0.00      0.00      0.00      0.00      0.00
05:30:22 PM      0.00      0.00      0.00      0.00      3.80      0.00      0.00      0.00      0.00      0.00
05:30:27 PM      0.00      0.00      0.00      0.00      0.60      0.00      0.00      0.00      0.00      0.00
05:30:32 PM      0.00      0.00      0.00      0.00      4.00      0.00      0.00      0.00      0.00      0.00
05:30:37 PM      0.00      0.00      0.00      0.00      3.80      0.00      0.00      0.00      0.00      0.00
05:30:42 PM      0.00     44.80      0.00      0.00      4.20      0.00      0.00      0.00      0.00      0.00
05:30:47 PM      0.00    143.20      0.00      0.00      3.80      0.00      0.00      0.00      0.00      0.00
05:30:52 PM      0.00      4.80      0.00      0.00      4.00      0.00      0.00      0.00      0.00      0.00
05:30:57 PM      0.00      0.00      0.00      0.00      0.60      0.00      0.00      0.00      0.00      0.00
05:31:02 PM      0.00      0.00      0.00      0.00      3.80      0.00      0.00      0.00      0.00      0.00
05:31:07 PM      0.00      0.00      0.00      0.00      4.00      0.00      0.00      0.00      0.00      0.00
05:31:12 PM      0.00      0.00      0.00      0.00      3.80      0.00      0.00      0.00      0.00      0.00
05:31:17 PM      0.00     44.80      0.00      0.00      4.00      0.00      0.00      0.00      0.00      0.00
05:31:22 PM      0.00    124.00      0.00      0.00      3.80      0.00      0.00      0.00      0.00      0.00
05:31:27 PM      0.00      4.80      0.00      0.00      0.80      0.00      0.00      0.00      0.00      0.00
05:31:32 PM      0.00      0.00      0.00      0.00      3.80      0.00      0.00      0.00      0.00      0.00
05:31:37 PM      0.00      0.00      0.00      0.00      4.00      0.00      0.00      0.00      0.00      0.00
05:31:42 PM      0.00      0.00      0.00      0.00      4.00      0.00      0.00      0.00      0.00      0.00
05:31:47 PM      0.00      0.00      0.00      0.00      3.80      0.00      0.00      0.00      0.00      0.00
05:31:52 PM      0.00     44.80      0.00      0.00      4.00      0.00      0.00      0.00      0.00      0.00
05:31:57 PM      0.00    143.20      0.00      0.00      0.60      0.00      0.00      0.00      0.00      0.00
05:32:02 PM      0.00      4.00      0.00      0.00      4.00      0.00      0.00      0.00      0.00      0.00
05:32:07 PM      0.00      0.00      0.00      0.00      3.80      0.00      0.00      0.00      0.00      0.00
05:32:12 PM      0.00      0.00      0.00      0.00      4.00      0.00      0.00      0.00      0.00      0.00
05:32:17 PM      0.00      0.00      0.00      0.00      3.80      0.00      0.00      0.00      0.00      0.00
05:32:22 PM      0.00      0.00      0.00      0.00      5.00      0.00      0.00      0.00      0.00      0.00
05:32:27 PM      0.00     44.80      0.00      0.00      1.00      0.00      0.00      0.00      0.00      0.00
05:32:32 PM      0.00    124.00      5.80      0.00      4.20      0.00      0.00      0.00      0.00      0.00
05:32:37 PM      0.00      5.60      0.00      0.00      4.20      0.00      0.00      0.00      0.00      0.00
05:32:42 PM      0.00     44.00      5.60      0.00      6.00      0.00      0.00      0.00      0.00      0.00
05:32:47 PM      0.00      0.00      0.00      0.00      4.20      0.00      0.00      0.00      0.00      0.00
05:32:52 PM      0.00      0.00      1.80      0.00      4.20      0.00      0.00      0.00      0.00      0.00
05:32:57 PM      0.00      0.00      0.00      0.00      0.80      0.00      0.00      0.00      0.00      0.00
05:33:02 PM      0.00    204.00      0.00      0.00      3.80      0.00      0.00      0.00      0.00      0.00
05:33:07 PM      0.00      0.00      0.00      0.00      4.00      0.00      0.00      0.00      0.00      0.00
05:33:12 PM      0.00      4.80      0.00      0.00      4.20      0.00      0.00      0.00      0.00      0.00
05:33:17 PM      0.00      0.00      0.00      0.00      3.80      0.00      0.00      0.00      0.00      0.00
05:33:22 PM      0.00      0.00      0.00      0.00      4.00      0.00      0.00      0.00      0.00      0.00
05:33:27 PM      0.00      0.00      0.00      0.00      0.60      0.00      0.00      0.00      0.00      0.00
05:33:32 PM      0.00    143.20      0.00      0.00      4.00      0.00      0.00      0.00      0.00      0.00
05:33:37 PM      0.00      0.00      0.00      0.00      3.80      0.00      0.00      0.00      0.00      0.00
05:33:42 PM      0.00      0.00      0.00      0.00      4.00      0.00      0.00      0.00      0.00      0.00
05:33:47 PM      0.00      4.00      0.00      0.00      4.00      0.00      0.00      0.00      0.00      0.00
05:33:52 PM      0.00      0.00      0.00      0.00      1.40      0.00      0.00      0.00      0.00      0.00
05:33:57 PM      0.00      0.00      0.00      0.00      6.60      0.00      0.00      0.00      0.00      0.00
05:34:02 PM      0.00      0.00      0.00      0.00      3.80      0.00      0.00      0.00      0.00      0.00
05:34:07 PM      0.00      0.00    283.20      0.00    213.60      0.00      0.00      0.00      0.00      0.00
05:34:12 PM      0.00      0.00      0.00      0.00      3.80      0.00      0.00      0.00      0.00      0.00
05:34:17 PM      0.00    194.40      0.00      0.00      4.00      0.00      0.00      0.00      0.00      0.00
05:34:22 PM      0.00      4.80      0.00      0.00      3.80      0.00      0.00      0.00      0.00      0.00
05:34:27 PM      0.00      0.00      0.00      0.00      0.80      0.00      0.00      0.00      0.00      0.00
05:34:32 PM      0.00      0.00      0.00      0.00      3.80      0.00      0.00      0.00      0.00      0.00
05:34:37 PM      0.00      0.00      0.00      0.00      3.80      0.00      0.00      0.00      0.00      0.00
05:34:42 PM      0.00      0.00      0.00      0.00      4.00      0.00      0.00      0.00      0.00      0.00
05:34:47 PM      0.00     44.80      0.00      0.00      4.00      0.00      0.00      0.00      0.00      0.00
05:34:52 PM      0.00    130.40      0.00      0.00      4.00      0.00      0.00      0.00      0.00      0.00
05:34:57 PM      0.00      4.00      0.00      0.00      0.60      0.00      0.00      0.00      0.00      0.00
05:35:02 PM      0.00      0.00      0.00      0.00      4.00      0.00      0.00      0.00      0.00      0.00
05:35:07 PM      0.00      0.00      0.00      0.00      3.80      0.00      0.00      0.00      0.00      0.00
05:35:12 PM      0.00      0.00      0.00      0.00      4.00      0.00      0.00      0.00      0.00      0.00
05:35:17 PM      0.00      0.00      0.00      0.00      3.80      0.00      0.00      0.00      0.00      0.00
05:35:22 PM      0.00     44.80      0.00      0.00      3.80      0.00      0.00      0.00      0.00      0.00
05:35:27 PM      0.00    149.60      0.00      0.00      0.60      0.00      0.00      0.00      0.00      0.00
05:35:32 PM      0.00      4.00      0.00      0.00      4.00      0.00      0.00      0.00      0.00      0.00
05:35:37 PM      0.00      0.00      0.00      0.00      4.00      0.00      0.00      0.00      0.00      0.00
05:35:42 PM      0.00      0.00      0.00      0.00      3.80      0.00      0.00      0.00      0.00      0.00
05:35:47 PM      0.00      0.00      0.00      0.00      4.20      0.00      0.00      0.00      0.00      0.00
05:35:52 PM      0.00      0.00      0.00      0.00      3.80      0.00      0.00      0.00      0.00      0.00
05:35:57 PM      0.00     44.80      0.00      0.00      0.60      0.00      0.00      0.00      0.00      0.00
05:36:02 PM      0.00    124.00      0.00      0.00      4.00      0.00      0.00      0.00      0.00      0.00
05:36:07 PM      0.00      7.20      0.00      0.00      3.80      0.00      0.00      0.00      0.00      0.00
05:36:12 PM      0.00      0.00      0.00      0.00      4.00      0.00      0.00      0.00      0.00      0.00
05:36:17 PM      0.00      0.00      0.00      0.00      3.80      0.00      0.00      0.00      0.00      0.00
05:36:22 PM      0.00      0.00      0.00      0.00      4.00      0.00      0.00      0.00      0.00      0.00
05:36:27 PM      0.00      0.00      0.00      0.00      0.40      0.00      0.00      0.00      0.00      0.00
05:36:32 PM      0.00     44.80      0.00      0.00      4.20      0.00      0.00      0.00      0.00      0.00
05:36:37 PM      0.00    143.20      0.00      0.00      3.80      0.00      0.00      0.00      0.00      0.00
05:36:42 PM      0.00      4.00      0.00      0.00      4.00      0.00      0.00      0.00      0.00      0.00
05:36:47 PM      0.00      0.00      0.00      0.00      4.00      0.00      0.00      0.00      0.00      0.00
05:36:52 PM      0.00      0.00      0.00      0.00      3.80      0.00      0.00      0.00      0.00      0.00
05:36:57 PM      0.00      0.00      0.00      0.00      0.60      0.00      0.00      0.00      0.00      0.00
05:37:02 PM      0.00      0.00      0.00      0.00      4.00      0.00      0.00      0.00      0.00      0.00
05:37:07 PM      0.00     44.80      0.00      0.00      4.00      0.00      0.00      0.00      0.00      0.00
05:37:12 PM      0.00    124.00      0.00      0.00      3.80      0.00      0.00      0.00      0.00      0.00
05:37:17 PM      0.00      4.80      0.00      0.00      4.00      0.00      0.00      0.00      0.00      0.00
05:37:22 PM      0.00      0.00      0.00      0.00      4.80      0.00      0.00      0.00      0.00      0.00
05:37:27 PM      0.00      0.00      0.00      0.00      0.80      0.00      0.00      0.00      0.00      0.00
05:37:32 PM      0.00      0.00      5.80      0.00      4.40      0.00      0.00      0.00      0.00      0.00
05:37:37 PM      0.00      0.00      0.00      0.00      4.00      0.00      0.00      0.00      0.00      0.00
05:37:42 PM      0.00    128.00      0.20      0.00      5.40      0.00      0.00      0.00      0.00      0.00
05:37:47 PM      0.00    181.60      0.40      0.00      3.80      0.00      0.00      0.00      0.00      0.00
05:37:52 PM      0.00     18.40      5.80      0.00      5.40      0.00      0.00      0.00      0.00      0.00
05:37:57 PM      0.00      0.00      0.00      0.00      0.40      0.00      0.00      0.00      0.00      0.00
05:38:02 PM      0.00     22.40      0.00      0.00      4.80      0.00      0.00      0.00      0.00      0.00
05:38:07 PM      0.00      0.00      0.00      0.00      3.80      0.00      0.00      0.00      0.00      0.00
05:38:12 PM      0.00      0.00      0.00      0.00      3.80      0.00      0.00      0.00      0.00      0.00
05:38:17 PM      0.00     76.80      0.00      0.00      4.00      0.00      0.00      0.00      0.00      0.00
05:38:22 PM      0.00    149.60      0.00      0.00      3.80      0.00      0.00      0.00      0.00      0.00
05:38:27 PM      0.00      4.80      0.00      0.00      0.60      0.00      0.00      0.00      0.00      0.00
05:38:32 PM      0.00      0.00      0.00      0.00      4.00      0.00      0.00      0.00      0.00      0.00
05:38:37 PM      0.00      0.00      0.00      0.00      4.00      0.00      0.00      0.00      0.00      0.00
05:38:42 PM      0.00      0.00      0.00      0.00      3.80      0.00      0.00      0.00      0.00      0.00
05:38:47 PM      0.00      0.00      0.00      0.00      4.00      0.00      0.00      0.00      0.00      0.00
05:38:52 PM      0.00     44.80      0.00      0.00      1.60      0.00      0.00      0.00      0.00      0.00
05:38:57 PM      0.00    143.20      0.00      0.00      6.00      0.00      0.00      0.00      0.00      0.00
05:39:02 PM      0.00      4.00      0.00      0.00      4.20      0.00      0.00      0.00      0.00      0.00
05:39:07 PM      0.00      0.00      0.00      0.00      3.80      0.00      0.00      0.00      0.00      0.00
05:39:12 PM      0.00      0.00    282.60      0.00    211.00      0.00      0.00      0.00      0.00      0.00
05:39:17 PM      0.00      0.00      0.00      0.00      3.80      0.00      0.00      0.00      0.00      0.00
05:39:22 PM      0.00      0.00      0.00      0.00      4.00      0.00      0.00      0.00      0.00      0.00
05:39:27 PM      0.00     44.80      0.00      0.00      0.40      0.00      0.00      0.00      0.00      0.00
05:39:32 PM      0.00    124.00      0.00      0.00      4.20      0.00      0.00      0.00      0.00      0.00
05:39:37 PM      0.00      5.60      0.00      0.00      3.80      0.00      0.00      0.00      0.00      0.00
05:39:42 PM      0.00      0.00      0.00      0.00      3.80      0.00      0.00      0.00      0.00      0.00
05:39:47 PM      0.00      0.00      0.00      0.00      4.00      0.00      0.00      0.00      0.00      0.00
05:39:52 PM      0.00      0.00      0.00      0.00      4.00      0.00      0.00      0.00      0.00      0.00
05:39:57 PM      0.00      0.00      0.00      0.00      1.40      0.00      0.00      0.00      0.00      0.00
05:40:02 PM      0.00     44.80      0.00      0.00      4.00      0.00      0.00      0.00      0.00      0.00
05:40:07 PM      0.00    143.20      0.00      0.00      4.00      0.00      0.00      0.00      0.00      0.00
05:40:12 PM      0.00      4.00      0.00      0.00      3.80      0.00      0.00      0.00      0.00      0.00
05:40:17 PM      0.00      0.00      0.00      0.00      3.80      0.00      0.00      0.00      0.00      0.00
05:40:22 PM      0.00      0.00      0.00      0.00      4.00      0.00      0.00      0.00      0.00      0.00
05:40:27 PM      0.00      0.00      0.00      0.00      0.40      0.00      0.00      0.00      0.00      0.00
05:40:32 PM      0.00      0.00    544.00      0.00      4.20      0.00      0.00      0.00      0.00      0.00
05:40:37 PM      0.00     44.80      0.00      0.00      3.80      0.00      0.00      0.00      0.00      0.00
05:40:42 PM      0.00    124.00      0.00      0.00      4.00      0.00      0.00      0.00      0.00      0.00
05:40:47 PM      0.00      4.80      0.00      0.00      3.80      0.00      0.00      0.00      0.00      0.00
05:40:52 PM      0.00      0.00      0.00      0.00      4.00      0.00      0.00      0.00      0.00      0.00
05:40:57 PM      0.00      0.00      0.00      0.00      0.60      0.00      0.00      0.00      0.00      0.00
05:41:02 PM      0.00      0.00    399.60      0.00      4.00      0.00      0.00      0.00      0.00      0.00
05:41:07 PM      0.00      0.00      0.00      0.00      4.00      0.00      0.00      0.00      0.00      0.00
05:41:12 PM      0.00     44.80      0.00      0.00      3.80      0.00      0.00      0.00      0.00      0.00
05:41:17 PM      0.00    143.20      0.00      0.00      4.00      0.00      0.00      0.00      0.00      0.00
05:41:22 PM      0.00      4.80      0.00      0.00      3.80      0.00      0.00      0.00      0.00      0.00
05:41:27 PM      0.00      0.00      0.00      0.00      0.60      0.00      0.00      0.00      0.00      0.00
05:41:32 PM   1589.62 206925.35  50929.14    102.00  57014.97  54184.03   3289.62  56836.93      0.00      0.00
05:41:37 PM   1721.60      0.00     39.20     32.60      5.40      0.00      0.00      0.00      0.00      0.00
05:41:42 PM     14.40      0.00      1.20      0.60      6.40      0.00      0.00      0.00      0.00      0.00
05:41:47 PM      0.00     44.80      0.00      0.00      3.80      0.00      0.00      0.00      0.00      0.00
05:41:52 PM     10.40    124.00      0.20      0.20      4.00      0.00      0.00      0.00      0.00      0.00
05:41:57 PM      0.00      4.00      0.00      0.00      0.60      0.00      0.00      0.00      0.00      0.00
05:42:02 PM 142850.40 125400.80  35689.80  35689.60  33600.40 151089.20      0.00  32739.00      0.00      0.00
05:42:07 PM    118.40      0.00      0.80      0.80      3.80      0.00      0.00      0.00      0.00      0.00
05:42:12 PM      0.00      0.00      0.00      0.00      4.00      0.00      0.00      0.00      0.00      0.00
05:42:17 PM      0.00      0.00      0.00      0.00      3.80      0.00      0.00      0.00      0.00      0.00
05:42:22 PM    640.00     44.80     88.80     84.00     10.20      0.00      0.00      0.00      0.00      0.00
05:42:27 PM     16.00    143.20      6.20      5.60      2.40      0.00      0.00      0.00      0.00      0.00
05:42:32 PM 112936.00 118234.40  27726.60  27708.60  30878.20  84808.80      0.00  30868.80      0.00      0.00
05:42:37 PM     76.00      0.00     10.00      9.00      6.60      0.00      0.00      0.00      0.00      0.00
05:42:42 PM      2.40      0.00      1.00      0.60      4.80      0.00      0.00      0.00      0.00      0.00
05:42:47 PM      0.00      0.00      0.00      0.00      4.40      0.00      0.00      0.00      0.00      0.00
05:42:52 PM     16.00     65.60      6.80      0.80      5.00      0.00      0.00      0.00      0.00      0.00
05:42:57 PM    415.20     76.80    118.40    109.60      2.60      0.00      0.00      0.00      0.00      0.00
05:43:02 PM 108872.00  80388.80  26666.40  26650.00  25718.60  90705.60     16.80  25386.40      0.00      0.00
05:43:07 PM   4922.40  20290.40     41.40     60.00   5423.40   5084.20      0.00   5074.80      0.00      0.00
05:43:12 PM      0.00      0.00      0.00      0.00      3.80      0.00      0.00      0.00      0.00      0.00
05:43:17 PM     98.40      0.00     17.60     19.40    107.80      0.00      0.00      0.00      0.00      0.00
05:43:22 PM      6.40      0.00      4.00      1.60      4.00      0.00      0.00      0.00      0.00      0.00
05:43:27 PM    124.00      0.00      0.60     31.00    397.80      0.00      0.00      0.00      0.00      0.00
05:43:32 PM 163907.20 149982.40  40962.20  40962.00  37734.00  41436.40      0.00  37536.20      0.00      0.00
05:43:37 PM     85.60      7.20      3.40     21.40    362.60      0.00      0.00      0.00      0.00      0.00
05:43:42 PM      0.00      0.00      0.00      0.00      4.00      0.00      0.00      0.00      0.00      0.00
05:43:47 PM    684.80    181.60      5.00     30.40    671.40      0.00      0.00      0.00      0.00      0.00
05:43:52 PM    668.00      0.00     64.40     47.60      3.20      0.00      0.00      0.00      0.00      0.00
05:43:57 PM    262.40      0.00     14.20     58.20   1031.80      0.00      0.00      0.00      0.00      0.00
05:44:02 PM 128383.20 136435.20  32096.00  32095.80  34345.00  36791.60     25.60  34162.00      0.00      0.00
05:44:07 PM      1.60      0.00      2.40      0.40      4.00      0.00      0.00      0.00      0.00      0.00
05:44:12 PM   1835.20      4.00    325.60     62.20    438.00      0.00      0.00      0.00      0.00      0.00
05:44:17 PM      0.80      0.00      0.20      0.20      4.00      0.00      0.00      0.00      0.00      0.00
05:44:22 PM     89.60      0.00      0.00     22.40    209.00      0.00      0.00      0.00      0.00      0.00
05:44:27 PM      0.00      0.00      0.40      0.00      0.60      0.00      0.00      0.00      0.00      0.00
05:44:32 PM 106385.60 110860.00  26584.40  26639.80  28452.20  99388.80  46156.40  27863.60      0.00      0.00
05:44:37 PM     40.80      0.00     10.40      6.40      7.20      0.00      0.00      0.00      0.00      0.00
05:44:42 PM      0.00    290.40      0.00      0.00      4.00      0.00      0.00      0.00      0.00      0.00
05:44:47 PM      0.00      4.00      0.00      0.00      3.80      0.00      0.00      0.00      0.00      0.00
05:44:52 PM     12.00      0.00      3.00      3.00      4.00      0.00      0.00      0.00      0.00      0.00
05:44:57 PM    515.20      0.00    149.20    137.80      6.60      0.00      0.00      0.00      0.00      0.00
05:45:02 PM  93077.60  94912.80  23290.40  23290.20  24155.00  26082.80      0.00  24071.00      0.00      0.00
05:45:07 PM      4.00      0.00      1.00      1.00      3.80      0.00      0.00      0.00      0.00      0.00
05:45:12 PM    199.20      0.00      1.00     49.80    517.00      0.00      0.00      0.00      0.00      0.00
05:45:17 PM      0.00    162.40      0.00      0.00      3.80      0.00      0.00      0.00      0.00      0.00
05:45:22 PM    128.00      4.00      0.80     32.00    516.40      0.00      0.00      0.00      0.00      0.00
05:45:27 PM      0.00      0.00      0.00      0.00      0.60      0.00      0.00      0.00      0.00      0.00
05:45:32 PM  95000.80  80434.40  23764.80  23813.60  21700.00  21701.60      0.00  20288.60      0.00      0.00
05:45:37 PM     86.40      0.00      0.80      0.40      4.00      0.00      0.00      0.00      0.00      0.00
05:45:42 PM     89.60  15909.60      3.20     22.40   5209.20   5209.00      0.00   4001.40      0.00      0.00
05:45:47 PM      0.00     44.80      0.00      0.00      4.00      0.00      0.00      0.00      0.00      0.00
05:45:52 PM    335.20    143.20      0.40     39.20    705.20      0.00      0.00      0.00      0.00      0.00
05:45:57 PM      0.00      4.00      0.00      0.00      0.60      0.00      0.00      0.00      0.00      0.00
05:46:02 PM  96414.40  78621.60  24104.40  24103.60  22545.00  23867.00    100.20  21874.80      0.00      0.00
05:46:07 PM    176.00      0.00      6.80      6.60      9.80      0.00      0.00      0.00      0.00      0.00
05:46:12 PM      0.00      0.00      0.00      0.00      4.00      0.00      0.00      0.00      0.00      0.00
05:46:17 PM      0.00      0.00      0.00      0.00      3.80      0.00      0.00      0.00      0.00      0.00
05:46:22 PM      3.20     44.80      0.80      0.80      4.00      0.00      0.00      0.00      0.00      0.00
05:46:27 PM     22.40    124.00      0.00      0.00      0.40      0.00      0.00      0.00      0.00      0.00
05:46:32 PM  56515.20  48970.40  14108.80  14149.00  12779.00  12749.80      0.00  12318.20      0.00      0.00
05:46:37 PM      4.80      0.00      1.00      1.00      3.80      0.00      0.00      0.00      0.00      0.00
05:46:42 PM     39.20      0.00      0.20      9.80    106.40      0.00      0.00      0.00      0.00      0.00
05:46:47 PM    715.20      0.00      2.00      2.00      5.60      0.00      0.00      0.00      0.00      0.00
05:46:52 PM     41.60      0.00      0.60     10.40    106.40      0.00      0.00      0.00      0.00      0.00
05:46:57 PM   2137.60  20336.00     37.60     22.80   5072.00   5107.40      0.00   5071.40      0.00      0.00
05:47:02 PM  61858.40  58604.00  15458.00  15466.60  14801.20  15580.20      0.00  14660.40      0.00      0.00
05:47:07 PM      0.00      5.60      0.00      0.00      4.00      0.00      0.00      0.00      0.00      0.00
05:47:12 PM    120.00      0.00      0.00     30.00    311.60      0.00      0.00      0.00      0.00      0.00
05:47:17 PM      0.00      0.00      0.00      0.00      4.00      0.00      0.00      0.00      0.00      0.00
05:47:22 PM   1143.20      0.00     46.80     38.20     27.60      0.00      0.00      0.00      0.00      0.00
05:47:27 PM    482.40      0.00      4.80      4.00      0.80      0.00      0.00      0.00      0.00      0.00
05:47:32 PM 134305.60 123371.20  32838.60  32818.40  31711.20  35141.00      0.00  31456.60      0.00      0.00
05:47:37 PM     28.80    175.20      6.40      2.60      6.20      0.00      0.00      0.00      0.00      0.00
05:47:42 PM      3.20      0.00      1.40      0.80      4.20      0.00      0.00      0.00      0.00      0.00
05:47:47 PM     39.20      0.00      2.00      2.00      4.20      0.00      0.00      0.00      0.00      0.00
05:47:52 PM     86.40     37.60      1.60      0.60      5.20      0.00      0.00      0.00      0.00      0.00
05:47:57 PM      0.00      0.00      0.00      0.00      0.40      0.00      0.00      0.00      0.00      0.00
05:48:02 PM  74268.80  70204.00  18543.60  18543.40  17793.80  18390.20      0.00  17696.20      0.00      0.00
05:48:07 PM    983.20  20432.00     26.80     19.00   5085.00   5076.60      0.00   5075.60      0.00      0.00
05:48:12 PM      0.00      0.00      0.00      0.00      4.60      0.00      0.00      0.00      0.00      0.00
05:48:17 PM      0.00      0.00      0.00      0.00      4.00      0.00      0.00      0.00      0.00      0.00
05:48:22 PM      0.00      0.00      0.00      0.00      3.80      0.00      0.00      0.00      0.00      0.00
05:48:27 PM      0.00      0.00      0.00      0.00      0.60      0.00      0.00      0.00      0.00      0.00
05:48:32 PM  40578.40  19340.00  10168.80  10168.80   6464.40   8407.80      6.60   6360.80      0.00      0.00
05:48:37 PM   1125.60      0.00      2.20     73.60    824.80      0.00      0.00      0.00      0.00      0.00
05:48:42 PM      0.00      4.80      0.00      0.00      3.80      0.00      0.00      0.00      0.00      0.00
05:48:47 PM    152.80      0.00      0.80     38.20    414.80      0.00      0.00      0.00      0.00      0.00
05:48:52 PM   4371.20  20628.80     33.80     19.80   5650.60   5193.20      0.00   5171.80      0.00      0.00
05:48:57 PM    815.20      0.00     74.20     93.40   2617.80      0.00      0.00      0.00      0.00      0.00
05:49:02 PM  98312.97  81721.36  24599.00  24598.80  20872.85  77615.97      0.00  20755.09      0.00      0.00
05:49:07 PM     19.20      0.00      0.60      0.60      5.60      0.00      0.00      0.00      0.00      0.00
05:49:12 PM   2796.80  10451.20    330.80     38.40   2808.80   2599.40      0.00   2580.40      0.00      0.00
05:49:17 PM      0.00      0.00      0.00      0.00      3.80      0.00      0.00      0.00      0.00      0.00
05:49:22 PM      0.00      0.00      0.00      0.00      4.00      0.00      0.00      0.00      0.00      0.00
05:49:27 PM      0.00      5.60      2.80      0.00   1204.60      0.00      0.00      0.00      0.00      0.00
05:49:32 PM  74812.80  71848.80  18727.20  18727.00  18201.60  21041.60      0.00  18057.60      0.00      0.00
05:49:37 PM      2.40      0.00      0.60      0.60      4.00      0.00      0.00      0.00      0.00      0.00
05:49:42 PM      0.80      0.00      0.20      0.20      3.80      0.00      0.00      0.00      0.00      0.00
05:49:47 PM      0.00      0.00      0.00      0.00      4.00      0.00      0.00      0.00      0.00      0.00
05:49:52 PM      0.00      0.00      0.00      0.00      3.80      0.00      0.00      0.00      0.00      0.00
05:49:57 PM     52.80    226.40      0.60      0.60      7.60      0.00      0.00      0.00      0.00      0.00
05:50:02 PM 110954.40 121594.40  27738.60  27738.60  30668.40  38047.60      0.00  30527.60      0.00      0.00
05:50:07 PM      1.60      0.00      0.40      0.40      4.20      0.00      0.00      0.00      0.00      0.00
05:50:12 PM     20.80      0.00      1.20      0.80      5.60      0.00      0.00      0.00      0.00      0.00
05:50:17 PM      0.80      0.00      0.20      0.20      3.80      0.00      0.00      0.00      0.00      0.00
05:50:22 PM      5.60      0.00      1.40      1.40      4.00      0.00      0.00      0.00      0.00      0.00
05:50:27 PM      0.00      0.00      0.00      0.00      0.40      0.00      0.00      0.00      0.00      0.00
05:50:32 PM  46309.60  28112.00  11575.00  11575.00   7651.40 112433.40      0.00   7609.40      0.00      0.00
05:50:37 PM    170.40      4.00      1.20     42.60    573.40      0.00      0.00      0.00      0.00      0.00
05:50:42 PM      0.00      0.00      0.00      0.00      4.00      0.00      0.00      0.00      0.00      0.00
05:50:47 PM     72.80      0.00      0.40     18.20    209.00      0.00      0.00      0.00      0.00      0.00
05:50:52 PM      1.60      0.00      0.80      0.80      4.20      0.00      0.00      0.00      0.00      0.00
05:50:57 PM    904.80    329.60    142.20    173.60   1503.00  64247.80      0.00    922.80      0.00      0.00
05:51:02 PM  75585.60  71859.20  18697.40  18697.40  19234.20  19585.60      0.00  19130.00      0.00      0.00
05:51:07 PM   3515.20    130.40     14.00      6.60      4.20      0.00      0.00      0.00      0.00      0.00
05:51:12 PM     34.40      0.00      1.40      1.20    556.00      0.00      0.00      0.00      0.00      0.00
05:51:17 PM    812.00  20302.40      4.80      1.40   5080.00   5082.00      0.00   5076.00      0.00      0.00
05:51:22 PM      0.00      0.00      0.00      0.00      3.80      0.00      0.00      0.00      0.00      0.00
05:51:27 PM      0.00      0.00      0.40      0.00      0.60      0.00      0.00      0.00      0.00      0.00
05:51:32 PM  82074.40  63892.80  20560.00  20560.00  16124.80  21648.40      0.00  16014.00      0.00      0.00
05:51:37 PM      0.80      0.00      0.20      0.20      4.00      0.00      0.00      0.00      0.00      0.00
05:51:42 PM      0.00      0.00      0.40      0.00     68.40      0.00      0.00      0.00      0.00      0.00
05:51:47 PM      5.60      0.00      1.40      1.40      3.80      0.00      0.00      0.00      0.00      0.00
05:51:52 PM      1.60      0.00      0.80      0.60      4.00      0.00      0.00      0.00      0.00      0.00
05:51:57 PM      6.40    143.20      0.00      0.00      0.40      0.00      0.00      0.00      0.00      0.00
05:52:02 PM  78915.20  78684.00  19723.00  19721.20  20001.60  46624.80     12.80  19850.80      0.00      0.00
05:52:07 PM    355.20      0.00      4.80      1.80      3.80      0.00      0.00      0.00      0.00      0.00
05:52:12 PM      6.40      0.00      1.60      1.60      4.20      0.00      0.00      0.00      0.00      0.00
05:52:17 PM      4.80      0.00      1.20      1.20      3.80      0.00      0.00      0.00      0.00      0.00
05:52:22 PM   2257.60      0.00     87.60     65.60     16.80      0.00      0.00      0.00      0.00      0.00
05:52:27 PM     24.80      0.00      9.00      7.80      2.20      0.00      0.00      0.00      0.00      0.00
05:52:32 PM  12925.60  26281.60   2032.20   2003.60   7472.40   8662.20      0.00   7414.00      0.00      0.00
05:52:37 PM    116.80      4.80      4.60      2.80      4.60      0.00      0.00      0.00      0.00      0.00
05:52:42 PM     94.40      0.00      1.00     23.60    634.20      0.00      0.00      0.00      0.00      0.00
05:52:47 PM      2.40      0.00      0.60      0.60      4.00      0.00      0.00      0.00      0.00      0.00
05:52:52 PM    236.80    448.00      5.00     31.40    502.00      0.00      0.00    102.60      0.00      0.00
05:52:57 PM    518.40      0.00    147.00    138.60     12.00      0.00      0.00      0.00      0.00      0.00
05:53:02 PM  63489.60  61012.80  15855.00  15871.60  15486.20  15372.80      0.00  15223.40      0.00      0.00
05:53:07 PM    649.60    168.80     27.80     18.60      4.80      0.00      0.00      0.00      0.00      0.00
05:53:12 PM    144.00      0.00      0.20     36.00    510.60      0.00      0.00      0.00      0.00      0.00
05:53:17 PM      0.00      0.00      0.00      0.00      3.80      0.00      0.00      0.00      0.00      0.00
05:53:22 PM    187.20      0.00      0.00     46.80    591.40      0.00      0.00      0.00      0.00      0.00
05:53:27 PM      0.00      0.00      0.00      0.00      0.40      0.00      0.00      0.00      0.00      0.00
05:53:32 PM  87953.60  80430.40  21945.60  21981.60  22444.00  22703.40      0.00  21729.60      0.00      0.00
05:53:37 PM     29.60      4.00      3.60      0.20      5.40      0.00      0.00      0.00      0.00      0.00
05:53:42 PM    123.20      0.00      0.00     30.80    311.80      0.00      0.00      0.00      0.00      0.00
05:53:47 PM    776.80      0.00      0.80      0.80      4.60      0.00      0.00      0.00      0.00      0.00
05:53:52 PM   4966.40      0.00     41.20     31.40    115.20      0.00      0.00      0.00      0.00      0.00
05:53:57 PM     40.00      0.00     11.80      5.60      7.00      0.00      0.00      0.00      0.00      0.00
05:54:02 PM  36803.20  37767.20   9139.40   9179.40  10566.60  10769.60      0.00  10116.80      0.00      0.00
05:54:07 PM    443.20    124.00      1.60      0.80     21.00      0.00      0.00      0.00      0.00      0.00
05:54:12 PM   2601.60      4.80    338.40     57.00    354.60      0.00      0.00      0.00      0.00      0.00
05:54:17 PM      0.00      0.00      0.00      0.00      4.00      0.00      0.00      0.00      0.00      0.00
05:54:22 PM     25.60      0.00      0.00      6.40    218.40      0.00      0.00      0.00      0.00      0.00
05:54:27 PM      0.00      0.00      0.00      0.00      0.60      0.00      0.00      0.00      0.00      0.00
05:54:32 PM  16899.20  24449.60   4199.60   4225.40   6795.60  51995.80      0.00   6425.80      0.00      0.00
05:54:37 PM      1.60      0.00      0.00      0.00      3.80      0.00      0.00      0.00      0.00      0.00
05:54:42 PM     48.80    111.20      0.20     11.40    106.60      0.00      0.00      0.00      0.00      0.00
05:54:47 PM      0.00      0.00      0.00      0.00      3.80      0.00      0.00      0.00      0.00      0.00
05:54:52 PM      0.00      0.00      0.00      0.00      4.00      0.00      0.00      0.00      0.00      0.00
05:54:57 PM   1011.20      0.00    170.00    181.80    670.80      0.00      0.00      0.00      0.00      0.00
05:55:02 PM  59269.60  49700.80  14829.80  14829.80  14412.00  71603.00      0.00  14360.20      0.00      0.00
05:55:07 PM    959.20      4.00      8.60     28.40    311.60      0.00      0.00      0.00      0.00      0.00
05:55:12 PM      4.00     38.40      1.00      1.00      4.00      0.00      0.00      0.00      0.00      0.00
05:55:17 PM     37.60      0.00      0.20      9.40    206.80      0.00      0.00      0.00      0.00      0.00
05:55:22 PM      0.00      0.00      0.00      0.00      3.80      0.00      0.00      0.00      0.00      0.00
05:55:27 PM     29.60    168.80      0.20      0.20      0.60      0.00      0.00      0.00      0.00      0.00
05:55:32 PM  87911.20  82498.40  22019.80  22019.80  21507.20  24381.20     13.00  21431.60      0.00      0.00
05:55:37 PM   3632.80     38.40    908.40    908.40     29.80      0.00      0.00      0.00      0.00      0.00
05:55:42 PM      0.00      0.00      0.00      0.00      3.80      0.00      0.00      0.00      0.00      0.00
05:55:47 PM   2716.00   7186.40      6.20      2.00   1802.00   2173.80      0.00   1798.00      0.00      0.00
05:55:52 PM    846.40      0.00      4.20      1.40      3.80      0.00      0.00      0.00      0.00      0.00
05:55:57 PM    182.40      0.00      1.00      0.80      0.40      0.00      0.00      0.00      0.00      0.00
05:56:02 PM  57544.00  59384.80  14385.20  14385.20  15055.40  15033.00     25.60  14927.80      0.00      0.00
05:56:07 PM     32.00    124.00      4.00      4.00      6.80      0.00      0.00      0.00      0.00      0.00
05:56:12 PM      0.00      0.00      0.00      0.00      4.00      0.00      0.00      0.00      0.00      0.00
05:56:17 PM      0.00      0.00      0.00      0.00      4.00      0.00      0.00      0.00      0.00      0.00
05:56:22 PM      3.20      0.00      0.80      0.80      4.00      0.00      0.00      0.00      0.00      0.00
05:56:27 PM      0.00      0.00      0.00      0.00      0.40      0.00      0.00      0.00      0.00      0.00
05:56:32 PM  72437.60  67443.20  18121.20  18121.00  16970.00  53382.00     39.00  16943.40      0.00      0.00
05:56:37 PM    490.40    148.00     87.60    121.00    520.00      0.00      0.00      0.00      0.00      0.00
05:56:42 PM      0.80      0.00      0.20      0.20      3.80      0.00      0.00      0.00      0.00      0.00
05:56:47 PM    126.40      0.00      1.80     31.60    607.00      0.00      0.00      0.00      0.00      0.00
05:56:52 PM      2.40      0.00      0.80      0.60      3.80      0.00      0.00      0.00      0.00      0.00
05:56:57 PM   1642.40      0.00    137.60    125.00    210.20      0.00      0.00      0.00      0.00      0.00
05:57:02 PM  73807.20  76128.00  18460.20  18460.20  19122.60  20662.40      0.00  19080.20      0.00      0.00
05:57:07 PM  12598.40  15776.00   3042.40   3051.80   4842.20   5013.00      0.00   4652.20      0.00      0.00
05:57:12 PM      0.00      0.00      0.00      0.00      3.80      0.00      0.00      0.00      0.00      0.00
05:57:17 PM     45.60      0.00      0.00     11.40    106.80      0.00      0.00      0.00      0.00      0.00
05:57:22 PM   4605.60      0.00     84.00     64.60     20.00      0.00      0.00      0.00      0.00      0.00
05:57:27 PM    621.60      0.00      7.40     35.00    310.20      0.00      0.00      0.00      0.00      0.00
05:57:32 PM   2064.00  20377.60     56.80     31.20   5156.20   5196.40      0.00   5144.40      0.00      0.00
05:57:37 PM    123.20    179.20      5.00     22.00    407.80      0.00      0.00      0.00      0.00      0.00
05:57:42 PM      4.80      0.00      3.00      2.80      4.40      0.00      0.00      0.00      0.00      0.00
05:57:47 PM      1.60      0.00      0.40      0.40      4.00      0.00      0.00      0.00      0.00      0.00
05:57:52 PM     94.40     51.20      4.60      2.60      5.40      0.00      0.00      0.00      0.00      0.00
05:57:57 PM      0.00      0.00      0.00      0.00      0.40      0.00      0.00      0.00      0.00      0.00
05:58:02 PM  47597.60  26474.40  11898.40  11898.40   7129.40   7564.20      0.00   6992.80      0.00      0.00
05:58:07 PM   8060.00  11200.00   1875.80   1867.20   3163.00   3231.40      0.00   3135.00      0.00      0.00
05:58:12 PM      0.00      0.00      0.00      0.00      3.80      0.00      0.00      0.00      0.00      0.00
05:58:17 PM      0.00      0.00      0.00      0.00      4.20      0.00      0.00      0.00      0.00      0.00
05:58:22 PM      0.00      0.00      0.00      0.00      3.80      0.00      0.00      0.00      0.00      0.00
05:58:27 PM      0.00      0.00      0.00      0.00      0.60      0.00      0.00      0.00      0.00      0.00
05:58:32 PM  40262.40  34109.60  10068.00  10067.80   9036.80  47213.60     77.60   9032.20      0.00      0.00
05:58:37 PM  39127.20  45815.20   8823.20   8813.40  12281.40  12892.20      0.00  12181.80      0.00      0.00
05:58:42 PM     33.60      0.00      0.60      7.40    106.40      0.00      0.00      0.00      0.00      0.00
05:58:47 PM      0.00      0.00      0.00      0.00      3.80      0.00      0.00      0.00      0.00      0.00
05:58:52 PM   3374.40      0.00     48.00     53.00    337.60      0.00      0.00      0.00      0.00      0.00
05:58:57 PM    722.40    130.40    182.00    160.60     18.40      0.00      0.00      0.00      0.00      0.00
05:59:02 PM  28198.40  20703.20   7003.60   7047.80   6233.60   6044.60      0.00   5413.60      0.00      0.00
05:59:07 PM  29973.60  29806.40   7366.80   7365.60   8187.60   8796.60      0.00   8100.80      0.00      0.00
05:59:12 PM   2460.80  20280.00    341.40     43.20   5187.20   5069.00      0.00   5069.00      0.00      0.00
05:59:17 PM      0.00      0.00      0.00      0.00      3.80      0.00      0.00      0.00      0.00      0.00
05:59:22 PM      0.80      0.00      0.20      0.20      4.20      0.00      0.00      0.00      0.00      0.00
05:59:27 PM      1.60     44.80      0.40      0.40      0.60      0.00      0.00      0.00      0.00      0.00
05:59:32 PM   1684.00      0.00    409.80    409.60      4.00      0.00      0.00      0.00      0.00      0.00
05:59:37 PM    104.80      0.00     26.20     26.20      4.60      0.00      0.00      0.00      0.00      0.00
05:59:42 PM     25.60    130.40      0.00      0.00      3.80      0.00      0.00      0.00      0.00      0.00
05:59:47 PM      0.80      4.00      0.20      0.20      4.00      0.00      0.00      0.00      0.00      0.00
05:59:52 PM      0.80      0.00      0.20      0.20      3.80      0.00      0.00      0.00      0.00      0.00
05:59:57 PM      0.00      0.00      0.00      0.00      0.60      0.00      0.00      0.00      0.00      0.00
06:00:02 PM   5843.20      0.00   1460.80   1460.80      4.20      0.00      0.00      0.00      0.00      0.00
06:00:07 PM  56550.40  50270.40  14130.60  14130.60  13375.40  45669.60    301.20  13227.20      0.00      0.00
06:00:12 PM      0.00     38.40      0.00      0.00      3.80      0.00      0.00      0.00      0.00      0.00
06:00:17 PM      0.00    110.98      0.00      0.00      3.79      0.00      0.00      0.00      0.00      0.00
06:00:22 PM      4.00      4.00      1.00      1.00      4.20      0.00      0.00      0.00      0.00      0.00
06:00:27 PM      0.00      0.00      0.00      0.00      0.40      0.00      0.00      0.00      0.00      0.00
06:00:32 PM      0.00      0.00      0.00      0.00      4.00      0.00      0.00      0.00      0.00      0.00
06:00:37 PM  87964.80  79261.60  22014.40  22013.00  21136.60  22122.80     39.20  21086.40      0.00      0.00
06:00:42 PM    175.20      0.00      5.00     40.00    414.40      0.00      0.00      0.00      0.00      0.00
06:00:47 PM      0.00     38.40      0.00      0.00      3.80      0.00      0.00      0.00      0.00      0.00
06:00:52 PM    799.20    124.00      9.00     26.60    307.80      0.00      0.00      0.00      0.00      0.00
06:00:57 PM   2854.40      4.00    215.40    205.40      8.20      0.00      0.00      0.00      0.00      0.00
06:01:02 PM    156.80      0.00      1.80     39.20    926.20      0.00      0.00      0.00      0.00      0.00
06:01:07 PM  13384.80  13965.60   3343.40   3343.00   3545.60   3564.60      0.00   3503.60      0.00      0.00
06:01:12 PM    128.80    819.20      0.40     32.20    649.40      0.00      0.00    204.80      0.00      0.00
06:01:17 PM      0.00      0.00      0.00      0.00      4.00      0.00      0.00      0.00      0.00      0.00
06:01:22 PM     81.60     38.40      0.20     20.40    209.20      0.00      0.00      0.00      0.00      0.00
06:01:27 PM      0.00    104.80      0.00      0.00      0.60      0.00      0.00      0.00      0.00      0.00
06:01:32 PM     87.20      4.00      0.20     21.80    317.80      0.00      0.00      0.00      0.00      0.00
06:01:37 PM  70456.80  70924.00  17640.40  17638.60  18166.80 105003.80     12.80  18061.20      0.00      0.00
06:01:42 PM     36.80      0.00      1.00      1.00      4.60      0.00      0.00      0.00      0.00      0.00
06:01:47 PM      0.00      0.00      0.20      0.20      3.80      0.00      0.00      0.00      0.00      0.00
06:01:52 PM      0.00      0.00      0.00      0.00      4.00      0.00      0.00      0.00      0.00      0.00
06:01:57 PM      0.00      0.00      0.00      0.00      0.40      0.00      0.00      0.00      0.00      0.00
06:02:02 PM     10.40    143.20      1.00      1.00      4.00      0.00      0.00      0.00      0.00      0.00
06:02:07 PM  91493.60  90533.60  21748.40  21738.40  24309.20  26652.60     25.60  24152.40      0.00      0.00
06:02:12 PM     53.60      0.00      4.80      0.40      6.60      0.00      0.00      0.00      0.00      0.00
06:02:17 PM      0.00      0.00      0.00      0.00      3.80      0.00      0.00      0.00      0.00      0.00
06:02:22 PM   2813.60      0.00     73.80     49.60     23.40      0.00      0.00      0.00      0.00      0.00
06:02:27 PM    481.60      0.00      4.80      3.80      1.20      0.00      0.00      0.00      0.00      0.00
06:02:32 PM   1744.00     14.40     63.20     37.00      6.00      0.00      0.00      0.00      0.00      0.00
06:02:37 PM  56288.80  57156.80  14070.20  14063.80  14681.00  17029.40    169.00  14645.80      0.00      0.00
06:02:42 PM    327.20      0.00     24.80     24.20      6.00      0.00      0.00      0.00      0.00      0.00
06:02:47 PM    724.00      0.00      6.80     46.40    414.60      0.00      0.00      0.00      0.00      0.00
06:02:52 PM     49.60      0.00     14.20     14.00      4.40      0.00      0.00      0.00      0.00      0.00
06:02:57 PM   1009.60      0.00    244.00    263.00    485.00      0.00      0.00      0.00      0.00      0.00
06:03:02 PM      0.80      0.00      0.20      0.20      4.20      0.00      0.00      0.00      0.00      0.00
06:03:07 PM   8707.20  20385.60   1900.40   1890.40   5088.60   5078.00      0.00   5078.00      0.00      0.00
06:03:12 PM      0.00      4.00      0.00      0.00      4.00      0.00      0.00      0.00      0.00      0.00
06:03:17 PM      0.00      0.00      0.00      0.00      3.80      0.00      0.00      0.00      0.00      0.00
06:03:22 PM      0.80      0.00      0.20      0.20      4.00      0.00      0.00      0.00      0.00      0.00
06:03:27 PM      0.00      0.00      0.00      0.00      0.60      0.00      0.00      0.00      0.00      0.00
06:03:32 PM      0.00      0.00      0.00      0.00      4.00      0.00      0.00      0.00      0.00      0.00
06:03:37 PM 133039.20 138679.20  33320.00  33318.80  35779.80 126683.80     12.80  35631.60      0.00      0.00
06:03:42 PM      0.00      0.00      0.00      0.00      4.00      0.00      0.00      0.00      0.00      0.00
06:03:47 PM      0.00      0.00      0.00      0.00      3.80      0.00      0.00      0.00      0.00      0.00
06:03:52 PM   3197.60      0.00     46.60     33.00      2.40      0.00      0.00      0.00      0.00      0.00
06:03:57 PM     48.80      0.00     10.60      7.40      7.40      0.00      0.00      0.00      0.00      0.00
06:04:02 PM      0.00      0.00      0.00      0.00      3.80      0.00      0.00      0.00      0.00      0.00
06:04:08 PM 122877.60 114483.20  30621.40  30615.40  30933.80  32490.40     76.80  30678.60      0.00      0.00
06:04:13 PM     16.00      0.00      4.20      0.20      3.80      0.00      0.00      0.00      0.00      0.00
06:04:18 PM   4345.60      0.00    337.60     37.80    161.20      0.00      0.00      0.00      0.00      0.00
06:04:23 PM    853.60      0.00      1.00      1.00      3.80      0.00      0.00      0.00      0.00      0.00
06:04:28 PM      0.00      0.00      0.00      0.00      0.80      0.00      0.00      0.00      0.00      0.00
06:04:33 PM      0.00      0.00      0.00      0.00      3.80      0.00      0.00      0.00      0.00      0.00
06:04:38 PM  39688.00  38878.40   9925.40   9925.20   9769.20  10032.40      0.00   9731.00      0.00      0.00
06:04:43 PM      0.00      5.60      0.00      0.00      4.00      0.00      0.00      0.00      0.00      0.00
06:04:48 PM      0.00      0.00      0.00      0.00      3.80      0.00      0.00      0.00      0.00      0.00
06:04:53 PM   1227.20      0.00      3.40      1.00      4.00      0.00      0.00      0.00      0.00      0.00
06:04:58 PM    633.60      0.00    164.80    147.40     13.00      0.00      0.00      0.00      0.00      0.00
06:05:03 PM      0.00      0.00      0.00      0.00      4.00      0.00      0.00      0.00      0.00      0.00
06:05:08 PM  16965.60  12222.40   4243.40   4243.20   3876.20   4137.00      0.00   3784.00      0.00      0.00
06:05:13 PM     25.60    156.00      0.00      0.00      3.80      0.00      0.00      0.00      0.00      0.00
06:05:18 PM      0.00      4.00      0.00      0.00      4.00      0.00      0.00      0.00      0.00      0.00
06:05:23 PM      0.00      0.00      0.00      0.00      3.80      0.00      0.00      0.00      0.00      0.00
06:05:28 PM      0.00      0.00      0.00      0.00      0.60      0.00      0.00      0.00      0.00      0.00
06:05:33 PM      0.00      0.00      0.00      0.00      4.00      0.00      0.00      0.00      0.00      0.00
06:05:38 PM  62339.20  59911.20  15620.80  15620.80  15490.60  16576.00      0.00  15421.80      0.00      0.00
06:05:43 PM      0.00     38.40      0.00      0.00      3.80      0.00      0.00      0.00      0.00      0.00
06:05:48 PM      9.60    136.80      0.00      0.00      4.00      0.00      0.00      0.00      0.00      0.00
06:05:53 PM     17.60      5.60      1.20      0.80      3.80      0.00      0.00      0.00      0.00      0.00
06:05:58 PM      0.80      0.00      0.20      0.20      0.40      0.00      0.00      0.00      0.00      0.00
06:06:03 PM      0.00      0.00      0.00      0.00      4.00      0.00      0.00      0.00      0.00      0.00
06:06:08 PM  84735.20  83342.40  21165.80  21165.00  21180.80  26473.00    267.60  21077.40      0.00      0.00
06:06:13 PM      0.00      0.00      0.00      0.00      4.00      0.00      0.00      0.00      0.00      0.00
06:06:18 PM      0.00      0.00      0.00      0.00      3.80      0.00      0.00      0.00      0.00      0.00
06:06:23 PM     11.20    143.20      0.40      0.40      4.00      0.00      0.00      0.00      0.00      0.00
06:06:28 PM      0.00      0.00      0.00      0.00      0.40      0.00      0.00      0.00      0.00      0.00
06:06:33 PM      0.00      0.00      0.00      0.00      4.20      0.00      0.00      0.00      0.00      0.00
06:06:38 PM  50825.60  41046.40  12195.40  12188.80  11252.20  11566.20     13.00  11220.20      0.00      0.00
06:06:43 PM      0.00      0.00      0.00      0.00      3.80      0.00      0.00      0.00      0.00      0.00
06:06:48 PM      4.80      0.00      1.20      1.20      4.00      0.00      0.00      0.00      0.00      0.00
06:06:53 PM      1.60      0.00      0.40      0.40      3.80      0.00      0.00      0.00      0.00      0.00
06:06:58 PM   2040.80      0.00    189.80    172.20     16.40      0.00      0.00      0.00      0.00      0.00
06:07:03 PM     34.40  14136.80      0.40      0.40   3509.00   3899.40      0.00   3504.20      0.00      0.00
06:07:08 PM  10255.20    136.80   2565.80   2564.00     36.00      0.00      0.00      0.00      0.00      0.00
06:07:13 PM      0.00      0.00      0.00      0.00      3.80      0.00      0.00      0.00      0.00      0.00
06:07:18 PM      0.00      0.00      0.00      0.00      4.00      0.00      0.00      0.00      0.00      0.00
06:07:23 PM   3284.00      0.00     61.40     41.60     44.00      0.00      0.00      0.00      0.00      0.00
06:07:28 PM    483.20      0.00      3.40      2.80      0.80      0.00      0.00      0.00      0.00      0.00
06:07:33 PM   1872.80  20295.20     63.60     37.80   5203.60   5214.80      0.00   5157.80      0.00      0.00
06:07:38 PM  96009.60  74974.40  23110.00  23091.60  20147.80  21897.40      0.00  20003.40      0.00      0.00
06:07:43 PM      1.60      0.00      3.40      1.80      4.40      0.00      0.00      0.00      0.00      0.00
06:07:48 PM    215.20      0.00      2.80      2.60      4.00      0.00      0.00      0.00      0.00      0.00
06:07:53 PM      4.00      0.00      3.20      3.00      6.60      0.00      0.00      0.00      0.00      0.00
06:07:58 PM      0.00      0.00      0.00      0.00      0.40      0.00      0.00      0.00      0.00      0.00
06:08:03 PM     16.00    549.60      0.00      0.00      3.80      0.00      0.00      0.00      0.00      0.00
06:08:08 PM  64388.82  69884.23  15957.09  15945.91  17809.18  59344.31    177.25  17745.91      0.00      0.00
06:08:13 PM     20.00      0.00      3.80      0.20      3.80      0.00      0.00      0.00      0.00      0.00
06:08:18 PM      0.00      0.00      0.00      0.00      4.00      0.00      0.00      0.00      0.00      0.00
06:08:23 PM     21.60      0.00      5.40      5.40      3.80      0.00      0.00      0.00      0.00      0.00
06:08:28 PM      0.80      0.00      0.20      0.20      0.60      0.00      0.00      0.00      0.00      0.00
06:08:33 PM     40.00      0.00     10.00     10.00      7.20      0.00      0.00      0.00      0.00      0.00
06:08:38 PM  27034.40  20384.00   6768.20   6767.80   5117.20   5797.60      0.00   5073.20      0.00      0.00
06:08:43 PM      0.00      0.00      0.00      0.00      3.80      0.00      0.00      0.00      0.00      0.00
06:08:48 PM      0.00      0.00      0.00      0.00      3.80      0.00      0.00      0.00      0.00      0.00
06:08:53 PM   1200.00      0.00     58.00     45.20      4.20      0.00      0.00      0.00      0.00      0.00
06:08:58 PM    814.40   9894.40    200.00    183.00   2515.00   2829.40      0.00   2492.00      0.00      0.00
06:09:03 PM      2.40      0.00      0.60      0.60      4.00      0.00      0.00      0.00      0.00      0.00
06:09:08 PM  10081.60   2398.40   2517.80   2517.80    714.40    729.20      0.00    697.40      0.00      0.00
06:09:13 PM      0.00      6.40      0.00      0.00      4.00      0.00      0.00      0.00      0.00      0.00
06:09:18 PM   1890.40      0.00    327.80     34.20    751.80    700.00      0.00    576.40      0.00      0.00
06:09:23 PM    450.40      0.00      1.00      1.00      4.40      0.00      0.00      0.00      0.00      0.00
06:09:28 PM      0.00      0.00      0.00      0.00      0.40      0.00      0.00      0.00      0.00      0.00
06:09:33 PM      0.00      0.00      0.00      0.00      3.80      0.00      0.00      0.00      0.00      0.00
06:09:38 PM  74423.20  79414.40  18018.80  18017.80  21593.00 121236.20    218.60  21434.80      0.00      0.00
06:09:43 PM      3.20    111.20      0.00      0.00      3.80      0.00      0.00      0.00      0.00      0.00
06:09:48 PM     54.40      4.80      1.20      0.40      4.80      0.00      0.00      0.00      0.00      0.00
06:09:53 PM      6.40      0.00      0.80      1.00      3.80      0.00      0.00      0.00      0.00      0.00
Average:      5628.20   5732.91   1443.96   1365.70   1549.45   3094.10     70.95   1489.83      0.00      0.00
