Linux 7.0.10-arch1-1 (archlinux) 	05/29/2026 	_x86_64_	(4 CPU)

05:00:53 PM  pgpgin/s pgpgout/s   fault/s  majflt/s  pgfree/s pgscank/s pgscand/s pgsteal/s  pgprom/s   pgdem/s
05:00:58 PM     12.80    259.20   1460.20      0.00    406.00      0.00      0.00      0.00      0.00      0.00
05:01:03 PM      0.00      0.00      2.20      0.00      8.00      0.00      0.00      0.00      0.00      0.00
05:01:08 PM      0.00    335.20      0.00      0.00      4.20      0.00      0.00      0.00      0.00      0.00
05:01:13 PM      0.00      0.00      0.00      0.00    311.20      0.00      0.00      0.00      0.00      0.00
05:01:18 PM      0.00      0.80      0.00      0.00      4.20      0.00      0.00      0.00      0.00      0.00
05:01:23 PM      0.00      0.00      0.00      0.00      3.80      0.00      0.00      0.00      0.00      0.00
05:01:28 PM      3.20    208.00      0.40      0.00      4.80      0.00      0.00      0.00      0.00      0.00
05:01:33 PM      0.00      0.00      0.80      0.00      3.80      0.00      0.00      0.00      0.00      0.00
05:01:38 PM      0.00     14.40      0.00      0.00     47.80      0.00      0.00      0.00      0.00      0.00
05:01:43 PM      0.00      4.80      0.80      0.00     21.20      0.00      0.00      0.00      0.00      0.00
05:01:48 PM      0.00      2.40      0.00      0.00     17.20      0.00      0.00      0.00      0.00      0.00
05:01:53 PM      0.00      0.00      0.80      0.00      4.20      0.00      0.00      0.00      0.00      0.00
05:01:58 PM    209.60      0.00      0.60      0.60      0.60      0.00      0.00      0.00      0.00      0.00
05:02:03 PM    219.20      0.00      2.20      0.60      6.60      0.00      0.00      0.00      0.00      0.00
05:02:08 PM      0.00      0.00      0.00      0.00      4.80      0.00      0.00      0.00      0.00      0.00
05:02:13 PM      0.00      0.00      7.20      0.00      4.60      0.00      0.00      0.00      0.00      0.00
05:02:18 PM      0.00    156.00      0.40      0.00      4.00      0.00      0.00      0.00      0.00      0.00
05:02:23 PM     13.60      0.00      1.00      0.20      5.20      0.00      0.00      0.00      0.00      0.00
05:02:28 PM     12.80      0.00      1.60      0.20      2.60      0.00      0.00      0.00      0.00      0.00
05:02:33 PM      0.80      2.40      2.40      0.20      6.40      0.00      0.00      0.00      0.00      0.00
05:02:38 PM      0.00      0.00      0.00      0.00      4.00      0.00      0.00      0.00      0.00      0.00
05:02:43 PM      0.00     24.80      0.00      0.00     13.40      0.00      0.00      0.00      0.00      0.00
05:02:48 PM     40.80    206.40      3.00      0.40     14.00      0.00      0.00      0.00      0.00      0.00
05:02:53 PM      0.00      0.00      1.60      0.00      9.40      0.00      0.00      0.00      0.00      0.00
05:02:58 PM     12.80      0.00      1.20      0.20      2.20      0.00      0.00      0.00      0.00      0.00
05:03:03 PM    892.80      0.00    293.80      4.40    260.60      0.00      0.00      0.00      0.00      0.00
05:03:08 PM      0.00      0.00      0.00      0.00      3.80      0.00      0.00      0.00      0.00      0.00
05:03:13 PM      0.00     11.20      0.00      0.00     11.60      0.00      0.00      0.00      0.00      0.00
05:03:18 PM     26.40     38.40      0.40      0.40      3.80      0.00      0.00      0.00      0.00      0.00
05:03:23 PM    174.40     62.40      6.60      1.40     29.20      0.00      0.00      0.00      0.00      0.00
05:03:28 PM     17.60     92.00     16.60      4.40      4.80      0.00      0.00      0.00      0.00      0.00
05:03:33 PM      0.00     94.40      0.60      0.00    450.20      0.00      0.00      0.00      0.00      0.00
05:03:38 PM    205.60    203.20      1.20      0.40    942.80      0.00      0.00      0.00      0.00      0.00
05:03:43 PM      6.40      0.00      1.80      0.00      4.20      0.00      0.00      0.00      0.00      0.00
05:03:48 PM      9.60      3.20      0.00      0.00      8.60      0.00      0.00      0.00      0.00      0.00
05:03:53 PM     12.80     51.20      4.20      3.40    112.00      0.00      0.00      0.00      0.00      0.00
05:03:58 PM    119.20      0.00      1.80      0.20      0.80      0.00      0.00      0.00      0.00      0.00
05:04:03 PM      0.00      0.00      0.80      0.00      3.80      0.00      0.00      0.00      0.00      0.00
05:04:08 PM    112.00     25.60      0.20      0.20     22.20      0.00      0.00      0.00      0.00      0.00
05:04:13 PM      0.00      0.00      0.00      0.00      4.00      0.00      0.00      0.00      0.00      0.00
05:04:18 PM     20.80     98.40      2.00      2.00      5.60      0.00      0.00      0.00      0.00      0.00
05:04:23 PM    600.00      1.60      8.20      5.20     10.80      0.00      0.00      0.00      0.00      0.00
05:04:28 PM      0.00      2.40      0.00      0.00      5.20      0.00      0.00      0.00      0.00      0.00
05:04:33 PM      0.00      0.00      3.00      0.00      4.00      0.00      0.00      0.00      0.00      0.00
05:04:38 PM      0.00      0.00      0.00      0.00      3.80      0.00      0.00      0.00      0.00      0.00
05:04:43 PM      1.60      0.00      0.40      0.40      4.00      0.00      0.00      0.00      0.00      0.00
05:04:48 PM     12.80     40.00      0.60      0.20      9.40      0.00      0.00      0.00      0.00      0.00
05:04:53 PM      4.00     98.40      1.60      0.20      4.40      0.00      0.00      0.00      0.00      0.00
05:04:58 PM     64.00      4.00      0.60      0.40      0.60      0.00      0.00      0.00      0.00      0.00
05:05:03 PM      0.00      9.60      0.00      0.00     22.60      0.00      0.00      0.00      0.00      0.00
05:05:08 PM      1.60      0.00      0.40      0.40      5.40      0.00      0.00      0.00      0.00      0.00
05:05:13 PM      0.00      0.00      0.00      0.00      3.80      0.00      0.00      0.00      0.00      0.00
05:05:18 PM      0.00      0.00      0.00      0.00      4.20      0.00      0.00      0.00      0.00      0.00
05:05:23 PM      0.00     40.00      0.00      0.00     11.80      0.00      0.00      0.00      0.00      0.00
05:05:28 PM     56.00     85.60      0.40      0.40      0.80      0.00      0.00      0.00      0.00      0.00
05:05:33 PM    307.20      3.20      2.60      1.20     30.40      0.00      0.00      0.00      0.00      0.00
05:05:38 PM      0.00      3.20      0.00      0.00      5.80      0.00      0.00      0.00      0.00      0.00
05:05:43 PM      0.00      0.00      0.80      0.00      3.80      0.00      0.00      0.00      0.00      0.00
05:05:48 PM      0.00      0.00      0.00      0.00      4.00      0.00      0.00      0.00      0.00      0.00
05:05:53 PM      0.80      0.00      0.20      0.20    106.20      0.00      0.00      0.00      0.00      0.00
05:05:58 PM      3.20     32.00      0.80      0.80      2.00      0.00      0.00      0.00      0.00      0.00
05:06:03 PM      0.00    111.20      0.00      0.00      4.00      0.00      0.00      0.00      0.00      0.00
05:06:08 PM      0.00      4.00      0.00      0.00      3.80      0.00      0.00      0.00      0.00      0.00
05:06:13 PM      0.00      3.20      0.00      0.00      9.80      0.00      0.00      0.00      0.00      0.00
05:06:18 PM    228.00      0.00      5.00      0.80      4.80      0.00      0.00      0.00      0.00      0.00
05:06:23 PM      2.40      0.00      0.60      0.60      6.20      0.00      0.00      0.00      0.00      0.00
05:06:28 PM     15.20     14.40      9.80      0.60      2.20      0.00      0.00      0.00      0.00      0.00
05:06:33 PM     24.80     72.80      1.40      0.40      6.20      0.00      0.00      0.00      0.00      0.00
05:06:38 PM      0.00    130.40      0.00      0.00      4.40      0.00      0.00      0.00      0.00      0.00
05:06:43 PM      0.00      4.80      0.00      0.00      5.00      0.00      0.00      0.00      0.00      0.00
05:06:48 PM     27.20      1.60      1.00      1.00      8.80      0.00      0.00      0.00      0.00      0.00
05:06:53 PM    157.60      0.00      0.40      0.40      8.40      0.00      0.00      0.00      0.00      0.00
05:06:58 PM      9.60     23.20      0.40      0.00      1.60      0.00      0.00      0.00      0.00      0.00
05:07:03 PM      0.00     65.60      0.00      0.00      4.20      0.00      0.00      0.00      0.00      0.00
05:07:08 PM      0.00      2.40      0.80      0.00      6.80      0.00      0.00      0.00      0.00      0.00
05:07:13 PM     57.60    132.00      1.80      1.60      7.80      0.00      0.00      0.00      0.00      0.00
05:07:18 PM      0.00      4.00      0.00      0.00      4.00      0.00      0.00      0.00      0.00      0.00
05:07:23 PM      0.00      0.00      0.00      0.00      4.00      0.00      0.00      0.00      0.00      0.00
05:07:28 PM      0.00      4.80      0.00      0.00      3.20      0.00      0.00      0.00      0.00      0.00
05:07:33 PM     84.80      0.00      1.00      0.40      4.00      0.00      0.00      0.00      0.00      0.00
05:07:38 PM      5.60      0.00      1.40      1.40      5.20      0.00      0.00      0.00      0.00      0.00
05:07:43 PM      0.00     39.20      0.00      0.00     50.60      0.00      0.00      0.00      0.00      0.00
05:07:48 PM    143.20     85.60      1.40      0.80      7.00      0.00      0.00      0.00      0.00      0.00
05:07:53 PM      0.80      4.80      3.20      0.20      9.80      0.00      0.00      0.00      0.00      0.00
05:07:58 PM      0.00      2.40      0.00      0.00      3.80      0.00      0.00      0.00      0.00      0.00
05:08:03 PM   1186.40      0.00    305.00      9.40    220.60      0.00      0.00      0.00      0.00      0.00
05:08:08 PM      0.00      8.80      0.00      0.00    104.80      0.00      0.00      0.00      0.00      0.00
05:08:13 PM      0.00      0.00      0.00      0.00      9.20      0.00      0.00      0.00      0.00      0.00
05:08:18 PM      0.00     38.40      0.60      0.00      4.20      0.00      0.00      0.00      0.00      0.00
05:08:23 PM      6.40    120.00      0.00      0.00     13.20      0.00      0.00      0.00      0.00      0.00
05:08:28 PM    151.70      5.59      1.60      0.80      2.59      0.00      0.00      0.00      0.00      0.00
05:08:33 PM    148.00      0.00      2.60      0.80      7.00      0.00      0.00      0.00      0.00      0.00
05:08:38 PM      0.00      0.00      0.00      0.00      4.00      0.00      0.00      0.00      0.00      0.00
05:08:43 PM      0.00      8.00      0.00      0.00    126.80      0.00      0.00      0.00      0.00      0.00
05:08:48 PM      0.00      0.00      0.00      0.00      3.80      0.00      0.00      0.00      0.00      0.00
05:08:53 PM      0.00     39.20      0.00      0.00      5.80      0.00      0.00      0.00      0.00      0.00
05:08:58 PM      9.60    113.60      0.20      0.00      1.80      0.00      0.00      0.00      0.00      0.00
05:09:03 PM      0.00      4.80      0.00      0.00      4.00      0.00      0.00      0.00      0.00      0.00
05:09:08 PM      0.00      0.00      0.00      0.00      3.80      0.00      0.00      0.00      0.00      0.00
05:09:13 PM    275.20      0.00      1.20      0.60     13.20      0.00      0.00      0.00      0.00      0.00
05:09:18 PM      2.40      0.00      0.60      0.60      3.80      0.00      0.00      0.00      0.00      0.00
05:09:23 PM      0.00      0.00      0.00      0.00      4.20      0.00      0.00      0.00      0.00      0.00
05:09:28 PM      0.00     40.00      0.00      0.00      1.00      0.00      0.00      0.00      0.00      0.00
05:09:33 PM      7.20    118.40      1.00      0.20      4.00      0.00      0.00      0.00      0.00      0.00
05:09:38 PM      0.00      4.00      0.00      0.00      4.20      0.00      0.00      0.00      0.00      0.00
05:09:43 PM      2.40      0.00      0.60      0.60      3.80      0.00      0.00      0.00      0.00      0.00
05:09:48 PM      0.00      0.00      0.00      0.00      4.00      0.00      0.00      0.00      0.00      0.00
05:09:53 PM      1.60      0.00      0.40      0.40      3.80      0.00      0.00      0.00      0.00      0.00
05:09:58 PM      0.00      0.00      0.00      0.00      0.80      0.00      0.00      0.00      0.00      0.00
05:10:03 PM      0.00     60.00      0.00      0.00      4.40      0.00      0.00      0.00      0.00      0.00
05:10:08 PM      0.80    111.20      0.20      0.20      9.80      0.00      0.00      0.00      0.00      0.00
05:10:13 PM      0.00      6.40      0.00      0.00      4.40      0.00      0.00      0.00      0.00      0.00
05:10:18 PM      0.00      0.00      0.00      0.00      3.80      0.00      0.00      0.00      0.00      0.00
05:10:23 PM      0.80      0.00      0.40      0.20      5.60      0.00      0.00      0.00      0.00      0.00
05:10:28 PM      0.00      1.60      0.00      0.00      1.00      0.00      0.00      0.00      0.00      0.00
05:10:33 PM      1.60      0.00      0.40      0.40      4.00      0.00      0.00      0.00      0.00      0.00
05:10:38 PM      0.00     38.40      0.00      0.00      3.80      0.00      0.00      0.00      0.00      0.00
05:10:43 PM      6.40    476.00      0.00      0.00    241.20      0.00      0.00      0.00      0.00      0.00
05:10:48 PM    125.60      5.60      0.20      0.20      5.20      0.00      0.00      0.00      0.00      0.00
05:10:53 PM      0.00      0.00      0.00      0.00      4.00      0.00      0.00      0.00      0.00      0.00
05:10:58 PM    138.40     13.60      1.60      0.80     79.20      0.00      0.00      0.00      0.00      0.00
05:11:03 PM     14.40     21.60      1.80      0.20     23.80      0.00      0.00      0.00      0.00      0.00
05:11:08 PM    239.20      0.00      1.20      0.40     20.80      0.00      0.00      0.00      0.00      0.00
05:11:13 PM    150.40     38.40      2.20      0.40      8.00      0.00      0.00      0.00      0.00      0.00
05:11:18 PM     36.80     92.00      2.20      0.40      6.40      0.00      0.00      0.00      0.00      0.00
05:11:23 PM    267.20      4.80      8.60      7.20      8.40      0.00      0.00      0.00      0.00      0.00
05:11:28 PM     61.60     28.80     12.00      0.40      2.60      0.00      0.00      0.00      0.00      0.00
05:11:33 PM      8.00      0.00      2.40      0.40      4.20      0.00      0.00      0.00      0.00      0.00
05:11:38 PM     41.60      0.00      0.40      0.40      6.40      0.00      0.00      0.00      0.00      0.00
05:11:43 PM      0.00      0.00      0.00      0.00      8.60      0.00      0.00      0.00      0.00      0.00
05:11:48 PM      0.00     70.40      0.00      0.00      4.00      0.00      0.00      0.00      0.00      0.00
05:11:53 PM     19.20    156.00      0.80      0.80      4.00      0.00      0.00      0.00      0.00      0.00
05:11:58 PM      9.60     29.60      0.40      0.00      4.00      0.00      0.00      0.00      0.00      0.00
05:12:03 PM      0.00      0.00      0.00      0.00      4.00      0.00      0.00      0.00      0.00      0.00
05:12:08 PM      0.00      0.80      0.40      0.00     13.20      0.00      0.00      0.00      0.00      0.00
05:12:13 PM      1.60      0.00      0.40      0.40      5.40      0.00      0.00      0.00      0.00      0.00
05:12:18 PM      0.00     38.40      0.00      0.00      3.80      0.00      0.00      0.00      0.00      0.00
05:12:23 PM      0.00      3.20      0.00      0.00      6.60      0.00      0.00      0.00      0.00      0.00
05:12:28 PM      0.00    111.20      0.00      0.00      1.00      0.00      0.00      0.00      0.00      0.00
05:12:33 PM    164.80      4.80      0.80      0.20     26.40      0.00      0.00      0.00      0.00      0.00
05:12:38 PM      1.60      0.00      0.40      0.40      5.80      0.00      0.00      0.00      0.00      0.00
05:12:43 PM   1031.20      0.00    324.60     19.00    191.60      0.00      0.00      0.00      0.00      0.00
05:12:48 PM    159.20      0.00      2.20      1.20      6.20      0.00      0.00      0.00      0.00      0.00
05:12:53 PM      0.00      0.80      3.20      0.00     12.60      0.00      0.00      0.00      0.00      0.00
05:12:58 PM     15.20     76.80      0.40      0.20     20.80      0.00      0.00      0.00      0.00      0.00
05:13:03 PM      3.20    124.00      0.00      0.00      5.40      0.00      0.00      0.00      0.00      0.00
05:13:08 PM    332.00      4.80    308.40     11.20    149.60      0.00      0.00      0.00      0.00      0.00
05:13:13 PM      3.20     40.80      0.00      0.00      5.60      0.00      0.00      0.00      0.00      0.00
05:13:18 PM      0.00      0.00      0.00      0.00      3.80      0.00      0.00      0.00      0.00      0.00
05:13:23 PM     32.00     84.80      1.00      0.20     28.20      0.00      0.00      0.00      0.00      0.00
05:13:28 PM     16.00     16.00      0.80      0.40     88.40      0.00      0.00      0.00      0.00      0.00
05:13:33 PM     89.60     39.20      2.60      0.80      7.40      0.00      0.00      0.00      0.00      0.00
05:13:38 PM     13.60    111.20      3.80      0.20      3.80      0.00      0.00      0.00      0.00      0.00
05:13:43 PM      0.00      4.00      0.00      0.00      4.00      0.00      0.00      0.00      0.00      0.00
05:13:48 PM     15.20      0.00      0.20      0.20      4.00      0.00      0.00      0.00      0.00      0.00
05:13:53 PM      2.40      1.60      1.40      0.60      4.20      0.00      0.00      0.00      0.00      0.00
05:13:58 PM      1.60      0.00      0.80      0.40      2.20      0.00      0.00      0.00      0.00      0.00
05:14:03 PM      0.00      0.00      0.00      0.00      3.80      0.00      0.00      0.00      0.00      0.00
05:14:08 PM    258.40    350.40     14.60      1.00    464.00      0.00      0.00      0.00      0.00      0.00
05:14:13 PM     32.00    111.20     10.60      0.00      3.80      0.00      0.00      0.00      0.00      0.00
05:14:18 PM      0.00      5.60      0.00      0.00      4.00      0.00      0.00      0.00      0.00      0.00
05:14:23 PM     24.80      2.40      6.80      6.20      5.80      0.00      0.00      0.00      0.00      0.00
05:14:28 PM      0.00      5.60      2.00      0.00      7.80      0.00      0.00      0.00      0.00      0.00
05:14:33 PM    181.60      0.00      6.20      4.00      7.20      0.00      0.00      0.00      0.00      0.00
05:14:38 PM     11.20      0.00      1.00      0.20      4.00      0.00      0.00      0.00      0.00      0.00
05:14:43 PM      0.00     38.40      2.00      0.00      4.00      0.00      0.00      0.00      0.00      0.00
05:14:48 PM      0.00     92.00      0.00      0.00      3.80      0.00      0.00      0.00      0.00      0.00
05:14:53 PM      0.00      4.00      2.80      0.00      4.00      0.00      0.00      0.00      0.00      0.00
05:14:58 PM      0.00      2.40      0.40      0.00      1.20      0.00      0.00      0.00      0.00      0.00
05:15:03 PM      0.00      0.00      0.00      0.00      4.00      0.00      0.00      0.00      0.00      0.00
05:15:08 PM      0.00      0.00      0.00      0.00      3.80      0.00      0.00      0.00      0.00      0.00
05:15:13 PM      2.40      0.00      0.60      0.60      6.00      0.00      0.00      0.00      0.00      0.00
05:15:18 PM      0.00     38.40      0.00      0.00      4.20      0.00      0.00      0.00      0.00      0.00
05:15:23 PM      0.00    111.20      0.80      0.00      3.80      0.00      0.00      0.00      0.00      0.00
05:15:28 PM      0.00      4.00      0.00      0.00      1.00      0.00      0.00      0.00      0.00      0.00
05:15:33 PM      0.00      0.80      0.80      0.00      4.00      0.00      0.00      0.00      0.00      0.00
05:15:38 PM      0.80      0.00      0.20      0.20      4.00      0.00      0.00      0.00      0.00      0.00
05:15:43 PM      0.00      0.00      0.00      0.00      3.80      0.00      0.00      0.00      0.00      0.00
05:15:48 PM      0.00      0.00      0.00      0.00      4.00      0.00      0.00      0.00      0.00      0.00
05:15:53 PM      0.80     38.40      0.20      0.20      3.80      0.00      0.00      0.00      0.00      0.00
05:15:58 PM      0.00     92.80      0.00      0.00     22.60      0.00      0.00      0.00      0.00      0.00
05:16:03 PM      0.80      5.60      0.20      0.20      4.00      0.00      0.00      0.00      0.00      0.00
05:16:08 PM      0.00      0.00      0.00      0.00      3.80      0.00      0.00      0.00      0.00      0.00
05:16:13 PM     53.60      9.60      2.20      2.20     75.00      0.00      0.00      0.00      0.00      0.00
05:16:18 PM     99.20      0.00      2.00      0.80      5.20      0.00      0.00      0.00      0.00      0.00
05:16:23 PM      0.80      0.00      0.20      0.20      5.00      0.00      0.00      0.00      0.00      0.00
05:16:28 PM     29.60     91.20      9.60      0.20      4.00      0.00      0.00      0.00      0.00      0.00
05:16:33 PM     26.40    151.20      6.20      0.20      6.20      0.00      0.00      0.00      0.00      0.00
05:16:38 PM      0.00      5.60      0.20      0.00      4.40      0.00      0.00      0.00      0.00      0.00
05:16:43 PM      0.00      0.00      0.40      0.00      4.20      0.00      0.00      0.00      0.00      0.00
05:16:48 PM      0.00      0.00      0.00      0.00      4.40      0.00      0.00      0.00      0.00      0.00
05:16:53 PM      0.00      1.60      0.00      0.00      4.40      0.00      0.00      0.00      0.00      0.00
05:16:58 PM      0.00     93.60      0.00      0.00      0.80      0.00      0.00      0.00      0.00      0.00
05:17:03 PM      0.00    124.00      0.00      0.00      3.80      0.00      0.00      0.00      0.00      0.00
05:17:08 PM      0.00      0.00      1.00      0.00      4.40      0.00      0.00      0.00      0.00      0.00
05:17:13 PM      0.00      4.00      0.00      0.00      3.80      0.00      0.00      0.00      0.00      0.00
05:17:18 PM      0.00      0.00      0.00      0.00      3.80      0.00      0.00      0.00      0.00      0.00
05:17:23 PM      0.00      0.00      0.00      0.00      4.00      0.00      0.00      0.00      0.00      0.00
05:17:28 PM      0.00     38.40      0.00      0.00      0.60      0.00      0.00      0.00      0.00      0.00
05:17:33 PM      0.80      0.00      0.60      0.20      4.40      0.00      0.00      0.00      0.00      0.00
05:17:38 PM      0.00      0.00      0.00      0.00      3.80      0.00      0.00      0.00      0.00      0.00
05:17:43 PM      0.00    111.20      0.00      0.00      4.00      0.00      0.00      0.00      0.00      0.00
05:17:48 PM     36.00      4.00      1.20      0.40      5.40      0.00      0.00      0.00      0.00      0.00
05:17:53 PM      0.00      0.80      3.00      0.00     10.00      0.00      0.00      0.00      0.00      0.00
05:17:58 PM      0.00      0.00      0.60      0.00      0.60      0.00      0.00      0.00      0.00      0.00
05:18:03 PM      0.00      0.00      0.00      0.00      3.80      0.00      0.00      0.00      0.00      0.00
05:18:08 PM      0.00      0.00      0.00      0.00      4.00      0.00      0.00      0.00      0.00      0.00
05:18:13 PM    544.00     38.40    306.40     12.40    151.80      0.00      0.00      0.00      0.00      0.00
05:18:18 PM      0.00     92.00      0.00      0.00      4.00      0.00      0.00      0.00      0.00      0.00
05:18:23 PM     11.18      3.99      0.80      0.40      4.19      0.00      0.00      0.00      0.00      0.00
05:18:28 PM      0.00      0.00      1.40      0.00      0.80      0.00      0.00      0.00      0.00      0.00
05:18:33 PM      0.00      0.00      0.80      0.00      4.80      0.00      0.00      0.00      0.00      0.00
05:18:38 PM      0.00      3.99      0.00      0.00      5.99      0.00      0.00      0.00      0.00      0.00
05:18:43 PM      0.00      2.40      0.00      0.00      8.00      0.00      0.00      0.00      0.00      0.00
05:18:48 PM      0.00     45.60      0.00      0.00      9.60      0.00      0.00      0.00      0.00      0.00
05:18:53 PM      0.00    111.20      0.00      0.00      4.00      0.00      0.00      0.00      0.00      0.00
05:18:58 PM      0.00      4.80      0.00      0.00      0.60      0.00      0.00      0.00      0.00      0.00
05:19:03 PM      0.80      0.00      0.20      0.20      4.00      0.00      0.00      0.00      0.00      0.00
05:19:08 PM      0.00      0.00      0.00      0.00      3.80      0.00      0.00      0.00      0.00      0.00
05:19:13 PM      0.00      0.00      0.00      0.00      4.00      0.00      0.00      0.00      0.00      0.00
05:19:18 PM      0.00      0.00      0.00      0.00      4.60      0.00      0.00      0.00      0.00      0.00
05:19:23 PM      7.20     39.20      1.80      1.80      5.80      0.00      0.00      0.00      0.00      0.00
05:19:28 PM      0.00     92.00      0.00      0.00      0.80      0.00      0.00      0.00      0.00      0.00
05:19:33 PM      0.80      6.40      0.60      0.20      4.80      0.00      0.00      0.00      0.00      0.00
05:19:38 PM      0.00      0.80      0.00      0.00     55.80      0.00      0.00      0.00      0.00      0.00
05:19:43 PM      0.00      0.00      0.00      0.00      3.80      0.00      0.00      0.00      0.00      0.00
05:19:48 PM      0.00      0.00      0.00      0.00      4.00      0.00      0.00      0.00      0.00      0.00
05:19:53 PM      0.00      0.80      0.00      0.00      4.00      0.00      0.00      0.00      0.00      0.00
05:19:58 PM      0.00     38.40      0.00      0.00      0.80      0.00      0.00      0.00      0.00      0.00
05:20:03 PM      0.00    111.20      0.00      0.00      3.80      0.00      0.00      0.00      0.00      0.00
05:20:08 PM      0.00      4.00      0.00      0.00      3.80      0.00      0.00      0.00      0.00      0.00
05:20:13 PM      0.00      0.00      0.00      0.00      4.00      0.00      0.00      0.00      0.00      0.00
05:20:18 PM      0.00      0.00      0.00      0.00      3.80      0.00      0.00      0.00      0.00      0.00
05:20:23 PM      0.00      0.00      0.00      0.00      4.00      0.00      0.00      0.00      0.00      0.00
05:20:28 PM      0.00      0.00      0.00      0.00      0.60      0.00      0.00      0.00      0.00      0.00
05:20:33 PM      1.60     38.40      0.40      0.40      4.80      0.00      0.00      0.00      0.00      0.00
05:20:38 PM      0.00     92.00      0.00      0.00      4.00      0.00      0.00      0.00      0.00      0.00
05:20:43 PM      0.00      4.80      0.00      0.00      4.20      0.00      0.00      0.00      0.00      0.00
05:20:48 PM      0.00      0.80      0.00      0.00      4.00      0.00      0.00      0.00      0.00      0.00
05:20:53 PM      0.00      0.00      0.00      0.00      3.80      0.00      0.00      0.00      0.00      0.00
05:20:58 PM      0.00      0.00      0.00      0.00      0.80      0.00      0.00      0.00      0.00      0.00
05:21:03 PM      0.00      0.00      0.00      0.00      3.80      0.00      0.00      0.00      0.00      0.00
05:21:08 PM      0.00     38.40      0.00      0.00      4.00      0.00      0.00      0.00      0.00      0.00
05:21:13 PM    217.60    516.00      8.20      1.00    337.00      0.00      0.00      0.00      0.00      0.00
05:21:18 PM     23.20      4.00     13.20      0.20      5.00      0.00      0.00      0.00      0.00      0.00
05:21:23 PM      0.80      0.00      0.00      0.00      4.60      0.00      0.00      0.00      0.00      0.00
05:21:28 PM     84.00      2.40     11.60      0.60      2.40      0.00      0.00      0.00      0.00      0.00
05:21:33 PM     76.00     51.20     15.60      9.60     11.60      0.00      0.00      0.00      0.00      0.00
05:21:38 PM      0.00     14.40      6.80      0.00      4.40      0.00      0.00      0.00      0.00      0.00
05:21:43 PM      0.00     70.40      0.00      0.00      4.20      0.00      0.00      0.00      0.00      0.00
05:21:48 PM     12.80    124.00      0.40      0.00      4.40      0.00      0.00      0.00      0.00      0.00
05:21:53 PM      0.00      4.80      0.00      0.00      4.00      0.00      0.00      0.00      0.00      0.00
05:21:58 PM      0.00     22.40      0.00      0.00      0.60      0.00      0.00      0.00      0.00      0.00
05:22:03 PM      0.00      0.00      0.80      0.00      4.00      0.00      0.00      0.00      0.00      0.00
05:22:08 PM      0.00      0.00      0.40      0.00      4.20      0.00      0.00      0.00      0.00      0.00
05:22:13 PM      0.00      0.00      0.00      0.00      4.80      0.00      0.00      0.00      0.00      0.00
05:22:18 PM     47.20    208.80      0.20      0.20      4.80      0.00      0.00      0.00      0.00      0.00
05:22:23 PM      1.60      3.20      0.40      0.40      5.40      0.00      0.00      0.00      0.00      0.00
05:22:28 PM      0.00      5.60      0.00      0.00      1.00      0.00      0.00      0.00      0.00      0.00
05:22:33 PM      4.00      0.00      1.80      1.00     25.80      0.00      0.00      0.00      0.00      0.00
05:22:38 PM      0.00      0.00      0.00      0.00      4.00      0.00      0.00      0.00      0.00      0.00
05:22:43 PM      0.00     10.40      0.00      0.00      7.20      0.00      0.00      0.00      0.00      0.00
05:22:48 PM     72.00      0.80      3.60      3.40      7.60      0.00      0.00      0.00      0.00      0.00
05:22:53 PM      0.00     38.40      1.60      0.00     10.80      0.00      0.00      0.00      0.00      0.00
05:22:58 PM     25.60    150.40      0.00      0.00      1.00      0.00      0.00      0.00      0.00      0.00
05:23:03 PM      0.00      6.40      0.00      0.00      5.40      0.00      0.00      0.00      0.00      0.00
05:23:08 PM     14.40      0.00      0.60      0.40      4.20      0.00      0.00      0.00      0.00      0.00
05:23:13 PM    388.00      0.00    305.00     13.00    146.60      0.00      0.00      0.00      0.00      0.00
05:23:18 PM     14.40      0.00      0.80      0.20      4.00      0.00      0.00      0.00      0.00      0.00
05:23:23 PM      0.00      4.00      0.40      0.00      5.20      0.00      0.00      0.00      0.00      0.00
05:23:28 PM      0.00     38.40      0.20      0.00      0.60      0.00      0.00      0.00      0.00      0.00
05:23:33 PM     14.40    120.00      0.80      0.40      8.00      0.00      0.00      0.00      0.00      0.00
05:23:38 PM      0.80      5.60      1.00      0.20      3.80      0.00      0.00      0.00      0.00      0.00
05:23:43 PM      0.00      0.00      0.00      0.00      4.00      0.00      0.00      0.00      0.00      0.00
05:23:48 PM      0.00      0.00      0.00      0.00      4.00      0.00      0.00      0.00      0.00      0.00
05:23:53 PM      0.00      0.80      0.00      0.00      4.00      0.00      0.00      0.00      0.00      0.00
05:23:58 PM      0.00      0.00      0.20      0.00      0.80      0.00      0.00      0.00      0.00      0.00
05:24:03 PM      0.80     38.40      0.20      0.20      3.80      0.00      0.00      0.00      0.00      0.00
05:24:08 PM      0.00     92.00      0.00      0.00      4.00      0.00      0.00      0.00      0.00      0.00
05:24:13 PM      0.00     41.60      0.00      0.00     87.40      0.00      0.00      0.00      0.00      0.00
05:24:18 PM     29.60      7.20      0.20      0.20     12.00      0.00      0.00      0.00      0.00      0.00
05:24:23 PM      1.60      0.80      0.80      0.40      4.00      0.00      0.00      0.00      0.00      0.00
05:24:28 PM      1.60      0.00      0.40      0.40      0.60      0.00      0.00      0.00      0.00      0.00
05:24:33 PM      0.00      0.00      0.20      0.00      4.00      0.00      0.00      0.00      0.00      0.00
05:24:38 PM      0.00     38.40      0.00      0.00      3.80      0.00      0.00      0.00      0.00      0.00
05:24:43 PM      0.00    111.20      0.00      0.00      4.20      0.00      0.00      0.00      0.00      0.00
05:24:48 PM      0.00      4.00      0.00      0.00      3.80      0.00      0.00      0.00      0.00      0.00
05:24:53 PM      0.80      0.80      0.20      0.20      4.20      0.00      0.00      0.00      0.00      0.00
05:24:58 PM      0.00    176.00      0.00      0.00    121.80      0.00      0.00      0.00      0.00      0.00
05:25:03 PM      0.00      0.00      0.00      0.00      4.40      0.00      0.00      0.00      0.00      0.00
05:25:08 PM      0.00      1.60      0.00      0.00      4.20      0.00      0.00      0.00      0.00      0.00
05:25:13 PM      0.00     38.40      0.00      0.00      3.80      0.00      0.00      0.00      0.00      0.00
05:25:18 PM      2.40     92.00      0.60      0.60      4.00      0.00      0.00      0.00      0.00      0.00
05:25:23 PM      1.60      4.80      0.60      0.40      5.40      0.00      0.00      0.00      0.00      0.00
05:25:28 PM      0.00      0.00      0.00      0.00      0.80      0.00      0.00      0.00      0.00      0.00
05:25:33 PM      0.00      0.00      0.20      0.00      3.80      0.00      0.00      0.00      0.00      0.00
05:25:38 PM      0.00      1.60      0.00      0.00      4.40      0.00      0.00      0.00      0.00      0.00
05:25:43 PM      1.60      0.00      0.40      0.40      4.00      0.00      0.00      0.00      0.00      0.00
05:25:48 PM      0.00     38.40      0.00      0.00      3.80      0.00      0.00      0.00      0.00      0.00
05:25:53 PM      0.00    111.20      0.00      0.00      4.00      0.00      0.00      0.00      0.00      0.00
05:25:58 PM      0.00      4.00      0.00      0.00     21.80      0.00      0.00      0.00      0.00      0.00
05:26:03 PM     64.80      0.00      0.20      0.20      4.80      0.00      0.00      0.00      0.00      0.00
05:26:08 PM      0.00      0.00      0.00      0.00      3.80      0.00      0.00      0.00      0.00      0.00
05:26:13 PM    159.68     27.15      6.19      1.40     39.72      0.00      0.00      0.00      0.00      0.00
05:26:18 PM     24.85      0.00      8.22      0.40      4.61      0.00      0.00      0.00      0.00      0.00
05:26:23 PM      0.00     38.40      0.00      0.00      4.80      0.00      0.00      0.00      0.00      0.00
05:26:28 PM     80.00     92.00     10.80      3.20      2.40      0.00      0.00      0.00      0.00      0.00
05:26:33 PM     23.95      5.59      5.39      4.39     15.57      0.00      0.00      0.00      0.00      0.00
05:26:38 PM     20.00     38.40      1.00      0.20     22.20      0.00      0.00      0.00      0.00      0.00
05:26:43 PM    134.40     15.20      3.40      1.60     15.40      0.00      0.00      0.00      0.00      0.00
05:26:48 PM     14.40      1.60      8.40      0.20      6.60      0.00      0.00      0.00      0.00      0.00
05:26:53 PM      0.00      0.00      0.20      0.00      4.60      0.00      0.00      0.00      0.00      0.00
05:26:58 PM     51.20    159.20      5.20      3.20      3.20      0.00      0.00      0.00      0.00      0.00
05:27:03 PM      0.00      0.00      0.00      0.00      3.80      0.00      0.00      0.00      0.00      0.00
05:27:08 PM      0.00      7.20      0.00      0.00      4.40      0.00      0.00      0.00      0.00      0.00
05:27:13 PM      0.00      2.40      0.00      0.00      4.40      0.00      0.00      0.00      0.00      0.00
05:27:18 PM      0.00      0.00      0.00      0.00      3.80      0.00      0.00      0.00      0.00      0.00
05:27:23 PM      1.60      0.00      0.40      0.40      4.00      0.00      0.00      0.00      0.00      0.00
05:27:28 PM     52.80      2.40      1.60      0.60      2.80      0.00      0.00      0.00      0.00      0.00
05:27:33 PM      2.40    111.20      4.20      0.60      4.40      0.00      0.00      0.00      0.00      0.00
05:27:38 PM      0.00      0.00      0.00      0.00      3.80      0.00      0.00      0.00      0.00      0.00
05:27:43 PM      0.00      7.20      0.00      0.00      4.80      0.00      0.00      0.00      0.00      0.00
05:27:48 PM      2.40      0.00      1.20      0.60      5.00      0.00      0.00      0.00      0.00      0.00
05:27:53 PM      0.80      0.00      1.80      0.20      9.60      0.00      0.00      0.00      0.00      0.00
05:27:58 PM      0.00      0.00      0.00      0.00      0.40      0.00      0.00      0.00      0.00      0.00
05:28:03 PM      0.00      0.00      0.00      0.00      4.00      0.00      0.00      0.00      0.00      0.00
05:28:08 PM      0.00      0.00      0.00      0.00      4.00      0.00      0.00      0.00      0.00      0.00
05:28:13 PM    344.00    149.60    300.20     10.40    184.80      0.00      0.00      0.00      0.00      0.00
05:28:18 PM      0.00      4.80      1.60      0.00      4.00      0.00      0.00      0.00      0.00      0.00
05:28:23 PM      0.00      4.00      0.00      0.00      6.40      0.00      0.00      0.00      0.00      0.00
05:28:28 PM      0.00      3.20      0.00      0.00      1.60      0.00      0.00      0.00      0.00      0.00
05:28:33 PM      0.00      0.00      1.00      0.00      4.00      0.00      0.00      0.00      0.00      0.00
05:28:38 PM      1.60      0.00      0.40      0.40      3.80      0.00      0.00      0.00      0.00      0.00
05:28:43 PM      0.00     38.40      0.00      0.00      4.00      0.00      0.00      0.00      0.00      0.00
05:28:48 PM      0.00     92.00      0.00      0.00      4.00      0.00      0.00      0.00      0.00      0.00
05:28:53 PM      0.00     10.40      0.00      0.00      6.40      0.00      0.00      0.00      0.00      0.00
05:28:58 PM      0.00      1.60      0.00      0.00      0.80      0.00      0.00      0.00      0.00      0.00
05:29:03 PM      2.40      0.00      0.60      0.60      4.20      0.00      0.00      0.00      0.00      0.00
05:29:08 PM    114.40    222.40      2.80      0.80    165.80      0.00      0.00      0.00      0.00      0.00
05:29:13 PM      0.00      0.00      2.80      0.00      4.00      0.00      0.00      0.00      0.00      0.00
05:29:18 PM      0.00     38.40      0.00      0.00      4.20      0.00      0.00      0.00      0.00      0.00
05:29:23 PM     19.20    116.00      0.00      0.00      5.00      0.00      0.00      0.00      0.00      0.00
05:29:28 PM     25.60      6.40      6.40      6.40      3.80      0.00      0.00      0.00      0.00      0.00
05:29:33 PM     54.40      0.00      0.80      0.80      6.00      0.00      0.00      0.00      0.00      0.00
05:29:38 PM      0.00      0.00      0.00      0.00      4.80      0.00      0.00      0.00      0.00      0.00
05:29:43 PM      0.00      0.00      0.00      0.00      3.80      0.00      0.00      0.00      0.00      0.00
05:29:48 PM      0.00      5.60      0.00      0.00      5.40      0.00      0.00      0.00      0.00      0.00
05:29:53 PM      5.60     38.40      1.40      1.40      5.40      0.00      0.00      0.00      0.00      0.00
05:29:58 PM      9.60     93.60      0.00      0.00     14.80      0.00      0.00      0.00      0.00      0.00
05:30:03 PM     60.00     13.60      2.40      0.40     40.60      0.00      0.00      0.00      0.00      0.00
05:30:08 PM      0.80      3.20      3.00      0.00      4.60      0.00      0.00      0.00      0.00      0.00
05:30:13 PM      0.80      1.60      1.20      0.20      4.40      0.00      0.00      0.00      0.00      0.00
05:30:18 PM     15.20      0.00      4.40      3.80      5.20      0.00      0.00      0.00      0.00      0.00
05:30:23 PM     12.80      0.00      0.00      0.40      4.60      0.00      0.00      0.00      0.00      0.00
05:30:28 PM     12.00     38.40      1.20      0.20      0.40      0.00      0.00      0.00      0.00      0.00
05:30:33 PM     19.20    111.20      1.40      0.00      4.20      0.00      0.00      0.00      0.00      0.00
05:30:38 PM      0.00      5.60      0.00      0.00      3.80      0.00      0.00      0.00      0.00      0.00
05:30:43 PM      0.00      0.00      0.00      0.00      4.80      0.00      0.00      0.00      0.00      0.00
05:30:48 PM      0.00      0.00      0.00      0.00     15.40      0.00      0.00      0.00      0.00      0.00
05:30:53 PM      0.00     10.40      0.00      0.00     19.60      0.00      0.00      0.00      0.00      0.00
05:30:58 PM    128.00      4.80      7.80      1.00      6.40      0.00      0.00      0.00      0.00      0.00
05:31:03 PM     40.00     48.80      6.80      0.60      7.20      0.00      0.00      0.00      0.00      0.00
05:31:08 PM     37.60     92.00     10.60      6.20      6.00      0.00      0.00      0.00      0.00      0.00
05:31:13 PM      0.00      4.00      0.00      0.00      3.80      0.00      0.00      0.00      0.00      0.00
05:31:18 PM    244.00    711.20      6.40      1.20    586.40      0.00      0.00      0.00      0.00      0.00
05:31:23 PM    359.20      0.00     15.20      5.00     14.80      0.00      0.00      0.00      0.00      0.00
05:31:28 PM     26.40     17.60      9.00      0.80      9.40      0.00      0.00      0.00      0.00      0.00
05:31:33 PM     59.20      0.00    563.00     10.60      8.00      0.00      0.00      0.00      0.00      0.00
05:31:38 PM     20.00    122.40      1.00      0.20      7.20      0.00      0.00      0.00      0.00      0.00
05:31:43 PM      8.00  69442.40      0.40      0.40  18872.60      0.00      0.00      0.00      0.00      0.00
05:31:48 PM      0.80 104876.80      6.00      0.20  26219.20      0.00      0.00      0.00      0.00      0.00
05:31:53 PM    603.20  53408.80      3.00      1.60  13376.40      0.00      0.00      0.00      0.00      0.00
05:31:58 PM      1.60  54096.00      1.80      0.40  13522.20      0.00      0.00      0.00      0.00      0.00
05:32:03 PM    320.00      0.00    422.20     20.80      6.80      0.00      0.00      0.00      0.00      0.00
05:32:08 PM     12.00  11476.80   2618.20      1.00    103.20      0.00      0.00      0.00      0.00      0.00
05:32:13 PM      0.80  26284.80      0.80      0.20   6721.20      0.00      0.00      0.00      0.00      0.00
05:32:18 PM      0.00    546.40      0.00      0.00    106.40      0.00      0.00      0.00      0.00      0.00
05:32:23 PM    350.40  25838.40      3.40      1.20   6516.80      0.00      0.00      0.00      0.00      0.00
05:32:28 PM      3.20   1638.40      3.20      0.60    410.20      0.00      0.00      0.00      0.00      0.00
05:32:33 PM    834.40      0.00    349.00     14.60     47.20      0.00      0.00      0.00      0.00      0.00
05:32:38 PM      0.00      0.00      0.00      0.00      4.00      0.00      0.00      0.00      0.00      0.00
05:32:43 PM      0.00 103628.80   1117.60      0.00  24701.60      0.00      0.00      0.00      0.00      0.00
05:32:48 PM      0.00  33216.00      3.20      0.00   8299.40      0.00      0.00      0.00      0.00      0.00
05:32:53 PM      0.00  52540.00      2.80      0.00  13287.60      0.00      0.00      0.00      0.00      0.00
05:32:58 PM      0.00  60624.80      0.00      0.00  15155.60      0.00      0.00      0.00      0.00      0.00
05:33:03 PM 304341.60      0.00  76085.40  76085.40    448.00      0.00      0.00      0.00      0.00      0.00
05:33:08 PM      0.80      0.00      1.00      0.20      3.80      0.00      0.00      0.00      0.00      0.00
05:33:13 PM    767.20      0.00    322.00     23.60    130.40      0.00      0.00      0.00      0.00      0.00
05:33:18 PM      0.00      0.00      0.00      0.00    164.20      0.00      0.00      0.00      0.00      0.00
05:33:23 PM      0.00     38.40      0.00      0.00      4.00      0.00      0.00      0.00      0.00      0.00
05:33:28 PM      0.00     92.00      0.00      0.00    108.60      0.00      0.00      0.00      0.00      0.00
05:33:33 PM  24934.40      4.00   6234.40   6233.60     77.00      0.00      0.00      0.00      0.00      0.00
05:33:38 PM      0.00      0.00      0.00      0.00    140.00      0.00      0.00      0.00      0.00      0.00
05:33:43 PM      0.00      0.00      0.00      0.00      4.00      0.00      0.00      0.00      0.00      0.00
05:33:48 PM      0.00      0.00      0.00      0.00    122.00      0.00      0.00      0.00      0.00      0.00
05:33:53 PM      1.60      0.00      0.40      0.40      3.80      0.00      0.00      0.00      0.00      0.00
05:33:58 PM      0.00     38.40      0.00      0.00      0.80      0.00      0.00      0.00      0.00      0.00
05:34:03 PM 105820.00  71511.20  26458.60  26449.80  25094.80 182078.60      0.00  21979.20      0.00      0.00
05:34:08 PM    208.80      4.80      2.40     11.40    210.00      0.00      0.00      0.00      0.00      0.00
05:34:13 PM      0.00      0.00      0.00      0.00      3.80      0.00      0.00      0.00      0.00      0.00
05:34:18 PM    223.20      0.00      2.00     47.00    518.40      0.00      0.00      0.00      0.00      0.00
05:34:23 PM     26.40      0.00      6.60      6.60      3.80      0.00      0.00      0.00      0.00      0.00
05:34:28 PM    112.80      0.00      0.60     28.20    308.20      0.00      0.00      0.00      0.00      0.00
05:34:33 PM    252.00     38.40     42.40     42.40      7.60      0.00      0.00      0.00      0.00      0.00
05:34:38 PM    248.80     92.00      0.20     62.20    619.40      0.00      0.00      0.00      0.00      0.00
05:34:43 PM      0.00      7.20      0.00      0.00      4.00      0.00      0.00      0.00      0.00      0.00
05:34:48 PM    131.20      0.00      0.00     32.80    402.80      0.00      0.00      0.00      0.00      0.00
05:34:53 PM     16.80      0.00      1.20      1.00      4.20      0.00      0.00      0.00      0.00      0.00
05:34:58 PM     75.20      0.00      0.00     18.80    308.20      0.00      0.00      0.00      0.00      0.00
05:35:03 PM 129924.80 118529.60  32481.20  32481.20  30225.00  44308.00      0.00  30031.00      0.00      0.00
05:35:08 PM     41.60  20112.00      0.00     10.40   5276.40   5212.20      0.00   5074.40      0.00      0.00
05:35:13 PM      0.00    111.20      0.00      0.00      3.80      0.00      0.00      0.00      0.00      0.00
05:35:18 PM    132.80      4.00      0.00     33.20    311.80      0.00      0.00      0.00      0.00      0.00
05:35:23 PM      0.80      0.00      0.20      0.20      3.80      0.00      0.00      0.00      0.00      0.00
05:35:28 PM     81.60      0.00      0.00     20.40    298.80      0.00      0.00      0.00      0.00      0.00
05:35:33 PM  90700.20  53439.52  21269.86  21256.89  18186.23 159693.41    367.07  17226.95      0.00      0.00
05:35:38 PM    248.00      0.00      6.20      1.20     10.80      0.00      0.00      0.00      0.00      0.00
05:35:43 PM     44.80      0.00      1.40      0.40      3.80      0.00      0.00      0.00      0.00      0.00
05:35:48 PM    496.00     92.00      1.40      0.20    192.40      0.00      0.00      0.00      0.00      0.00
05:35:53 PM    348.00      0.00     43.20     25.80      6.80      0.00      0.00      0.00      0.00      0.00
05:35:58 PM      0.00      0.00      0.00      0.00      0.60      0.00      0.00      0.00      0.00      0.00
05:36:03 PM  45530.40  53726.40  11370.00  11369.60  13522.60  19112.80      0.00  13475.00      0.00      0.00
05:36:08 PM     38.40      0.00      4.20      9.60    288.60      0.00      0.00      0.00      0.00      0.00
05:36:13 PM      0.00      0.00      0.00      0.00      4.00      0.00      0.00      0.00      0.00      0.00
05:36:18 PM   1045.60      0.00     33.40     20.60      7.20      0.00      0.00      0.00      0.00      0.00
05:36:23 PM    102.40      0.00     11.20      8.60      5.40      0.00      0.00      0.00      0.00      0.00
05:36:28 PM   1140.80      0.00     16.00     21.20    205.80      0.00      0.00      0.00      0.00      0.00
05:36:33 PM    186.40    316.00     47.40     44.00      9.20      0.00      0.00      0.00      0.00      0.00
05:36:38 PM      0.00      4.00      0.20      0.00      4.40      0.00      0.00      0.00      0.00      0.00
05:36:43 PM      0.00      0.00      0.00      0.00      4.20      0.00      0.00      0.00      0.00      0.00
05:36:48 PM     76.80     37.60      1.80      0.60      6.00      0.00      0.00      0.00      0.00      0.00
05:36:53 PM    137.60      0.00      0.00     34.40    311.60      0.00      0.00      0.00      0.00      0.00
05:36:58 PM    468.80      0.00     11.40      8.20      2.00      0.00      0.00      0.00      0.00      0.00
05:37:03 PM 104025.60 103875.20  25930.20  25960.80  27147.20  74425.60     25.60  26643.80      0.00      0.00
05:37:08 PM     39.20      0.00     14.00      8.80      4.00      0.00      0.00      0.00      0.00      0.00
05:37:13 PM      8.80      4.80      1.40      1.40      4.40      0.00      0.00      0.00      0.00      0.00
05:37:18 PM      0.00      0.00      0.00      0.00      3.80      0.00      0.00      0.00      0.00      0.00
05:37:23 PM      0.00      0.00      0.00      0.00      4.00      0.00      0.00      0.00      0.00      0.00
05:37:28 PM      0.00      0.00      0.00      0.00      0.40      0.00      0.00      0.00      0.00      0.00
05:37:33 PM  41848.00  34410.40  10456.20  10456.00   8819.20  11358.20      0.00   8760.60      0.00      0.00
05:37:38 PM      0.00     38.40      0.00      0.00      3.80      0.00      0.00      0.00      0.00      0.00
05:37:43 PM     78.40    111.20      0.40     19.60    209.20      0.00      0.00      0.00      0.00      0.00
05:37:48 PM   1794.40      4.80     37.20     32.40     26.80      0.00      0.00      0.00      0.00      0.00
05:37:53 PM    900.80     23.20     90.20    130.00    565.00    691.60      0.00     33.40      0.00      0.00
05:37:58 PM    104.80      0.00      0.20      0.20      0.60      0.00      0.00      0.00      0.00      0.00
05:38:03 PM  33656.80  41282.40   8401.60   8401.60  10957.40  12283.80    207.20  10876.60      0.00      0.00
05:38:08 PM      0.00      0.00      0.00      0.00      4.00      0.00      0.00      0.00      0.00      0.00
05:38:13 PM   2712.80     32.00    317.60     29.40    270.20      0.00      0.00      0.00      0.00      0.00
05:38:18 PM      0.80     98.40      0.20      0.20      4.00      0.00      0.00      0.00      0.00      0.00
05:38:23 PM      1.60      5.60      0.40      0.40      3.80      0.00      0.00      0.00      0.00      0.00
05:38:28 PM      0.00      0.00      0.00      0.00      0.60      0.00      0.00      0.00      0.00      0.00
05:38:33 PM  39237.60  35895.20   9798.40   9798.00   9752.40  82636.60   3274.00   9675.60      0.00      0.00
05:38:38 PM      0.80      0.00      0.20      0.20      3.80      0.00      0.00      0.00      0.00      0.00
05:38:43 PM      0.00      0.00      0.00      0.00      4.00      0.00      0.00      0.00      0.00      0.00
05:38:48 PM      0.80     38.40      0.20      0.20      3.80      0.00      0.00      0.00      0.00      0.00
05:38:53 PM      0.00    111.20      0.00      0.00      4.00      0.00      0.00      0.00      0.00      0.00
05:38:58 PM      0.00      4.00      0.00      0.00      0.40      0.00      0.00      0.00      0.00      0.00
05:39:03 PM  25348.80  24236.80   6336.00   6336.00   6223.00   6266.40      0.00   6182.00      0.00      0.00
05:39:08 PM      0.00      0.00      0.00      0.00      3.80      0.00      0.00      0.00      0.00      0.00
05:39:13 PM      0.00      0.00      0.00      0.00      4.00      0.00      0.00      0.00      0.00      0.00
05:39:18 PM      0.00      0.00      0.00      0.00      3.80      0.00      0.00      0.00      0.00      0.00
05:39:23 PM      0.80     32.00      0.20      0.20      3.80      0.00      0.00      0.00      0.00      0.00
05:39:28 PM      0.00     98.40      0.00      0.00      0.60      0.00      0.00      0.00      0.00      0.00
05:39:33 PM  33688.80  40916.80   8403.60   8431.40  11563.80  83345.40      0.00  11189.40      0.00      0.00
05:39:38 PM     16.80      0.00      0.00      0.00      4.00      0.00      0.00      0.00      0.00      0.00
05:39:43 PM     31.20      0.00      0.20      7.80    106.40      0.00      0.00      0.00      0.00      0.00
05:39:48 PM    809.60      0.00      0.20      0.20      4.00      0.00      0.00      0.00      0.00      0.00
05:39:53 PM   2509.60      0.00     27.60     28.80    209.00      0.00      0.00      0.00      0.00      0.00
05:39:58 PM    793.60     38.40      0.60      0.60      0.80      0.00      0.00      0.00      0.00      0.00
05:40:03 PM  42360.00  31600.00  10565.40  10599.60   8335.00  10537.00      0.00   7891.20      0.00      0.00
05:40:08 PM      0.00      4.80      0.00      0.00      3.80      0.00      0.00      0.00      0.00      0.00
05:40:13 PM      0.00      0.00      0.00      0.00      4.00      0.00      0.00      0.00      0.00      0.00
05:40:18 PM     35.20      0.00      0.00      8.80    106.40      0.00      0.00      0.00      0.00      0.00
05:40:23 PM      4.80      0.00      1.20      1.20      4.20      0.00      0.00      0.00      0.00      0.00
05:40:28 PM    171.20      0.00      0.00     42.80    513.40      0.00      0.00      0.00      0.00      0.00
05:40:33 PM  18688.00  19860.00   4662.20   4660.40   6122.60  21924.40      0.00   6083.20      0.00      0.00
05:40:38 PM    480.80     98.40      3.60      1.00     17.20      0.00      0.00      0.00      0.00      0.00
05:40:43 PM      0.00      5.60      0.00      0.00      4.00      0.00      0.00      0.00      0.00      0.00
05:40:48 PM     35.20      0.00      0.40      0.40      3.80      0.00      0.00      0.00      0.00      0.00
05:40:53 PM      0.80      0.00      0.20      0.20      4.00      0.00      0.00      0.00      0.00      0.00
05:40:58 PM      0.00      0.00      0.00      0.00      0.60      0.00      0.00      0.00      0.00      0.00
05:41:03 PM  52893.60  46574.40  13194.60  13194.20  12179.00  25454.80      0.00  12126.00      0.00      0.00
05:41:08 PM      0.00     38.40      0.00      0.00      4.20      0.00      0.00      0.00      0.00      0.00
05:41:13 PM      0.00    111.20      0.00      0.00      3.80      0.00      0.00      0.00      0.00      0.00
05:41:18 PM   3828.80   1808.80     65.80     41.00    698.80   3131.20      0.00    673.80      0.00      0.00
05:41:23 PM   1206.40      0.00     12.20     10.60      5.20      0.00      0.00      0.00      0.00      0.00
05:41:28 PM   3290.40  22892.00     40.60     15.80   6184.80   5854.00      0.00   5407.40      0.00      0.00
05:41:33 PM   9913.60      0.00   2486.20   2477.20     16.20      0.00      0.00      0.00      0.00      0.00
05:41:38 PM    264.00      0.00      2.20     16.60    209.40      0.00      0.00      0.00      0.00      0.00
05:41:43 PM      1.60     64.00      2.00      2.00      4.20      0.00      0.00      0.00      0.00      0.00
05:41:48 PM    275.20    197.60     10.60     38.80    415.60      0.00      0.00      0.00      0.00      0.00
05:41:53 PM    236.80      5.60     57.60     49.40      8.00      0.00      0.00      0.00      0.00      0.00
05:41:58 PM    128.00     24.00      0.60     32.00    308.20      0.00      0.00      0.00      0.00      0.00
05:42:03 PM  63324.00  51823.20  15736.60  15726.80  14793.00 122387.40     28.80  14681.20      0.00      0.00
05:42:08 PM    410.40      0.00      9.20      1.40      4.20      0.00      0.00      0.00      0.00      0.00
05:42:13 PM      0.00      0.00      0.00      0.00      3.80      0.00      0.00      0.00      0.00      0.00
05:42:18 PM      1.60    207.20      0.40      0.40      4.00      0.00      0.00      0.00      0.00      0.00
05:42:23 PM      0.00      0.00      0.00      0.00      3.80      0.00      0.00      0.00      0.00      0.00
05:42:28 PM    721.60      4.80      1.40      0.40      0.80      0.00      0.00      0.00      0.00      0.00
05:42:33 PM  42336.00  53516.80   9389.00   9368.20  14288.60  82956.40      0.00  14201.60      0.00      0.00
05:42:38 PM      9.60      0.00      0.00      0.00      4.00      0.00      0.00      0.00      0.00      0.00
05:42:43 PM      0.00      0.00      0.00      0.00      3.80      0.00      0.00      0.00      0.00      0.00
05:42:48 PM   1991.20      0.00     50.00     22.00     32.40      0.00      0.00      0.00      0.00      0.00
05:42:53 PM    156.00     51.20     12.20      5.20      9.60      0.00      0.00      0.00      0.00      0.00
05:42:58 PM      3.20    117.60      0.00      0.00      0.40      0.00      0.00      0.00      0.00      0.00
05:43:03 PM      2.40      4.00      1.00      0.60      5.00      0.00      0.00      0.00      0.00      0.00
05:43:08 PM      0.00      0.00      0.00      0.00      4.00      0.00      0.00      0.00      0.00      0.00
05:43:13 PM      0.00      0.00      0.00      0.00      4.00      0.00      0.00      0.00      0.00      0.00
05:43:18 PM   2008.00      0.00    334.80     33.60    143.60      0.00      0.00      0.00      0.00      0.00
05:43:23 PM      0.00      0.00      0.20      0.00      4.00      0.00      0.00      0.00      0.00      0.00
05:43:28 PM      0.00     38.40      0.00      0.00      0.40      0.00      0.00      0.00      0.00      0.00
05:43:33 PM  55724.80  58331.20  13950.60  13948.80  14788.20  90428.40  24959.20  14744.60      0.00      0.00
05:43:38 PM      0.80      4.80      0.20      0.20      4.60      0.00      0.00      0.00      0.00      0.00
05:43:43 PM     74.40      0.00      0.40     18.60    209.00      0.00      0.00      0.00      0.00      0.00
05:43:48 PM      0.80      0.00      0.20      0.20      4.00      0.00      0.00      0.00      0.00      0.00
05:43:53 PM    387.20      0.00    107.00    106.00    111.40      0.00      0.00      0.00      0.00      0.00
05:43:58 PM      0.00      0.00      0.00      0.00      0.60      0.00      0.00      0.00      0.00      0.00
05:44:03 PM  30218.76  20961.28   7453.09   7484.23   8195.21  27545.51      0.00   7699.00      0.00      0.00
05:44:08 PM     44.89    130.66      9.22      1.20     13.23      0.00      0.00      0.00      0.00      0.00
05:44:13 PM     12.00      4.00      0.60      0.20      4.00      0.00      0.00      0.00      0.00      0.00
05:44:18 PM   1476.00      0.00      7.00      6.40      4.40      0.00      0.00      0.00      0.00      0.00
05:44:23 PM      3.20      0.00      0.80      0.80      4.00      0.00      0.00      0.00      0.00      0.00
05:44:28 PM      0.00      0.00      0.00      0.00      0.40      0.00      0.00      0.00      0.00      0.00
05:44:33 PM  10281.04      0.00   2562.08   2569.86    126.95      0.00      0.00      0.00      0.00      0.00
05:44:38 PM   1644.00     38.40      3.60      2.20      3.80      0.00      0.00      0.00      0.00      0.00
05:44:43 PM      6.40    111.20      0.00      0.00      4.00      0.00      0.00      0.00      0.00      0.00
05:44:48 PM      1.60      4.00      0.40      0.40      3.80      0.00      0.00      0.00      0.00      0.00
05:44:53 PM      0.00      0.00      0.00      0.00      4.00      0.00      0.00      0.00      0.00      0.00
05:44:58 PM      0.00      0.00      0.00      0.00      0.40      0.00      0.00      0.00      0.00      0.00
05:45:03 PM  68842.40  75568.00  17211.40  17210.60  19269.80 129014.40      0.00  19172.60      0.00      0.00
05:45:08 PM      0.00      0.00      0.00      0.00      4.00      0.00      0.00      0.00      0.00      0.00
05:45:13 PM     97.60     32.00      0.20      0.20      4.00      0.00      0.00      0.00      0.00      0.00
05:45:18 PM      7.20     98.40      0.20      0.20      4.00      0.00      0.00      0.00      0.00      0.00
05:45:23 PM     15.20      6.40      3.80      3.80      4.40      0.00      0.00      0.00      0.00      0.00
05:45:28 PM      0.00      0.00      0.00      0.00      0.60      0.00      0.00      0.00      0.00      0.00
05:45:33 PM  38093.60  34853.60   9540.20   9539.40   8975.60  23786.00      0.00   8913.80      0.00      0.00
05:45:38 PM     12.80      0.00      0.00      0.00      4.00      0.00      0.00      0.00      0.00      0.00
05:45:43 PM    161.60      0.00      0.80     40.40    414.20      0.00      0.00      0.00      0.00      0.00
05:45:48 PM      0.80     38.40      0.20      0.20      3.80      0.00      0.00      0.00      0.00      0.00
05:45:53 PM   1399.20    111.20    101.60    127.80    318.80      0.00      0.00      0.00      0.00      0.00
05:45:58 PM      0.00      4.00      0.00      0.00      0.40      0.00      0.00      0.00      0.00      0.00
05:46:03 PM  16277.60  29412.00   4053.80   4075.60   8084.60  12991.20      0.00   7870.00      0.00      0.00
05:46:08 PM      0.00      0.00      0.00      0.00      3.80      0.00      0.00      0.00      0.00      0.00
05:46:13 PM      0.00      0.00      0.00      0.00      4.20      0.00      0.00      0.00      0.00      0.00
05:46:18 PM   4655.20      0.00     64.00     41.80     13.60      0.00      0.00      0.00      0.00      0.00
05:46:23 PM    474.40      0.00     11.80      9.20      5.40      0.00      0.00      0.00      0.00      0.00
05:46:28 PM   2376.00     98.40     34.60     12.40      7.60      0.00      0.00      0.00      0.00      0.00
05:46:33 PM  36038.40  33305.60   9025.20   9018.20   8689.20  75917.20      0.00   8636.60      0.00      0.00
05:46:38 PM    648.00  20931.20     18.40     15.00   5241.80      0.00      0.00      0.00      0.00      0.00
05:46:43 PM      4.00      0.00      2.40      2.40      4.20      0.00      0.00      0.00      0.00      0.00
05:46:48 PM     86.40     52.80      5.20      3.20      5.20      0.00      0.00      0.00      0.00      0.00
05:46:53 PM      0.00      0.00      0.00      0.00      3.80      0.00      0.00      0.00      0.00      0.00
05:46:58 PM      3.20    143.20      0.00      0.00      0.60      0.00      0.00      0.00      0.00      0.00
05:47:03 PM  33059.20   2431.20   8109.60   8101.00   1182.20  55047.80      0.00   1103.60      0.00      0.00
05:47:08 PM      0.80      0.00      0.20      0.20      3.80      0.00      0.00      0.00      0.00      0.00
05:47:13 PM      0.00      4.80      0.00      0.00      4.20      0.00      0.00      0.00      0.00      0.00
05:47:18 PM      0.80      0.00      0.20      0.20      3.80      0.00      0.00      0.00      0.00      0.00
05:47:23 PM      0.00      0.00      0.00      0.00      4.00      0.00      0.00      0.00      0.00      0.00
05:47:28 PM      0.00      0.00      0.00      0.00      0.40      0.00      0.00      0.00      0.00      0.00
05:47:33 PM  17750.40  15922.40   4445.00   4445.00   5723.40  12002.80      0.00   5653.00      0.00      0.00
05:47:38 PM    120.80    136.80      0.60     26.20    311.60      0.00      0.00      0.00      0.00      0.00
05:47:43 PM      0.00      0.00      0.00      0.00      4.00      0.00      0.00      0.00      0.00      0.00
05:47:48 PM   5812.00      4.80     53.40     90.40    652.20      0.00      0.00      0.00      0.00      0.00
05:47:53 PM   1543.20  12415.20    174.80    154.80   3125.20   5797.60      0.00   3107.60      0.00      0.00
05:47:58 PM     68.80      0.00      0.40     17.20    205.80      0.00      0.00      0.00      0.00      0.00
05:48:03 PM  41460.00  29644.80  10372.80  10372.80   8554.60  64308.00      0.00   8504.80      0.00      0.00
05:48:08 PM     27.20      0.00      0.60      0.60      4.00      0.00      0.00      0.00      0.00      0.00
05:48:13 PM      3.20    111.20      0.00      0.00      3.80      0.00      0.00      0.00      0.00      0.00
05:48:18 PM   3861.60  20304.00    332.20     40.00   5779.00   6808.20      0.00   5611.20      0.00      0.00
05:48:23 PM      0.00      0.00      0.00      0.00      3.80      0.00      0.00      0.00      0.00      0.00
05:48:28 PM      0.00      0.00      0.00      0.00      0.60      0.00      0.00      0.00      0.00      0.00
05:48:33 PM  11840.80      0.00   2954.60   2954.40     17.60      0.00      0.00      0.00      0.00      0.00
05:48:38 PM      0.00      4.00      0.00      0.00      3.80      0.00      0.00      0.00      0.00      0.00
05:48:43 PM      0.00      0.00      0.00      0.00      4.00      0.00      0.00      0.00      0.00      0.00
05:48:48 PM      0.00      0.00      0.00      0.00      3.80      0.00      0.00      0.00      0.00      0.00
05:48:53 PM      0.80      0.00      0.20      0.20      4.00      0.00      0.00      0.00      0.00      0.00
05:48:58 PM      0.00      0.00      0.00      0.00      0.40      0.00      0.00      0.00      0.00      0.00
05:49:03 PM  36220.80  26490.40   9055.40   9055.20   7564.40 106516.60      0.00   7468.80      0.00      0.00
05:49:08 PM    120.80    143.20     21.40     21.40      4.40      0.00      0.00      0.00      0.00      0.00
05:49:13 PM      0.00      5.60      0.00      0.00      4.00      0.00      0.00      0.00      0.00      0.00
05:49:18 PM      0.80      0.00      0.20      0.20      4.00      0.00      0.00      0.00      0.00      0.00
05:49:23 PM    901.60      0.00      2.60      2.40      5.20      0.00      0.00      0.00      0.00      0.00
05:49:28 PM      0.00      0.00      0.00      0.00      0.60      0.00      0.00      0.00      0.00      0.00
05:49:33 PM  27512.00  26336.00   6908.20   6907.80   7279.60  32573.40      0.00   7261.20      0.00      0.00
05:49:38 PM     39.20     32.00      0.20      9.80    106.60      0.00      0.00      0.00      0.00      0.00
05:49:43 PM      1.60     85.60      0.40      0.40      3.80      0.00      0.00      0.00      0.00      0.00
05:49:48 PM    880.80      4.80      1.60     18.80    323.60      0.00      0.00      0.00      0.00      0.00
05:49:53 PM   3076.00      0.00    102.00     82.00      8.20      0.00      0.00      0.00      0.00      0.00
05:49:58 PM     72.00     82.40      0.60     18.00    220.00      0.00      0.00     14.20      0.00      0.00
05:50:03 PM   1556.00      0.00    389.20    389.20      5.00      0.00      0.00      0.00      0.00      0.00
05:50:08 PM    140.80      0.00      0.00     35.20    414.20      0.00      0.00      0.00      0.00      0.00
05:50:13 PM      0.00      0.00      0.00      0.00      4.00      0.00      0.00      0.00      0.00      0.00
05:50:18 PM      0.00    104.80      0.00      0.00      4.00      0.00      0.00      0.00      0.00      0.00
05:50:23 PM      0.00      0.00      0.00      0.00      4.00      0.00      0.00      0.00      0.00      0.00
05:50:28 PM     43.20      1.60      0.20     11.00    111.20      0.00      0.00      8.20      0.00      0.00
05:50:33 PM  19263.20  21780.80   4813.60   4813.40   5881.40  76184.40      0.00   5864.80      0.00      0.00
05:50:38 PM      4.00      0.00      0.00      0.00      3.80      0.00      0.00      0.00      0.00      0.00
05:50:43 PM      5.60      0.00      1.40      1.40      3.80      0.00      0.00      0.00      0.00      0.00
05:50:48 PM      2.40      0.00      0.60      0.60      4.00      0.00      0.00      0.00      0.00      0.00
05:50:53 PM      0.00      0.00      0.00      0.00      3.80      0.00      0.00      0.00      0.00      0.00
05:50:58 PM      0.00      0.00      0.00      0.00      0.60      0.00      0.00      0.00      0.00      0.00
05:51:03 PM   7893.60   5600.80   1973.40   1973.40   1399.40   1427.40      0.00   1385.60      0.00      0.00
05:51:08 PM     59.20     52.00     14.80     14.80     80.60  16715.00      0.00     74.20      0.00      0.00
05:51:13 PM      0.00      0.00      0.00      0.00      3.80      0.00      0.00      0.00      0.00      0.00
05:51:18 PM   5132.00   9779.20     83.80     62.00   3102.40  38998.00    314.00   3075.40      0.00      0.00
05:51:23 PM    697.60      0.00     17.60     16.20      6.60      0.00      0.00      0.00      0.00      0.00
05:51:28 PM   2345.60     14.40     35.80     14.80     21.60      0.00      0.00      0.00      0.00      0.00
05:51:33 PM  22579.20  24688.00   5516.20   5511.00   6498.20  63436.00     18.20   6487.60      0.00      0.00
05:51:38 PM   1196.80    194.40    174.00    173.40     11.00      0.00      0.00      0.00      0.00      0.00
05:51:43 PM    111.20      4.00      1.20     27.80    312.20      0.00      0.00      0.00      0.00      0.00
05:51:48 PM      0.80      0.00      0.40      0.20      4.00      0.00      0.00      0.00      0.00      0.00
05:51:53 PM    612.80      0.00    141.00    164.20    587.00      0.00      0.00      0.00      0.00      0.00
05:51:58 PM     16.00     24.00      0.00      0.00      0.40      0.00      0.00      0.00      0.00      0.00
05:52:03 PM  19644.00  10568.00   4663.20   4690.40   5411.20   5186.80      0.00   4773.20      0.00      0.00
05:52:08 PM   6376.00  14502.40    608.00    604.80   3853.80   3971.00      0.00   3743.20      0.00      0.00
05:52:13 PM      4.00      0.00      1.00      1.00      3.80      0.00      0.00      0.00      0.00      0.00
05:52:18 PM      8.80      0.00      3.80      2.20      4.60      0.00      0.00      0.00      0.00      0.00
05:52:23 PM    932.00      0.00      4.60      1.20     15.60      0.00      0.00      0.00      0.00      0.00
05:52:28 PM      0.00      0.00      0.00      0.00      0.60      0.00      0.00      0.00      0.00      0.00
05:52:33 PM   7456.00      0.00   1866.20   1865.60      5.40      0.00      0.00      0.00      0.00      0.00
05:52:38 PM    378.40      4.80     94.80     94.60      7.60      0.00      0.00      0.00      0.00      0.00
05:52:43 PM      0.00     32.00      0.00      0.00      3.80      0.00      0.00      0.00      0.00      0.00
05:52:48 PM   1120.80      0.00     54.40     33.00      8.40      0.00      0.00      0.00      0.00      0.00
05:52:53 PM    418.40    104.80     11.80      8.40     10.20      0.00      0.00      0.00      0.00      0.00
05:52:58 PM      0.00      0.00      0.00      0.00      0.40      0.00      0.00      0.00      0.00      0.00
05:53:03 PM     40.80      0.00      2.20      2.20      4.20      0.00      0.00      0.00      0.00      0.00
05:53:08 PM    115.20      0.00      2.20      0.80      3.80      0.00      0.00      0.00      0.00      0.00
05:53:13 PM      0.00      6.40      0.00      0.00      4.00      0.00      0.00      0.00      0.00      0.00
05:53:18 PM   2733.60      0.00    329.40     37.60    197.00      0.00      0.00      0.00      0.00      0.00
05:53:23 PM      0.00      0.00      0.00      0.00      4.20      0.00      0.00      0.00      0.00      0.00
05:53:28 PM      0.00     32.00      0.00      0.00      0.40      0.00      0.00      0.00      0.00      0.00
05:53:33 PM     42.40      0.00      6.40      6.00      9.40      0.00      0.00      0.00      0.00      0.00
05:53:38 PM  34858.40  32940.80   8716.60   8714.00   9776.20 157467.40  40707.60   9733.60      0.00      0.00
05:53:43 PM     89.60    104.80      5.00     14.60     99.40      0.00      0.00      0.00      0.00      0.00
05:53:48 PM     36.00      4.80      9.20      9.20      5.40      0.00      0.00      0.00      0.00      0.00
05:53:53 PM   2524.00      0.00    208.00    195.20     37.40      0.00      0.00      0.00      0.00      0.00
05:53:58 PM      0.00      0.00      0.00      0.00      0.60      0.00      0.00      0.00      0.00      0.00
05:54:03 PM      2.40      0.00      0.60      0.60      4.00      0.00      0.00      0.00      0.00      0.00
05:54:08 PM   5996.81  22292.22   1485.23   1484.83   6336.73   6581.84      0.00   5785.23      0.00      0.00
05:54:13 PM      8.80     32.00      2.20      2.20      3.80      0.00      0.00      0.00      0.00      0.00
05:54:18 PM      9.60    104.80      0.00      0.00      3.80      0.00      0.00      0.00      0.00      0.00
05:54:23 PM      0.00      4.00      0.00      0.00      4.20      0.00      0.00      0.00      0.00      0.00
05:54:28 PM      0.00      0.00      0.00      0.00      0.40      0.00      0.00      0.00      0.00      0.00
05:54:33 PM      0.80      0.00      0.20      0.20      4.00      0.00      0.00      0.00      0.00      0.00
05:54:38 PM   8896.00      0.00   2226.00   2225.00     19.40      0.00      0.00      0.00      0.00      0.00
05:54:43 PM      0.00      0.00      0.00      0.00      4.00      0.00      0.00      0.00      0.00      0.00
05:54:48 PM      0.80     32.00      0.20      0.20      3.80      0.00      0.00      0.00      0.00      0.00
05:54:53 PM      0.00    111.20      0.00      0.00      4.00      0.00      0.00      0.00      0.00      0.00
05:54:58 PM      2.40      4.00      0.60      0.60      0.40      0.00      0.00      0.00      0.00      0.00
05:55:03 PM      0.00      0.00      0.00      0.00      3.80      0.00      0.00      0.00      0.00      0.00
05:55:08 PM  46116.00  39058.40  11291.80  11279.40  11246.40 101244.00      0.00  11166.40      0.00      0.00
05:55:13 PM   3090.40      0.00     11.60      2.40     99.00      0.00      0.00      0.00      0.00      0.00
05:55:18 PM   2125.60      0.00      3.00      0.80      4.00      0.00      0.00      0.00      0.00      0.00
05:55:23 PM   1006.40     32.00      8.80      6.00      4.40      0.00      0.00      0.00      0.00      0.00
05:55:28 PM     16.00     92.00      0.00      0.00      0.80      0.00      0.00      0.00      0.00      0.00
05:55:33 PM      2.40      4.80      0.80      0.60      3.80      0.00      0.00      0.00      0.00      0.00
05:55:38 PM   2937.60  20657.60    665.20    661.00   5427.40   9515.40      0.00   5282.60      0.00      0.00
05:55:43 PM      0.00      0.00      0.00      0.00      3.80      0.00      0.00      0.00      0.00      0.00
05:55:48 PM      0.00      0.00      0.20      0.00      3.80      0.00      0.00      0.00      0.00      0.00
05:55:53 PM    889.60      0.00    162.60    141.00     18.40      0.00      0.00      0.00      0.00      0.00
05:55:58 PM      0.00     32.00      0.00      0.00      0.40      0.00      0.00      0.00      0.00      0.00
05:56:03 PM      4.00    111.20      0.20      0.20      4.00      0.00      0.00      0.00      0.00      0.00
05:56:08 PM   9168.80      4.80   2292.80   2292.80     27.00      0.00      0.00      0.00      0.00      0.00
05:56:13 PM      0.00      0.00      0.00      0.00      4.00      0.00      0.00      0.00      0.00      0.00
05:56:18 PM   1852.00      0.00     56.60     38.40      6.40      0.00      0.00      0.00      0.00      0.00
05:56:23 PM     16.00      0.00     10.80      9.60      5.20      0.00      0.00      0.00      0.00      0.00
05:56:28 PM   1440.00     52.80     35.80     13.20      2.00      0.00      0.00      0.00      0.00      0.00
05:56:33 PM     71.20     14.40     27.40     17.80      7.40      0.00      0.00      0.00      0.00      0.00
05:56:38 PM  33911.20  22348.00   7409.80   7395.60   7878.20  49686.40    337.40   7820.40      0.00      0.00
05:56:43 PM   1061.60      5.60     14.00      3.80     18.40      0.00      0.00      0.00      0.00      0.00
05:56:48 PM      0.00      0.00      0.40      0.00      4.40      0.00      0.00      0.00      0.00      0.00
05:56:53 PM      0.00      0.00      0.00      0.00      3.80      0.00      0.00      0.00      0.00      0.00
05:56:58 PM      3.20     24.00      0.00      0.00      0.60      0.00      0.00      0.00      0.00      0.00
05:57:03 PM   1211.20   4432.00     31.00     21.20   1099.60  35748.40      0.00   1091.20      0.00      0.00
05:57:08 PM  22176.80  29864.00   5480.20   5476.40   7930.60  55569.60      0.00   7909.40      0.00      0.00
05:57:13 PM      0.00      0.00      0.00      0.00      4.00      0.00      0.00      0.00      0.00      0.00
05:57:18 PM      1.60      0.00      0.40      0.40      3.80      0.00      0.00      0.00      0.00      0.00
05:57:23 PM      2.40      0.00      0.60      0.60      4.00      0.00      0.00      0.00      0.00      0.00
05:57:28 PM      0.00      0.00      0.00      0.00      0.60      0.00      0.00      0.00      0.00      0.00
05:57:33 PM      2.40      0.00      0.60      0.60      4.20      0.00      0.00      0.00      0.00      0.00
05:57:38 PM  22924.80   8718.40   5729.00   5727.40   3005.40   4380.80      0.00   2939.60      0.00      0.00
05:57:43 PM    433.60     32.00     14.20     10.20      5.40      0.00      0.00      0.00      0.00      0.00
05:57:48 PM   5472.80      2.40     82.80     59.40    929.80    944.60      0.00    886.60      0.00      0.00
05:57:53 PM   1153.60      0.00    201.20    177.40     21.40      0.00      0.00      0.00      0.00      0.00
05:57:58 PM      0.00      0.00      0.00      0.00      0.60      0.00      0.00      0.00      0.00      0.00
05:58:03 PM      1.60      0.00      0.80      0.40      4.60      0.00      0.00      0.00      0.00      0.00
05:58:08 PM   4480.80  12276.00   1107.80   1107.40   3371.20  43771.80      0.00   3366.80      0.00      0.00
05:58:13 PM    661.60      4.80      2.60      2.60    121.60      0.00      0.00      0.00      0.00      0.00
05:58:18 PM   2323.20      0.00    334.00     37.60    209.40      0.00      0.00      0.00      0.00      0.00
05:58:23 PM    871.20      0.00      7.80      7.00      4.40      0.00      0.00      0.00      0.00      0.00
05:58:28 PM      0.00      0.00      0.00      0.00      0.60      0.00      0.00      0.00      0.00      0.00
05:58:33 PM     43.20      0.00      5.40      5.00      7.20      0.00      0.00      0.00      0.00      0.00
05:58:38 PM   9158.40  20034.40   2289.40   2288.00   5037.80   7150.20      0.00   5016.80      0.00      0.00
05:58:43 PM     30.40  22962.40      0.60      0.40   6148.00      0.00      0.00      0.00      0.00      0.00
05:58:48 PM      0.00     29.60      0.00      0.00     10.00      0.00      0.00      0.00      0.00      0.00
05:58:53 PM      0.00      0.00      0.00      0.00      4.00      0.00      0.00      0.00      0.00      0.00
05:58:58 PM      0.00      0.00      0.00      0.00      0.40      0.00      0.00      0.00      0.00      0.00
05:59:03 PM      1.60      0.00      0.40      0.40      4.00      0.00      0.00      0.00      0.00      0.00
05:59:08 PM  30861.60      0.00   7707.40   7707.40     99.60      0.00      0.00      0.00      0.00      0.00
05:59:13 PM      0.00     32.00      0.00      0.00      4.00      0.00      0.00      0.00      0.00      0.00
05:59:18 PM      0.00     98.40      0.00      0.00      3.80      0.00      0.00      0.00      0.00      0.00
05:59:23 PM      1.60      4.00      0.40      0.40      3.80      0.00      0.00      0.00      0.00      0.00
05:59:28 PM      0.00      0.00      0.00      0.00      0.60      0.00      0.00      0.00      0.00      0.00
05:59:33 PM      0.80      0.00      0.20      0.20      4.00      0.00      0.00      0.00      0.00      0.00
05:59:38 PM  22702.59   8700.20   5630.74   5628.14   4011.78   9046.51    392.02   3922.16      0.00      0.00
05:59:43 PM     38.48      0.00      1.80      0.40      3.81      0.00      0.00      0.00      0.00      0.00
05:59:48 PM      0.00     32.00      0.00      0.00      4.00      0.00      0.00      0.00      0.00      0.00
05:59:53 PM   2821.60   1371.20     31.00     12.00    974.80  72026.40      0.00    948.00      0.00      0.00
05:59:58 PM      0.00      4.80      0.00      0.00      0.40      0.00      0.00      0.00      0.00      0.00
06:00:03 PM      0.00      0.00      0.00      0.00      4.00      0.00      0.00      0.00      0.00      0.00
06:00:08 PM   3802.40   1920.80    952.80    952.40    982.00  40826.00      0.00    973.80      0.00      0.00
06:00:13 PM      0.00      0.00      0.00      0.00      4.00      0.00      0.00      0.00      0.00      0.00
06:00:18 PM      0.00      0.00      0.00      0.00      3.80      0.00      0.00      0.00      0.00      0.00
06:00:23 PM      0.00     32.00      0.00      0.00      4.00      0.00      0.00      0.00      0.00      0.00
06:00:28 PM   1908.00     98.40      5.00      1.60      0.40      0.00      0.00      0.00      0.00      0.00
06:00:33 PM      0.00      6.40      1.60      0.00      4.20      0.00      0.00      0.00      0.00      0.00
06:00:38 PM  11897.60  15764.80   2977.60   2977.40   4227.00   5332.40      0.00   4214.40      0.00      0.00
06:00:43 PM      9.60      0.00      0.60      0.40      3.80      0.00      0.00      0.00      0.00      0.00
06:00:48 PM      1.60      0.00      0.60      0.40      4.00      0.00      0.00      0.00      0.00      0.00
06:00:53 PM    114.40      0.00      0.60      0.60      3.80      0.00      0.00      0.00      0.00      0.00
Average:      2932.88   3054.10    701.27    686.88    856.56   3336.07     98.10    589.59      0.00      0.00
