Linux 7.0.10-arch1-1 (archlinux) 	05/29/2026 	_x86_64_	(4 CPU)

05:00:53 PM kbmemfree   kbavail kbmemused  %memused kbbuffers  kbcached  kbcommit   %commit  kbactive   kbinact   kbdirty   kbshmem
05:00:58 PM   4017404   4033596   3872216     48.98      2556    230848   8770376     31.91   3622748     65340      1288      5372
05:01:03 PM   4017180   4033440   3872372     48.98      2556    230848   8770376     31.91   3622764     65408      1288      5372
05:01:08 PM   4016940   4033256   3872556     48.98      2556    230980   8770376     31.91   3622764     65456        64      5372
05:01:13 PM   4008748   4025144   3880668     49.09      2556    231024   8770376     31.91   3622764     65536       108      5372
05:01:18 PM   4008748   4025144   3880668     49.09      2556    231108   8770376     31.91   3622764     65536       168      5372
05:01:23 PM   4008748   4025272   3880540     49.08      2556    231104   8770376     31.91   3622764     65664       164      5372
05:01:28 PM   4008748   4025400   3880412     49.08      2556    231404   8770376     31.91   3622700     65856       144      5372
05:01:33 PM   4008748   4025596   3880216     49.08      2556    231428   8770376     31.91   3622700     66052        20      5372
05:01:38 PM   4008748   4024788   3881024     49.09      2556    230620   8770376     31.91   3621984     65888        20      5372
05:01:43 PM   4008748   4024468   3881344     49.09      2556    230304   8770376     31.91   3621740     65788        24      5372
05:01:48 PM   4008748   4024212   3881600     49.10      2556    230092   8770376     31.91   3621540     65720        68      5372
05:01:53 PM   4008748   4024260   3881552     49.10      2556    230092   8770376     31.91   3621560     65768        68      5372
05:01:58 PM   4008748   4024384   3881428     49.10      2556    230316   8770376     31.91   3621684     65768        68      5372
05:02:03 PM   4008748   4024780   3881032     49.09      2556    230696   8770376     31.91   3622036     65816        96      5372
05:02:08 PM   4008748   4024792   3881020     49.09      2556    230696   8770376     31.91   3622048     65816       116      5372
05:02:13 PM   4008748   4024864   3880948     49.09      2556    230728   8770376     31.91   3622124     65816       268      5372
05:02:18 PM   4008748   4025156   3880656     49.09      2556    231064   8770376     31.91   3622132     66108       220      5372
05:02:23 PM   4008748   4025228   3880584     49.09      2556    231068   8770376     31.91   3622128     66184       224      5372
05:02:28 PM   4008748   4025200   3880612     49.09      2556    231032   8770376     31.91   3622104     66184       220      5372
05:02:33 PM   4008748   4025204   3880608     49.09      2556    231036   8770376     31.91   3622096     66184       220      5372
05:02:38 PM   4008748   4025252   3880560     49.08      2556    231084   8770376     31.91   3622100     66232       248      5372
05:02:43 PM   4008748   4025068   3880744     49.09      2556    230900   8770376     31.91   3621908     66232       148      5372
05:02:48 PM   4007992   4024504   3881308     49.09      2556    231188   8778572     31.94   3621824     66508        20      5372
05:02:53 PM   4007992   4024600   3881212     49.09      2556    231192   8778572     31.94   3621832     66596        24      5372
05:02:58 PM   4007992   4024636   3881176     49.09      2556    231224   8778572     31.94   3621820     66644        68      5372
05:03:03 PM   4007992   4025412   3880400     49.08      2556    232000   8777636     31.94   3622388     66664        68      5372
05:03:08 PM   4007992   4025412   3880400     49.08      2556    232000   8777636     31.94   3622388     66664        68      5372
05:03:13 PM   4007992   4025432   3880380     49.08      2556    232020   8777636     31.94   3622304     66712        96      5372
05:03:18 PM   4007768   4025208   3880604     49.09      2556    232032   8777636     31.94   3622304     66712        24      5372
05:03:23 PM   4007768   4025076   3880736     49.09      2556    232040   8777636     31.94   3621812     66760        68      5372
05:03:28 PM   4007768   4025284   3880528     49.08      2556    232228   8777636     31.94   3621992     66868        24      5372
05:03:33 PM   4007768   4016964   3888848     49.19      2228    224080   8777636     31.94   3618080     61992        24      5340
05:03:38 PM   4025652   4017932   3887880     49.18      1672    207764   8777636     31.94   3608760     53380        24      5336
05:03:43 PM   4025652   4018008   3887804     49.18      1672    207876   8777636     31.94   3608836     53380        72      5336
05:03:48 PM   4025652   4018116   3887696     49.18      1672    207952   8777636     31.94   3608776     53536       128      5336
05:03:53 PM   4025652   4018108   3887704     49.18      1672    207896   8777636     31.94   3606744     53584        20      5336
05:03:58 PM   4025652   4018108   3887704     49.18      1672    208016   8777636     31.94   3606744     53584        24      5336
05:04:03 PM   4025652   4018108   3887704     49.18      1672    208016   8777636     31.94   3606744     53584        24      5336
05:04:08 PM   4025652   4017896   3887916     49.18      1672    207792   8777636     31.94   3606412     53576        24      5336
05:04:13 PM   4025652   4017896   3887916     49.18      1672    207888   8777636     31.94   3606412     53576        24      5336
05:04:18 PM   4025652   4018224   3887588     49.17      1676    208188   8777636     31.94   3606644     53700        24      5336
05:04:23 PM   4025652   4023232   3882580     49.11      1676    213088   8777636     31.94   3611428     53992        96      5336
05:04:28 PM   4025652   4023228   3882584     49.11      1676    213012   8777636     31.94   3611440     53992       116      5336
05:04:33 PM   4025652   4023228   3882584     49.11      1676    213020   8777636     31.94   3611440     53992       124      5336
05:04:38 PM   4025652   4023236   3882576     49.11      1676    213020   8777636     31.94   3611440     54000       124      5336
05:04:43 PM   4025652   4023236   3882576     49.11      1676    213020   8777636     31.94   3611448     54000       124      5336
05:04:48 PM   4025652   4023132   3882680     49.11      1676    212916   8777636     31.94   3611336     54000        28      5336
05:04:53 PM   4025652   4023380   3882432     49.11      1676    213168   8777636     31.94   3611336     54248        28      5336
05:04:58 PM   4025652   4023512   3882300     49.11      1676    213344   8777636     31.94   3611424     54296        96      5336
05:05:03 PM   4025652   4023184   3882628     49.11      1676    213020   8777636     31.94   3611048     54296       116      5336
05:05:08 PM   4025652   4023232   3882580     49.11      1676    213020   8777636     31.94   3611056     54344       116      5336
05:05:13 PM   4025652   4023232   3882580     49.11      1676    213020   8777636     31.94   3611056     54344       116      5336
05:05:18 PM   4025652   4023232   3882580     49.11      1676    213020   8777636     31.94   3611056     54344       116      5336
05:05:23 PM   4025652   4023080   3882732     49.11      1676    212868   8777636     31.94   3610896     54344        20      5336
05:05:28 PM   4025400   4023060   3882752     49.11      1676    213184   8777636     31.94   3611004     54468        20      5336
05:05:33 PM   4024896   4022928   3882884     49.11      1676    213588   8777636     31.94   3611224     54632        80      5336
05:05:38 PM   4024896   4023024   3882788     49.11      1676    213568   8777636     31.94   3611304     54632       100      5336
05:05:43 PM   4024896   4023024   3882788     49.11      1676    213568   8777636     31.94   3611304     54632       100      5336
05:05:48 PM   4024896   4023024   3882788     49.11      1676    213568   8777636     31.94   3611304     54632       100      5336
05:05:53 PM   4028744   4026872   3878940     49.06      1676    213568   8777636     31.94   3609256     54632       100      5336
05:05:58 PM   4028744   4026872   3878940     49.06      1676    213568   8777636     31.94   3609276     54632        20      5336
05:06:03 PM   4028492   4026868   3878944     49.06      1676    213844   8777636     31.94   3609276     54880        24      5336
05:06:08 PM   4028492   4026992   3878820     49.06      1676    213940   8777636     31.94   3609276     55004        96      5336
05:06:13 PM   4028492   4026892   3878920     49.06      1676    213840   8777636     31.94   3609160     55004       116      5336
05:06:18 PM   4028492   4027388   3878424     49.06      1676    214488   8777636     31.94   3609656     55004       116      5336
05:06:23 PM   4028492   4027388   3878424     49.06      1676    214488   8777636     31.94   3609656     55004       116      5336
05:06:28 PM   4028492   4027568   3878244     49.06      1676    214628   8777636     31.94   3609824     55032       284      5336
05:06:33 PM   4028492   4027632   3878180     49.05      1676    214688   8777636     31.94   3609788     55120       188      5336
05:06:38 PM   4027988   4027504   3878308     49.06      1676    215008   8777636     31.94   3609812     55488       188      5336
05:06:43 PM   4027736   4027340   3878472     49.06      1676    215108   8777636     31.94   3609796     55584       276      5336
05:06:48 PM   4027736   4027336   3878476     49.06      1676    215040   8777636     31.94   3609732     55652       300      5336
05:06:53 PM   4027736   4027240   3878572     49.06      1676    215108   8777636     31.94   3609640     55648       296      5336
05:06:58 PM   4027736   4027440   3878372     49.06      1676    215144   8777636     31.94   3609804     55684       184      5336
05:07:03 PM   4027736   4027440   3878372     49.06      1676    215144   8777636     31.94   3609796     55684       184      5336
05:07:08 PM   4027736   4027404   3878408     49.06      1676    215108   8777636     31.94   3609748     55684        24      5336
05:07:13 PM   4027484   4027396   3878416     49.06      1676    215440   8777636     31.94   3609756     55932        24      5336
05:07:18 PM   4027484   4027580   3878232     49.06      1676    215536   8777636     31.94   3609776     56100        96      5336
05:07:23 PM   4027484   4027580   3878232     49.06      1676    215540   8777636     31.94   3609776     56100       120      5336
05:07:28 PM   4027484   4027556   3878256     49.06      1676    215512   8777636     31.94   3609724     56104       120      5336
05:07:33 PM   4027484   4027556   3878256     49.06      1676    215564   8777636     31.94   3609724     56104       120      5336
05:07:38 PM   4027484   4027608   3878204     49.06      1676    215564   8777636     31.94   3609804     56104       120      5336
05:07:43 PM   4027484   4026628   3879184     49.07      1672    214640   8777636     31.94   3609392     55536        24      5336
05:07:48 PM   4027232   4026832   3878980     49.06      1676    215040   8777636     31.94   3609616     55768        24      5336
05:07:53 PM   4027232   4026832   3878980     49.06      1676    215136   8777636     31.94   3609616     55768        96      5336
05:07:58 PM   4027232   4026780   3879032     49.07      1676    215084   8777636     31.94   3609552     55768       116      5336
05:08:03 PM   4026980   4031252   3874560     49.01      1676    219704   8777636     31.94   3614084     56188       116      5336
05:08:08 PM   4026980   4029468   3876344     49.03      1672    217752   8777636     31.94   3613844     54640       116      5336
05:08:13 PM   4026980   4029176   3876636     49.04      1672    217628   8777636     31.94   3613868     54472       116      5336
05:08:18 PM   4026980   4029176   3876636     49.04      1672    217636   8777636     31.94   3613868     54472        28      5336
05:08:23 PM   4026980   4029288   3876524     49.03      1676    217796   8777636     31.94   3613688     54728        28      5336
05:08:28 PM   4026728   4029208   3876604     49.03      1676    218128   8777636     31.94   3613808     54780        96      5336
05:08:33 PM   4026728   4029436   3876376     49.03      1676    218260   8777636     31.94   3613932     54884       116      5336
05:08:38 PM   4026728   4029436   3876376     49.03      1676    218264   8777636     31.94   3613932     54884       120      5336
05:08:43 PM   4026728   4029192   3876620     49.04      1676    217892   8777636     31.94   3613660     54880       120      5336
05:08:48 PM   4026728   4029192   3876620     49.04      1676    217892   8777636     31.94   3613660     54880       120      5336
05:08:53 PM   4026728   4029160   3876652     49.04      1676    217860   8777636     31.94   3613624     54880        24      5336
05:08:58 PM   4026728   4029404   3876408     49.03      1676    218168   8777636     31.94   3613608     55128        24      5336
05:09:03 PM   4026728   4029564   3876248     49.03      1676    218264   8777636     31.94   3613608     55288        96      5336
05:09:08 PM   4026728   4029564   3876248     49.03      1676    218264   8777636     31.94   3613608     55288       116      5336
05:09:13 PM   4026728   4029672   3876140     49.03      1676    218412   8777636     31.94   3613720     55284       116      5336
05:09:18 PM   4026728   4029672   3876140     49.03      1676    218412   8777636     31.94   3613724     55284       116      5336
05:09:23 PM   4026728   4029712   3876100     49.03      1676    218412   8777636     31.94   3613776     55284       116      5336
05:09:28 PM   4026728   4029712   3876100     49.03      1676    218412   8777636     31.94   3613768     55284        20      5336
05:09:33 PM   4026728   4030000   3875812     49.02      1676    218700   8777636     31.94   3613772     55572        20      5336
05:09:38 PM   4026728   4030048   3875764     49.02      1676    218876   8777636     31.94   3613768     55620       144      5336
05:09:43 PM   4026728   4030176   3875636     49.02      1676    218876   8777636     31.94   3613780     55748       164      5336
05:09:48 PM   4026728   4030176   3875636     49.02      1676    218876   8777636     31.94   3613780     55748       164      5336
05:09:53 PM   4026728   4030176   3875636     49.02      1676    218876   8777636     31.94   3613788     55748       164      5336
05:09:58 PM   4026728   4030176   3875636     49.02      1676    218876   8777636     31.94   3613788     55748       164      5336
05:10:03 PM   4026728   4030180   3875632     49.02      1676    218880   8777636     31.94   3613776     55752        24      5336
05:10:08 PM   4026476   4030056   3875756     49.02      1676    219032   8777636     31.94   3613656     56000        24      5336
05:10:13 PM   4026476   4030176   3875636     49.02      1676    219128   8777636     31.94   3613652     56120        96      5336
05:10:18 PM   4026476   4030176   3875636     49.02      1676    219128   8777636     31.94   3613652     56120       116      5336
05:10:23 PM   4026476   4030176   3875636     49.02      1676    219128   8777636     31.94   3613652     56120       116      5336
05:10:28 PM   4026476   4030176   3875636     49.02      1676    219128   8777636     31.94   3613644     56120       116      5336
05:10:33 PM   4026476   4030176   3875636     49.02      1676    219128   8777636     31.94   3613656     56120       116      5336
05:10:38 PM   4026476   4030176   3875636     49.02      1676    219128   8777636     31.94   3613656     56120        20      5336
05:10:43 PM   4026224   4027312   3878500     49.06      1676    216524   8777636     31.94   3609712     55624        20      5336
05:10:48 PM   4026224   4027560   3878252     49.06      1676    216976   8777636     31.94   3609952     55624       104      5336
05:10:53 PM   4026224   4027760   3878052     49.05      1676    217068   8777636     31.94   3610056     55720       116      5336
05:10:58 PM   4026224   4026332   3879480     49.07      1672    215584   8777636     31.94   3609796     54488       116      5336
05:11:03 PM   4026224   4026104   3879708     49.07      1672    215356   8777636     31.94   3609780     54168       116      5336
05:11:08 PM   4026224   4026196   3879616     49.07      1672    215416   8777636     31.94   3609876     54168       116      5336
05:11:13 PM   4026224   4026308   3879504     49.07      1672    215524   8777636     31.94   3609888     54268        24      5336
05:11:18 PM   4025972   4026180   3879632     49.07      1676    215784   8777636     31.94   3609888     54392        24      5336
05:11:23 PM   4025972   4026784   3879028     49.07      1676    216248   8777636     31.94   3610400     54620       100      5336
05:11:28 PM   4025720   4026784   3879028     49.07      1676    216612   8777636     31.94   3610572     54704       284      5336
05:11:33 PM   4025720   4026812   3879000     49.07      1676    216676   8777636     31.94   3610580     54732       316      5336
05:11:38 PM   4025720   4026928   3878884     49.06      1676    216676   8777636     31.94   3610552     54876       316      5336
05:11:43 PM   4025720   4026948   3878864     49.06      1676    216672   8777636     31.94   3610572     54876       312      5336
05:11:48 PM   4025720   4026872   3878940     49.06      1676    216640   8777636     31.94   3610496     54876       188      5336
05:11:53 PM   4024964   4026524   3879288     49.07      1676    217052   8777636     31.94   3610508     55284       136      5336
05:11:58 PM   4024964   4026592   3879220     49.07      1676    217144   8777636     31.94   3610464     55396       100      5336
05:12:03 PM   4024964   4026592   3879220     49.07      1676    217144   8777636     31.94   3610464     55396       116      5336
05:12:08 PM   4024964   4026496   3879316     49.07      1676    216968   8777636     31.94   3610284     55476       116      5336
05:12:13 PM   4024964   4026496   3879316     49.07      1676    216968   8777636     31.94   3610284     55476       116      5336
05:12:18 PM   4024964   4026496   3879316     49.07      1676    216968   8777636     31.94   3610292     55476        20      5336
05:12:23 PM   4024964   4026456   3879356     49.07      1676    216928   8777636     31.94   3610236     55476        20      5336
05:12:28 PM   4024964   4026704   3879108     49.07      1676    217200   8777636     31.94   3610236     55724        20      5336
05:12:33 PM   4024964   4026376   3879436     49.07      1676    217004   8777636     31.94   3610192     55436        96      5336
05:12:38 PM   4024964   4026524   3879288     49.07      1676    216996   8777636     31.94   3610220     55556       116      5336
05:12:43 PM   4023704   4028436   3877376     49.04      1676    220276   8778056     31.94   3613068     56200       352      5336
05:12:48 PM   4023704   4028656   3877156     49.04      1676    220380   8778056     31.94   3613292     56248       352      5336
05:12:53 PM   4023704   4028596   3877216     49.04      1676    220320   8778056     31.94   3613228     56248       352      5336
05:12:58 PM   4023704   4028288   3877524     49.05      1676    220016   8778056     31.94   3612824     56248       208      5336
05:13:03 PM   4023704   4028536   3877276     49.04      1676    220328   8778056     31.94   3612824     56496       212      5336
05:13:08 PM   4023704   4029076   3876736     49.04      1676    220792   8777636     31.94   3614960     56656       288      5336
05:13:13 PM   4023704   4029076   3876736     49.04      1676    220792   8777636     31.94   3614960     56656       132      5336
05:13:18 PM   4023704   4029076   3876736     49.04      1676    220792   8777636     31.94   3614992     56656       116      5336
05:13:23 PM   4023704   4029016   3876796     49.04      1676    220752   8777636     31.94   3614508     56656       116      5336
05:13:28 PM   4023704   4027332   3878480     49.06      1672    219092   8777636     31.94   3614104     55296       116      5336
05:13:33 PM   4023704   4027316   3878496     49.06      1672    219136   8777636     31.94   3614084     55296        20      5336
05:13:38 PM   4023704   4027724   3878088     49.05      1676    219444   8777636     31.94   3614232     55568        20      5336
05:13:43 PM   4023704   4027720   3878092     49.05      1676    219536   8777636     31.94   3614228     55568        96      5336
05:13:48 PM   4023704   4027824   3877988     49.05      1676    219544   8777636     31.94   3614228     55672       120      5336
05:13:53 PM   4023704   4027824   3877988     49.05      1676    219544   8777636     31.94   3614220     55672       120      5336
05:13:58 PM   4023704   4027832   3877980     49.05      1676    219548   8777636     31.94   3614236     55676       124      5336
05:14:03 PM   4023704   4027832   3877980     49.05      1676    219548   8777636     31.94   3614236     55676       124      5336
05:14:08 PM   4025268   4026292   3879520     49.07      1672    216284   8777636     31.94   3610808     54464        28      5336
05:14:13 PM   4025320   4026596   3879216     49.07      1676    216808   8777636     31.94   3610872     54636        28      5336
05:14:18 PM   4025320   4026796   3879016     49.07      1676    216904   8777636     31.94   3610864     54844        96      5336
05:14:23 PM   4025320   4026796   3879016     49.07      1676    216904   8777636     31.94   3610948     54844       116      5336
05:14:28 PM   4025320   4026684   3879128     49.07      1676    216792   8777636     31.94   3610836     54844       116      5336
05:14:33 PM   4025320   4026684   3879128     49.07      1676    216952   8777636     31.94   3610872     54844       116      5336
05:14:38 PM   4025320   4026840   3878972     49.06      1676    216952   8777636     31.94   3611072     54844       116      5336
05:14:43 PM   4025320   4026840   3878972     49.06      1676    216952   8777636     31.94   3611072     54844        20      5336
05:14:48 PM   4025320   4027068   3878744     49.06      1676    217176   8777636     31.94   3611076     55068        20      5336
05:14:53 PM   4025320   4027068   3878744     49.06      1676    217272   8777636     31.94   3611076     55068        96      5336
05:14:58 PM   4025320   4027164   3878648     49.06      1676    217272   8777636     31.94   3611064     55164       116      5336
05:15:03 PM   4025320   4027164   3878648     49.06      1676    217272   8777636     31.94   3611064     55164       116      5336
05:15:08 PM   4025320   4027164   3878648     49.06      1676    217272   8777636     31.94   3611064     55164       116      5336
05:15:13 PM   4025320   4027164   3878648     49.06      1676    217272   8777636     31.94   3611064     55164       116      5336
05:15:18 PM   4025320   4027164   3878648     49.06      1676    217272   8777636     31.94   3611064     55164        20      5336
05:15:23 PM   4025320   4027412   3878400     49.06      1676    217544   8777636     31.94   3611076     55412        20      5336
05:15:28 PM   4025320   4027412   3878400     49.06      1676    217640   8777636     31.94   3611076     55412        96      5336
05:15:33 PM   4025320   4027532   3878280     49.06      1676    217640   8777636     31.94   3611072     55532       116      5336
05:15:38 PM   4025320   4027532   3878280     49.06      1676    217640   8777636     31.94   3611076     55532       116      5336
05:15:43 PM   4025320   4027540   3878272     49.06      1676    217648   8777636     31.94   3611076     55540       124      5336
05:15:48 PM   4025320   4027540   3878272     49.06      1676    217648   8777636     31.94   3611076     55540       124      5336
05:15:53 PM   4025320   4027540   3878272     49.06      1676    217648   8777636     31.94   3611076     55540        28      5336
05:15:58 PM   4025320   4027284   3878528     49.06      1676    217436   8777636     31.94   3610832     55528        28      5336
05:16:03 PM   4025320   4027424   3878388     49.06      1676    217532   8777636     31.94   3610876     55624        96      5336
05:16:08 PM   4025320   4027424   3878388     49.06      1676    217536   8777636     31.94   3610880     55624       120      5336
05:16:13 PM   4026068   4026808   3879004     49.07      1672    216272   8777636     31.94   3610676     54416       120      5336
05:16:18 PM   4026068   4026980   3878832     49.06      1672    216444   8777636     31.94   3610848     54416       120      5336
05:16:23 PM   4026068   4027140   3878672     49.06      1672    216504   8777636     31.94   3611044     54420       124      5336
05:16:28 PM   4026068   4027292   3878520     49.06      1672    216724   8777636     31.94   3611036     54584        80      5336
05:16:33 PM   4025816   4027524   3878288     49.06      1676    217220   8777636     31.94   3611040     55068       192      5336
05:16:38 PM   4025816   4027604   3878208     49.06      1676    217348   8777636     31.94   3611040     55148       296      5336
05:16:43 PM   4025816   4027732   3878080     49.05      1676    217344   8777636     31.94   3611044     55276       312      5336
05:16:48 PM   4025816   4027732   3878080     49.05      1676    217344   8777636     31.94   3611044     55276       312      5336
05:16:53 PM   4025816   4027728   3878084     49.05      1676    217340   8777636     31.94   3611032     55276       312      5336
05:16:58 PM   4025816   4027728   3878084     49.05      1676    217340   8777636     31.94   3611032     55276       312      5336
05:17:03 PM   4025644   4027776   3878036     49.05      1676    217560   8777636     31.94   3611032     55496       240      5336
05:17:08 PM   4025564   4027772   3878040     49.05      1676    217644   8777636     31.94   3611032     55572        20      5336
05:17:13 PM   4025564   4027876   3877936     49.05      1676    217740   8777636     31.94   3611032     55676        96      5336
05:17:18 PM   4025564   4027876   3877936     49.05      1676    217740   8777636     31.94   3611032     55676       116      5336
05:17:23 PM   4025564   4027876   3877936     49.05      1676    217740   8777636     31.94   3611032     55676       116      5336
05:17:28 PM   4025564   4027876   3877936     49.05      1676    217740   8777636     31.94   3611032     55676       116      5336
05:17:33 PM   4025564   4027876   3877936     49.05      1676    217740   8777636     31.94   3611032     55676        20      5336
05:17:38 PM   4025564   4027876   3877936     49.05      1676    217740   8777636     31.94   3611032     55676        20      5336
05:17:43 PM   4025564   4028148   3877664     49.05      1676    218012   8777636     31.94   3611036     55948        20      5336
05:17:48 PM   4025564   4028136   3877676     49.05      1676    218112   8777636     31.94   3611024     55948        96      5336
05:17:53 PM   4025564   4028136   3877676     49.05      1676    218112   8777636     31.94   3611024     55948       116      5336
05:17:58 PM   4025564   4028248   3877564     49.05      1676    218112   8777636     31.94   3611036     56044       116      5336
05:18:03 PM   4025564   4028248   3877564     49.05      1676    218112   8777636     31.94   3611036     56044       116      5336
05:18:08 PM   4025564   4028248   3877564     49.05      1676    218112   8777636     31.94   3611036     56044       116      5336
05:18:13 PM   4024304   4028436   3877376     49.04      1676    219552   8777636     31.94   3614184     56144        20      5336
05:18:18 PM   4024304   4028560   3877252     49.04      1676    219776   8777636     31.94   3614184     56268        20      5336
05:18:23 PM   4024304   4028752   3877060     49.04      1676    219868   8777636     31.94   3614180     56464        96      5336
05:18:28 PM   4024304   4028752   3877060     49.04      1676    219872   8777636     31.94   3614180     56464       116      5336
05:18:33 PM   4024304   4028752   3877060     49.04      1676    219872   8777636     31.94   3614180     56464       116      5336
05:18:38 PM   4024304   4028736   3877076     49.04      1676    219852   8777636     31.94   3614144     56464       116      5336
05:18:43 PM   4024304   4028736   3877076     49.04      1676    219852   8777636     31.94   3614144     56464       116      5336
05:18:48 PM   4024304   4028664   3877148     49.04      1676    219780   8777636     31.94   3616104     56464        20      5336
05:18:53 PM   4024304   4028836   3876976     49.04      1676    219976   8777636     31.94   3615992     56712        20      5336
05:18:58 PM   4024304   4028864   3876948     49.04      1676    220076   8777636     31.94   3615992     56740        96      5336
05:19:03 PM   4024304   4028944   3876868     49.04      1676    220076   8777636     31.94   3615996     56820       116      5336
05:19:08 PM   4024304   4028964   3876848     49.04      1676    220080   8777636     31.94   3615996     56840       120      5336
05:19:13 PM   4024304   4028964   3876848     49.04      1676    220080   8777636     31.94   3615996     56840       120      5336
05:19:18 PM   4024304   4028964   3876848     49.04      1676    220080   8777636     31.94   3615996     56840       120      5336
05:19:23 PM   4024052   4028712   3877100     49.04      1676    220088   8777636     31.94   3616024     56840        32      5336
05:19:28 PM   4023800   4028692   3877120     49.04      1676    220312   8777636     31.94   3616028     57072        32      5336
05:19:33 PM   4023800   4028772   3877040     49.04      1676    220408   8777636     31.94   3616032     57152        96      5336
05:19:38 PM   4024824   4029808   3876004     49.03      1676    220404   8777636     31.94   3616028     57164       116      5336
05:19:43 PM   4024824   4029808   3876004     49.03      1676    220404   8777636     31.94   3616028     57164       116      5336
05:19:48 PM   4024824   4029808   3876004     49.03      1676    220404   8777636     31.94   3616028     57164       116      5336
05:19:53 PM   4024824   4029808   3876004     49.03      1676    220404   8777636     31.94   3616024     57164       116      5336
05:19:58 PM   4024824   4029808   3876004     49.03      1676    220404   8777636     31.94   3616024     57164        20      5336
05:20:03 PM   4024572   4029804   3876008     49.03      1676    220676   8777636     31.94   3616024     57412        20      5336
05:20:08 PM   4024572   4029924   3875888     49.03      1676    220772   8777636     31.94   3616024     57532        96      5336
05:20:13 PM   4024572   4029924   3875888     49.03      1676    220772   8777636     31.94   3616024     57532       116      5336
05:20:18 PM   4024572   4029924   3875888     49.03      1676    220772   8777636     31.94   3616024     57532       116      5336
05:20:23 PM   4024572   4029924   3875888     49.03      1676    220772   8777636     31.94   3616024     57532       116      5336
05:20:28 PM   4024572   4029924   3875888     49.03      1676    220772   8777636     31.94   3616024     57532       116      5336
05:20:33 PM   4024572   4029924   3875888     49.03      1676    220776   8777636     31.94   3616024     57532        24      5336
05:20:38 PM   4024320   4029900   3875912     49.03      1676    221000   8777636     31.94   3616032     57760        24      5336
05:20:43 PM   4024320   4029896   3875916     49.03      1676    221092   8777636     31.94   3616032     57756        96      5336
05:20:48 PM   4024320   4029992   3875820     49.02      1676    221092   8777636     31.94   3616028     57852       116      5336
05:20:53 PM   4024320   4029992   3875820     49.02      1676    221092   8777636     31.94   3616028     57852       116      5336
05:20:58 PM   4024320   4029992   3875820     49.02      1676    221092   8777636     31.94   3616028     57852       116      5336
05:21:03 PM   4024320   4029992   3875820     49.02      1676    221092   8777636     31.94   3616028     57852       116      5336
05:21:08 PM   4024320   4029992   3875820     49.02      1676    221092   8777636     31.94   3616028     57852        20      5336
05:21:13 PM   4024320   4025628   3880184     49.08      1672    216784   8777636     31.94   3613108     54384        20      5336
05:21:18 PM   4024320   4025976   3879836     49.08      1672    217100   8777636     31.94   3613276     54564        96      5336
05:21:23 PM   4024320   4025976   3879836     49.08      1672    217104   8777636     31.94   3613276     54564       116      5336
05:21:28 PM   4024320   4026160   3879652     49.07      1672    217272   8777636     31.94   3613348     54668       284      5336
05:21:33 PM   4024068   4026100   3879712     49.07      1672    217472   8777636     31.94   3613484     54864       204      5336
05:21:38 PM   4024068   4026104   3879708     49.07      1672    217468   8777636     31.94   3613532     54860       200      5336
05:21:43 PM   4024068   4026104   3879708     49.07      1672    217500   8777636     31.94   3613532     54860       136      5336
05:21:48 PM   4024068   4026560   3879252     49.07      1676    217920   8777636     31.94   3613536     55316       188      5336
05:21:53 PM   4024068   4026588   3879224     49.07      1676    218044   8777636     31.94   3613536     55344       288      5336
05:21:58 PM   4024068   4026684   3879128     49.07      1676    218044   8777636     31.94   3613536     55440       196      5336
05:22:03 PM   4024068   4026684   3879128     49.07      1676    218044   8777636     31.94   3613536     55440       196      5336
05:22:08 PM   4024068   4026684   3879128     49.07      1676    218044   8777636     31.94   3613536     55440       196      5336
05:22:13 PM   4024068   4026668   3879144     49.07      1676    218032   8777636     31.94   3613520     55440       200      5336
05:22:18 PM   4024068   4026912   3878900     49.06      1676    218404   8777636     31.94   3613508     55688        24      5336
05:22:23 PM   4024068   4027024   3878788     49.06      1676    218388   8777636     31.94   3613496     55800        24      5336
05:22:28 PM   4024068   4027024   3878788     49.06      1676    218484   8777636     31.94   3613492     55800        96      5336
05:22:33 PM   4024068   4026648   3879164     49.07      1676    218048   8777636     31.94   3613336     55596       116      5336
05:22:38 PM   4024068   4026648   3879164     49.07      1676    218048   8777636     31.94   3613336     55596       116      5336
05:22:43 PM   4024068   4026676   3879136     49.07      1676    218036   8777636     31.94   3613320     55596       116      5336
05:22:48 PM   4024068   4026672   3879140     49.07      1676    218096   8777636     31.94   3613352     55596       116      5336
05:22:53 PM   4024068   4026736   3879076     49.07      1676    218096   8777636     31.94   3613432     55596        20      5336
05:22:58 PM   4024068   4027108   3878704     49.06      1676    218588   8777636     31.94   3613428     55968        20      5336
05:23:03 PM   4024068   4027228   3878584     49.06      1676    218684   8777636     31.94   3613416     56088        96      5336
05:23:08 PM   4024068   4027224   3878588     49.06      1676    218688   8777636     31.94   3613412     56088       124      5336
05:23:13 PM   4023816   4027888   3877924     49.05      1676    219504   8777636     31.94   3615788     56260       124      5336
05:23:18 PM   4023816   4027884   3877928     49.05      1676    219500   8777636     31.94   3615784     56260       124      5336
05:23:23 PM   4023816   4027896   3877916     49.05      1676    219500   8777636     31.94   3616044     56256       124      5336
05:23:28 PM   4023816   4027896   3877916     49.05      1676    219500   8777636     31.94   3616044     56256        28      5336
05:23:33 PM   4023816   4028080   3877732     49.05      1676    219724   8777636     31.94   3615968     56504        28      5336
05:23:38 PM   4023816   4028120   3877692     49.05      1676    219824   8777636     31.94   3615968     56544        96      5336
05:23:43 PM   4023816   4028220   3877592     49.05      1676    219824   8777636     31.94   3615976     56640       116      5336
05:23:48 PM   4023816   4028220   3877592     49.05      1676    219824   8777636     31.94   3615976     56640       116      5336
05:23:53 PM   4023816   4028220   3877592     49.05      1676    219824   8777636     31.94   3615972     56640       116      5336
05:23:58 PM   4023816   4028220   3877592     49.05      1676    219824   8777636     31.94   3615972     56640       116      5336
05:24:03 PM   4023816   4028220   3877592     49.05      1676    219824   8777636     31.94   3615976     56640        20      5336
05:24:08 PM   4023816   4028344   3877468     49.05      1676    220052   8777636     31.94   3615976     56764        24      5336
05:24:13 PM   4023816   4027016   3878796     49.06      1672    218664   8777636     31.94   3615644     55584        96      5336
05:24:18 PM   4023816   4026904   3878908     49.06      1672    218568   8777636     31.94   3615504     55576       116      5336
05:24:23 PM   4023816   4026960   3878852     49.06      1672    218568   8777636     31.94   3615560     55576       116      5336
05:24:28 PM   4023816   4026960   3878852     49.06      1672    218568   8777636     31.94   3615556     55576       116      5336
05:24:33 PM   4023816   4026960   3878852     49.06      1672    218568   8777636     31.94   3615572     55576       116      5336
05:24:38 PM   4023816   4026960   3878852     49.06      1672    218568   8777636     31.94   3615572     55576        20      5336
05:24:43 PM   4023816   4027236   3878576     49.06      1676    218840   8777636     31.94   3615572     55852        20      5336
05:24:48 PM   4023816   4027236   3878576     49.06      1676    218936   8777636     31.94   3615572     55852        96      5336
05:24:53 PM   4023816   4027332   3878480     49.06      1676    218936   8777636     31.94   3615572     55948       116      5336
05:24:58 PM   4023816   4025732   3880080     49.08      1676    217392   8777636     31.94   3614296     54744       116      5336
05:25:03 PM   4023816   4025732   3880080     49.08      1676    217392   8777636     31.94   3614296     54744       116      5336
05:25:08 PM   4023816   4025780   3880032     49.08      1676    217392   8777636     31.94   3614336     54744       116      5336
05:25:13 PM   4023816   4025780   3880032     49.08      1676    217392   8777636     31.94   3614336     54744        20      5336
05:25:18 PM   4023564   4025652   3880160     49.08      1676    217620   8777636     31.94   3614336     54868        24      5336
05:25:23 PM   4023564   4025852   3879960     49.08      1676    217716   8777636     31.94   3614360     55064        96      5336
05:25:28 PM   4023564   4025852   3879960     49.08      1676    217716   8777636     31.94   3614360     55064       116      5336
05:25:33 PM   4023564   4025852   3879960     49.08      1676    217716   8777636     31.94   3614360     55064       116      5336
05:25:38 PM   4023564   4025852   3879960     49.08      1676    217716   8777636     31.94   3614352     55064       116      5336
05:25:43 PM   4023564   4025852   3879960     49.08      1676    217716   8777636     31.94   3614352     55064       116      5336
05:25:48 PM   4023564   4025852   3879960     49.08      1676    217716   8777636     31.94   3614360     55064        20      5336
05:25:53 PM   4023312   4025848   3879964     49.08      1676    217988   8777636     31.94   3614360     55312        20      5336
05:25:58 PM   4023312   4025424   3880388     49.08      1672    217664   8777636     31.94   3614304     54944        96      5336
05:26:03 PM   4023312   4025424   3880388     49.08      1672    217728   8777636     31.94   3614304     54944       116      5336
05:26:08 PM   4023312   4025608   3880204     49.08      1672    217728   8777636     31.94   3614408     55024       116      5336
05:26:13 PM   4023312   4025052   3880760     49.09      1672    217176   8777636     31.94   3614360     54380       116      5336
05:26:18 PM   4023312   4025180   3880632     49.09      1672    217308   8777636     31.94   3614488     54380       116      5336
05:26:23 PM   4023312   4025180   3880632     49.09      1672    217308   8777636     31.94   3614488     54380        20      5336
05:26:28 PM   4023312   4025484   3880328     49.08      1676    217764   8777636     31.94   3614428     54772       188      5336
05:26:33 PM   4023060   4025336   3880476     49.08      1676    217708   8777636     31.94   3614468     54928       296      5336
05:26:38 PM   4023060   4025016   3880796     49.09      1672    217632   8777636     31.94   3614492     54608       200      5336
05:26:43 PM   4023060   4025080   3880732     49.09      1672    217512   8777636     31.94   3614628     54456       200      5336
05:26:48 PM   4023060   4025116   3880696     49.09      1672    217496   8777636     31.94   3614720     54412       324      5336
05:26:53 PM   4023060   4025108   3880704     49.09      1672    217492   8777636     31.94   3614716     54408       320      5336
05:26:58 PM   4023060   4025412   3880400     49.08      1676    217804   8777636     31.94   3614612     54880        32      5336
05:27:03 PM   4023060   4025412   3880400     49.08      1676    217808   8777636     31.94   3614612     54880        36      5336
05:27:08 PM   4023060   4025528   3880284     49.08      1676    217896   8777636     31.94   3614608     55000        96      5336
05:27:13 PM   4023060   4025528   3880284     49.08      1676    217896   8777636     31.94   3614608     55000       116      5336
05:27:18 PM   4023060   4025528   3880284     49.08      1676    217896   8777636     31.94   3614596     55000       116      5336
05:27:23 PM   4023060   4025528   3880284     49.08      1676    217896   8777636     31.94   3614600     55000       116      5336
05:27:28 PM   4023060   4025496   3880316     49.08      1676    217868   8777636     31.94   3614560     55000       116      5336
05:27:33 PM   4023060   4025620   3880192     49.08      1676    218068   8777636     31.94   3614560     55124        20      5336
05:27:38 PM   4023060   4025700   3880112     49.08      1676    218068   8777636     31.94   3614600     55176        20      5336
05:27:43 PM   4022808   4025448   3880364     49.08      1676    218164   8777636     31.94   3614584     55176        96      5336
05:27:48 PM   4022808   4025544   3880268     49.08      1676    218164   8777636     31.94   3614596     55272       116      5336
05:27:53 PM   4022808   4025544   3880268     49.08      1676    218164   8777636     31.94   3614596     55272       116      5336
05:27:58 PM   4022808   4025544   3880268     49.08      1676    218164   8777636     31.94   3614600     55272       116      5336
05:28:03 PM   4022808   4025544   3880268     49.08      1676    218164   8777636     31.94   3614600     55272       116      5336
05:28:08 PM   4022808   4025544   3880268     49.08      1676    218164   8777636     31.94   3614600     55272       116      5336
05:28:13 PM   4022556   4026148   3879664     49.07      1676    219016   8777636     31.94   3616116     55644        20      5336
05:28:18 PM   4022556   4026252   3879560     49.07      1676    219116   8777636     31.94   3616188     55744        96      5336
05:28:23 PM   4022556   4026220   3879592     49.07      1676    219084   8777636     31.94   3616136     55744       116      5336
05:28:28 PM   4022556   4026216   3879596     49.07      1676    219084   8777636     31.94   3616116     55744       116      5336
05:28:33 PM   4022556   4026216   3879596     49.07      1676    219084   8777636     31.94   3616116     55744       116      5336
05:28:38 PM   4022556   4026216   3879596     49.07      1676    219084   8777636     31.94   3616124     55744       116      5336
05:28:43 PM   4022556   4026216   3879596     49.07      1676    219084   8777636     31.94   3616124     55744        20      5336
05:28:48 PM   4022304   4026188   3879624     49.07      1676    219308   8777636     31.94   3616124     55968        20      5336
05:28:53 PM   4022304   4026172   3879640     49.07      1676    219388   8777636     31.94   3616076     55968        96      5336
05:28:58 PM   4022304   4026172   3879640     49.07      1676    219388   8777636     31.94   3616068     55968       116      5336
05:29:03 PM   4022304   4026268   3879544     49.07      1676    219388   8777636     31.94   3616076     56064       116      5336
05:29:08 PM   4024032   4025880   3879932     49.08      1672    217280   8777636     31.94   3614520     54396       116      5336
05:29:13 PM   4024032   4025904   3879908     49.08      1672    217352   8777636     31.94   3614544     54396       116      5336
05:29:18 PM   4024032   4025896   3879916     49.08      1672    217348   8777636     31.94   3614536     54396        24      5336
05:29:23 PM   4024032   4026320   3879492     49.07      1676    217716   8777636     31.94   3614464     54868        24      5336
05:29:28 PM   4024032   4026400   3879412     49.07      1676    217812   8777636     31.94   3614544     54948        96      5336
05:29:33 PM   4024032   4026416   3879396     49.07      1676    217880   8777636     31.94   3614584     54964       116      5336
05:29:38 PM   4024032   4026400   3879412     49.07      1676    217864   8777636     31.94   3614568     54964       116      5336
05:29:43 PM   4024032   4026468   3879344     49.07      1676    217864   8777636     31.94   3614644     54964       116      5336
05:29:48 PM   4024032   4026468   3879344     49.07      1676    217864   8777636     31.94   3614616     54964       116      5336
05:29:53 PM   4024032   4026468   3879344     49.07      1676    217864   8777636     31.94   3614620     54964        20      5336
05:29:58 PM   4024032   4026304   3879508     49.07      1676    217860   8777636     31.94   3614468     54952        20      5336
05:30:03 PM   4024032   4025780   3880032     49.08      1672    217304   8777636     31.94   3614468     54396        96      5336
05:30:08 PM   4024032   4025784   3880028     49.08      1672    217348   8777636     31.94   3614452     54400       116      5336
05:30:13 PM   4024032   4025948   3879864     49.08      1672    217348   8777636     31.94   3614508     54500       116      5336
05:30:18 PM   4024032   4025948   3879864     49.08      1672    217348   8777636     31.94   3614552     54500       116      5336
05:30:23 PM   4024032   4025912   3879900     49.08      1672    217340   8777636     31.94   3614552     54500       116      5336
05:30:28 PM   4024032   4025912   3879900     49.08      1672    217364   8777636     31.94   3614552     54500        20      5336
05:30:33 PM   4023780   4025968   3879844     49.08      1676    217740   8777636     31.94   3614604     54756        28      5336
05:30:38 PM   4023780   4026012   3879800     49.08      1676    217836   8777636     31.94   3614604     54792        96      5336
05:30:43 PM   4023780   4026180   3879632     49.07      1676    217820   8777636     31.94   3614588     54976       116      5336
05:30:48 PM   4023780   4025900   3879912     49.08      1676    217588   8777636     31.94   3614432     54852       116      5336
05:30:53 PM   4023780   4025688   3880124     49.08      1672    217332   8777636     31.94   3614608     54412       116      5336
05:30:58 PM   4023780   4025596   3880216     49.08      1672    217348   8777636     31.94   3614504     54400       116      5336
05:31:03 PM   4023780   4025716   3880096     49.08      1672    217360   8777636     31.94   3614572     54400        20      5336
05:31:08 PM   4023780   4026008   3879804     49.08      1676    217656   8777636     31.94   3614568     54784        20      5336
05:31:13 PM   4023780   4026112   3879700     49.07      1676    217752   8777636     31.94   3614608     54884        96      5336
05:31:18 PM   4026360   4020808   3885004     49.14      1676    207932   8777636     31.94   3603284     54768       116      3288
05:31:23 PM   4026372   4021012   3884800     49.14      1676    208188   8777636     31.94   3603516     54768       120      3288
05:31:28 PM   4026372   4021052   3884760     49.14      1676    208204   8777636     31.94   3603468     54784       288      3288
05:31:33 PM   2347076   2341972   5563840     70.38      1676    208276   8777636     31.94   5281208     54928       320      3288
05:31:38 PM   2346704   2341612   5564200     70.38      1676    208336   8777636     31.94   5281224     54940       132      3288
05:31:43 PM   2710588   2679208   5226604     66.11      1676    181988   8777636     31.94   4908384     52816        24      3276
05:31:48 PM   3216064   3184844   4720968     59.72      1676    182196   8777636     31.94   4384108     52976       288      3276
05:31:53 PM   3486020   3455772   4450040     56.29      1676    183220   8777636     31.94   4118100     52924       312      3276
05:31:58 PM   3770984   3740676   4165136     52.68      1676    183160   8777636     31.94   3847672     52924       200      3276
05:32:03 PM   2085388   2055900   5849912     74.00      1676    183880   8777636     31.94   5524856     52924       200      3276
05:32:08 PM   2066012   2035504   5870308     74.25      1676    182860   8777636     31.94   5544568     54968       200      3276
05:32:13 PM   2204360   2173904   5731908     72.50      1676    182912   8777636     31.94   5412344     54968        24      3276
05:32:18 PM   2204108   2173900   5731912     72.50      1676    183248   8777636     31.94   5410296     55216        24      3276
05:32:23 PM   2328060   2298144   5607668     70.93      1676    183540   8777636     31.94   5281224     55396        96      3276
05:32:28 PM   2340864   2311036   5594776     70.77      1676    183544   8777636     31.94   5273124     55396       116      3276
05:32:33 PM    655728    628748   7277064     92.05      1676    186476   8777636     31.94   6953528     55400       116      3276
05:32:38 PM    655728    628836   7276976     92.05      1676    186476   8777636     31.94   6953616     55400       116      3276
05:32:43 PM   1103120   1076228   6829584     86.39      1676    186476   8777636     31.94   6481624     55400       116      3276
05:32:48 PM   1259528   1232636   6673176     84.41      1676    186476   8777636     31.94   6315824     55400        20      3276
05:32:53 PM   1518260   1491640   6414172     81.13      1676    186748   8777636     31.94   6052316     55672        20      3276
05:32:58 PM   1829384   1802764   6103048     77.20      1676    186844   8777636     31.94   5749212     55672        96      3276
05:33:03 PM    318328    291708   7614104     96.31      1676    186844   8777636     31.94   7270816     55672       116      3276
05:33:08 PM    318328    291808   7614004     96.31      1676    186848   8777636     31.94   7270924     55772       120      3276
05:33:13 PM    322152    298404   7607408     96.23      1676    189620   8777636     31.94   7275644     55912       120      3276
05:33:18 PM    323452    299716   7606096     96.21      1676    189620   8777636     31.94   7274728     55912       120      3276
05:33:23 PM    323452    299716   7606096     96.21      1676    189620   8777636     31.94   7274728     55912        24      3276
05:33:28 PM    323200    299588   7606224     96.21      1676    189844   8777636     31.94   7274612     56036        24      3276
05:33:33 PM    203940    180328   7725484     97.72      1676    189940   8777636     31.94   7399272     56036       100      3276
05:33:38 PM    199844    176432   7729380     97.77      1676    189944   8777636     31.94   7398608     56236       120      3276
05:33:43 PM    199844    176432   7729380     97.77      1676    189944   8777636     31.94   7398608     56236       124      3276
05:33:48 PM    195748    172336   7733476     97.82      1676    189944   8777636     31.94   7398296     56236       124      3276
05:33:53 PM    195748    172336   7733476     97.82      1676    189944   8777636     31.94   7398296     56236       124      3276
05:33:58 PM    195748    172336   7733476     97.82      1676    189944   8777636     31.94   7398304     56236        28      3276
05:34:03 PM    171780     96824   7808988     98.78        24    109232   8777636     31.94   3578988   3918768        28      3144
05:34:08 PM    171052     96244   7809568     98.78        24    109612   8777636     31.94   3579940   3918448        96      3144
05:34:13 PM    171052     96244   7809568     98.78        24    109612   8777636     31.94   3579940   3918448       116      3144
05:34:18 PM    169036     94372   7811440     98.81        24    109748   8777636     31.94   3583360   3916252       124      3144
05:34:23 PM    169036     94376   7811436     98.81        24    109752   8777636     31.94   3583376   3916256       128      3144
05:34:28 PM    164836     90180   7815632     98.86        24    109756   8777636     31.94   3585524   3914796       132      3144
05:34:33 PM    163792     89248   7816564     98.87        24    110104   8777636     31.94   3586516   3914796        36      3144
05:34:38 PM    160652     86232   7819580     98.91        24    110328   8777636     31.94   3590820   3912044        36      3144
05:34:43 PM    160564     86144   7819668     98.91        24    110424   8777636     31.94   3590820   3912044        96      3144
05:34:48 PM    152112     77788   7828024     99.02        24    110424   8777636     31.94   3594868   3909072       116      3144
05:34:53 PM    152096     77772   7828040     99.02        24    110476   8777636     31.94   3594868   3909072       116      3144
05:34:58 PM    152572     78276   7827536     99.01        24    110476   8777636     31.94   3596244   3908136       116      3144
05:35:03 PM    117256     38980   7866832     99.51        24    102516   8777636     31.94   4901472   2651804       116      3144
05:35:08 PM    237460    158624   7747188     97.99        24    101388   8777636     31.94   4906880   2545364        20      3136
05:35:13 PM    236984    158272   7747540     98.00        24    101660   8777636     31.94   4906880   2545612        20      3136
05:35:18 PM    228792    150140   7755672     98.10        24    101756   8777636     31.94   4908064   2545212        96      3136
05:35:23 PM    228792    150140   7755672     98.10        24    101756   8777636     31.94   4908064   2545212       116      3136
05:35:28 PM    220600    141948   7763864     98.20        24    101756   8777636     31.94   4910908   2542968       116      3136
05:35:33 PM    121092     16264   7889548     99.79        12     47956   8777636     31.94    961340   6586132        80       236
05:35:38 PM    120784     16912   7888900     99.79        12     49564   8777636     31.94    963236   6586272       100       236
05:35:43 PM    120560     16748   7889064     99.79        12     49800   8777636     31.94    963360   6586272       100       236
05:35:48 PM    116464     14028   7891784     99.82        24     52424   8777636     31.94    969516   6583204        20       236
05:35:53 PM    116464     14604   7891208     99.82        24     53664   8777636     31.94    971172   6583204        20       236
05:35:58 PM    116464     14648   7891164     99.81        24     53664   8777636     31.94    971264   6583204        20       236
05:36:03 PM    168980     66960   7838852     99.15        24     53264   8777636     31.94   1476308   6036440        96       132
05:36:08 PM    165604     63632   7842180     99.20        24     53264   8777636     31.94   1479752   6033772       116       132
05:36:13 PM    165604     63632   7842180     99.20        24     53264   8777636     31.94   1479752   6033772       116       132
05:36:18 PM    163840     64292   7841520     99.19        24     58112   8777636     31.94   1484896   6033824       116       132
05:36:23 PM    163840     64416   7841396     99.19        24     58460   8777636     31.94   1485304   6033824       116       132
05:36:28 PM    142592     47348   7858464     99.40        24     66720   8777636     31.94   1495664   6032360       284       132
05:36:33 PM    141080     46164   7859648     99.42        24     67464   8777636     31.94   1496464   6032944       188       132
05:36:38 PM    141080     46196   7859616     99.42        24     67576   8777636     31.94   1496464   6033012       280       132
05:36:43 PM    141080     46260   7859552     99.41        24     67572   8777636     31.94   1496456   6033172       296       132
05:36:48 PM    141080     46428   7859384     99.41        24     67924   8777636     31.94   1496684   6033284       180       132
05:36:53 PM    137736     43092   7862720     99.45        24     67924   8777636     31.94   1499944   6030732       180       132
05:36:58 PM    136996     42956   7862856     99.46        24     69300   8777636     31.94   1501148   6030732       180       132
05:37:03 PM    159604     58556   7847256     99.26        24     56372   8777636     31.94   3278692   4240772        24       124
05:37:08 PM    159380     58452   7847360     99.26        24     56524   8777636     31.94   3278988   4240884        24       124
05:37:13 PM    159380     58492   7847320     99.26        24     56636   8777636     31.94   3279220   4240876        96       124
05:37:18 PM    159380     58492   7847320     99.26        24     56636   8777636     31.94   3279220   4240876       116       124
05:37:23 PM    159380     58540   7847272     99.26        24     56636   8777636     31.94   3279216   4240976       116       124
05:37:28 PM    159380     58540   7847272     99.26        24     56640   8777636     31.94   3279216   4240976       120       124
05:37:33 PM    142396     40104   7865708     99.49        24     53812   8777636     31.94   3660112   3894084       120       124
05:37:38 PM    142396     40104   7865708     99.49        24     53812   8777636     31.94   3660112   3894084        24       124
05:37:43 PM    137796     35668   7870144     99.55        24     54084   8777636     31.94   3661948   3893096        24       124
05:37:48 PM    133020     34160   7871652     99.57        24     60704   8777636     31.94   3668896   3893236        80       124
05:37:53 PM    130948     32916   7872896     99.58        24     62248   8777636     31.94   3762212   3804040       100       124
05:37:58 PM    130948     33088   7872724     99.58        24     62600   8777636     31.94   3762556   3804040       108       124
05:38:03 PM    174520     70708   7835104     99.11        24     51832   8777636     31.94   5408068   2109228       108       124
05:38:08 PM    174016     70204   7835608     99.11        24     51832   8777636     31.94   5408068   2109228       108       124
05:38:13 PM    161944     64072   7841740     99.19        24     63644   8777636     31.94   5422584   2109064        28       124
05:38:18 PM    161692     63884   7841928     99.19        24     63884   8777636     31.94   5422696   2109188        28       124
05:38:23 PM    161692     63992   7841820     99.19        24     63980   8777636     31.94   5422776   2109408        96       124
05:38:28 PM    161692     63992   7841820     99.19        24     63980   8777636     31.94   5422784   2109408       116       124
05:38:33 PM    158688     54160   7851652     99.31        24     50372   8777636     31.94   3170484   4364452       116       124
05:38:38 PM    158688     54160   7851652     99.31        24     50372   8777636     31.94   3170488   4364452       116       124
05:38:43 PM    158688     54160   7851652     99.31        24     50372   8777636     31.94   3170488   4364452       116       124
05:38:48 PM    158688     54184   7851628     99.31        24     50372   8777636     31.94   3170568   4364452        20       124
05:38:53 PM    158688     54320   7851492     99.31        24     50644   8777636     31.94   3170568   4364724        20       124
05:38:58 PM    158436     54068   7851744     99.32        24     50724   8777636     31.94   3170568   4364724        80       124
05:39:03 PM    162144     56724   7849088     99.28        24     48536   8777636     31.94   2901352   4637148       100       124
05:39:08 PM    162144     56724   7849088     99.28        24     48536   8777636     31.94   2901352   4637148       100       124
05:39:13 PM    162144     56724   7849088     99.28        24     48536   8777636     31.94   2901352   4637148       100       124
05:39:18 PM    161920     56500   7849312     99.29        24     48536   8777636     31.94   2901352   4637148       100       124
05:39:23 PM    161920     56500   7849312     99.29        24     48536   8777636     31.94   2901356   4637148        20       124
05:39:28 PM    161920     56560   7849252     99.28        24     48776   8777636     31.94   2901356   4637272        20       124
05:39:33 PM    204640     89980   7815832     98.86         4     30160   8777636     31.94   4449968   3033832        96       124
05:39:38 PM    204416     89764   7816048     98.86         4     30248   8777636     31.94   4449904   3033812       120       124
05:39:43 PM    204416     89764   7816048     98.86         4     30248   8777636     31.94   4450308   3033640       120       124
05:39:48 PM    200636     88012   7817800     98.89         4     34296   8777636     31.94   4454212   3033716       120       124
05:39:53 PM    184948     78404   7827408     99.01         4     46376   8777636     31.94   4467380   3033256       120       124
05:39:58 PM    180916     76356   7829456     99.03         4     50340   8777636     31.94   4471348   3033256        24       124
05:40:03 PM    121808     17260   7888552     99.78        16     50352   8777636     31.94   4796564   2762620        24       124
05:40:08 PM    121808     17260   7888552     99.78        16     50432   8777636     31.94   4796608   2762476        80       124
05:40:13 PM    121808     17260   7888552     99.78        16     50436   8777636     31.94   4796608   2762476       104       124
05:40:18 PM    121808     17300   7888512     99.78        16     50436   8777636     31.94   4796956   2762388       104       124
05:40:23 PM    121808     17300   7888512     99.78        16     50436   8777636     31.94   4796956   2762388       104       124
05:40:28 PM    115528     11024   7894788     99.86        16     50440   8777636     31.94   4799420   2760808       108       124
05:40:33 PM    140276     24724   7881088     99.69         4     28436   8777636     31.94   1645428   5886520        28       124
05:40:38 PM    139772     25260   7880552     99.68        16     30496   8777636     31.94   1647184   5886904        32       124
05:40:43 PM    139772     25260   7880552     99.68        16     30592   8777636     31.94   1647184   5886904       100       124
05:40:48 PM    139772     25428   7880384     99.68        16     30764   8777636     31.94   1647352   5887076       120       124
05:40:53 PM    139772     25428   7880384     99.68        16     30764   8777636     31.94   1647352   5887076       120       124
05:40:58 PM    139772     25428   7880384     99.68        16     30764   8777636     31.94   1647356   5887076       120       124
05:41:03 PM    117848    117848   7787964     98.51        16     21928   8777636     31.94   2949012   4607244       120       124
05:41:08 PM    117596    117596   7788216     98.51        16     21932   8777636     31.94   2949084   4607248        20       124
05:41:13 PM    117344    117344   7788468     98.52        16     22204   8777636     31.94   2949084   4607496        24       124
05:41:18 PM    124344     12972   7892840     99.84        16     36892   8777636     31.94   4413504   3149032        84       124
05:41:23 PM    116424      8112   7897700     99.90        16     42836   8777636     31.94   4420004   3148980       104       124
05:41:28 PM    216588    113648   7792164     98.56         4     53716   8777636     31.94   4419464   3045988       276       128
05:41:33 PM    166720     63924   7841888     99.19         4     53880   8777636     31.94   4469108   3046120       312       128
05:41:38 PM    166180     63628   7842184     99.20         4     54472   8777636     31.94   4473556   3042544       308       128
05:41:43 PM    165956     63404   7842408     99.20         4     54476   8777636     31.94   4473596   3042544       156       128
05:41:48 PM    160944     58952   7846860     99.25        16     55668   8777636     31.94   4482044   3035984       204       128
05:41:53 PM    160612     58840   7846972     99.26        16     56076   8777636     31.94   4483352   3036044       300       128
05:41:58 PM    156232     54540   7851272     99.31        16     56076   8777636     31.94   4489300   3030952       200       128
05:42:03 PM    137548     21124   7884688     99.73        16     26784   8777636     31.94   1329280   6215196       200       128
05:42:08 PM    136568     20992   7884820     99.73        16     28308   8777636     31.94   1331084   6215200       196       128
05:42:13 PM    136568     20992   7884820     99.73        16     28308   8777636     31.94   1331084   6215200       196       128
05:42:18 PM    136316     20864   7884948     99.74        16     28648   8777636     31.94   1331092   6215452        24       128
05:42:23 PM    136064     20612   7885200     99.74        16     28648   8777636     31.94   1331092   6215452        24       128
05:42:28 PM    132536     18924   7886888     99.76        16     32332   8777636     31.94   1334688   6215540        80       128
05:42:33 PM    204084     95364   7810448     98.79         8     42116   8777636     31.94   3376516   4102852       148       128
05:42:38 PM    202784     94200   7811612     98.81         8     42300   8777636     31.94   3376872   4102900       148       128
05:42:43 PM    202784     94200   7811612     98.81         8     42300   8777636     31.94   3376872   4102900       148       128
05:42:48 PM    184808     81748   7824064     98.97         8     53372   8777636     31.94   3388032   4102952       148       128
05:42:53 PM    184640     82072   7823740     98.96         8     54368   8777636     31.94   3389140   4102984        20       128
05:42:58 PM    184640     82156   7823656     98.96        16     54532   8777636     31.94   3389140   4103156        20       128
05:43:03 PM    184640     82192   7823620     98.96        16     54672   8777636     31.94   3389188   4103192        20       128
05:43:08 PM    184640     82292   7823520     98.96        16     54768   8777636     31.94   3389196   4103396       116       128
05:43:13 PM    184640     82292   7823520     98.96        16     54768   8777636     31.94   3389196   4103396       116       128
05:43:18 PM    173304     77068   7828744     99.03        16     67016   8777636     31.94   3404244   4103704       116       128
05:43:23 PM    173304     77068   7828744     99.03        16     67016   8777636     31.94   3404244   4103704       116       128
05:43:28 PM    173304     77068   7828744     99.03        16     67016   8777636     31.94   3404244   4103704       116       128
05:43:33 PM    212420    114788   7791024     98.55        16     64268   8777636     31.94   7140296    351908        24       128
05:43:38 PM    211380    113748   7792064     98.56        16     64348   8777636     31.94   7140308    351908        80       128
05:43:43 PM    207032    109460   7796352     98.62        16     64348   8777636     31.94   7140828    351964       100       128
05:43:48 PM    207032    109460   7796352     98.62        16     64348   8777636     31.94   7140832    351964       100       128
05:43:53 PM    200164    102592   7803220     98.70        16     64360   8777636     31.94   7142944    351904       100       128
05:43:58 PM    200164    102592   7803220     98.70        16     64360   8777636     31.94   7142944    351904       100       128
05:44:03 PM    198408     76764   7829048     99.03         4     16236   8777636     31.94    268680   7222692       100       124
05:44:08 PM    198024     76584   7829228     99.03        16     16744   8777636     31.94    268868   7222936        20       124
05:44:13 PM    198024     76652   7829160     99.03        16     16896   8777636     31.94    269036   7223008        96       124
05:44:18 PM    189960     72264   7833548     99.09        16     24164   8777636     31.94    276372   7223104       116       124
05:44:23 PM    189960     72300   7833512     99.09        16     24164   8777636     31.94    276480   7223104       116       124
05:44:28 PM    189960     72300   7833512     99.09        16     24164   8777636     31.94    276480   7223104       116       124
05:44:33 PM    135684     18132   7887680     99.77        16     24492   8777636     31.94    328472   7222764       116       124
05:44:38 PM    127872     14428   7891384     99.82        16     32680   8777636     31.94    336720   7222764        20       124
05:44:43 PM    119808      6556   7899256     99.92        16     32984   8777636     31.94    336864   7223068        20       124
05:44:48 PM    119808      6556   7899256     99.92        16     33064   8777636     31.94    336872   7223068        80       124
05:44:53 PM    119808      6600   7899212     99.92        16     33068   8777636     31.94    336872   7223152       104       124
05:44:58 PM    119808      6600   7899212     99.92        16     33068   8777636     31.94    336872   7223152       104       124
05:45:03 PM    158600     42696   7863116     99.46         4     27832   8777636     31.94   6455988   1063888       104       124
05:45:08 PM    158716     42812   7863000     99.46         4     27688   8777636     31.94   6456044   1063856       104       124
05:45:13 PM    158716     42996   7862816     99.46         4     28176   8777636     31.94   6456428   1063856        24       124
05:45:18 PM    158464     42868   7862944     99.46        16     28448   8777636     31.94   6456432   1064104        24       124
05:45:23 PM    158464     42996   7862816     99.46        16     28552   8777636     31.94   6456592   1064244        96       124
05:45:28 PM    158464     42996   7862816     99.46        16     28552   8777636     31.94   6456592   1064244       116       124
05:45:33 PM    146960     29660   7876152     99.62         4     24900   8777636     31.94   4430708   3102600       116       124
05:45:38 PM    146708     29408   7876404     99.63         4     24964   8777636     31.94   4430708   3102600       116       124
05:45:43 PM    141932     24664   7881148     99.69         4     24964   8777636     31.94   4435168   3099100       116       124
05:45:48 PM    141932     24664   7881148     99.69         4     24964   8777636     31.94   4435172   3099100        20       124
05:45:53 PM    140008     25200   7880612     99.68        16     29868   8777636     31.94   4444396   3097336        20       124
05:45:58 PM    140008     25200   7880612     99.68        16     29948   8777636     31.94   4444396   3097336        80       124
05:46:03 PM    208144     88176   7817636     98.88        16     19628   8777636     31.94   5126248   2339580        80       124
05:46:08 PM    208144     88176   7817636     98.88        16     19628   8777636     31.94   5126248   2339580       100       124
05:46:13 PM    207904     87976   7817836     98.89        16     19628   8777636     31.94   5126344   2339660       100       124
05:46:18 PM    190516     82328   7823484     98.96        16     43256   8777636     31.94   5150388   2339712       100       124
05:46:23 PM    186484     79524   7826288     98.99        16     45564   8777636     31.94   5153044   2339712       100       124
05:46:28 PM    171040     71476   7834336     99.10        16     60500   8777636     31.94   5167796   2339948       196       128
05:46:33 PM    163012     60768   7845044     99.23         4     55104   8777636     31.94   2330100   5185568       148       128
05:46:38 PM    250292    149236   7756576     98.11         4     57448   8777636     31.94   2332876   5080868       272       128
05:46:43 PM    252816    151804   7754008     98.08         4     57576   8777636     31.94   2333104   5080892       324       128
05:46:48 PM    252564    151860   7753952     98.08         8     58132   8777636     31.94   2333640   5081060       204       128
05:46:53 PM    252564    151876   7753936     98.08         8     58132   8777636     31.94   2333644   5081092       204       128
05:46:58 PM    252564    151876   7753936     98.08        16     58324   8777636     31.94   2333644   5081092        28       128
05:47:03 PM    123324     19960   7885852     99.75        12     52832   8777636     31.94   4888060   2670824        28       128
05:47:08 PM    123388     20148   7885664     99.75        12     53020   8777636     31.94   4888500   2670728        72       128
05:47:13 PM    123388     20148   7885664     99.75        12     53052   8777636     31.94   4888500   2670728        80       128
05:47:18 PM    123388     20164   7885648     99.74        12     53052   8777636     31.94   4888500   2670760       100       128
05:47:23 PM    123388     20164   7885648     99.74        12     53052   8777636     31.94   4888500   2670760       100       128
05:47:28 PM    123388     20164   7885648     99.74        12     53056   8777636     31.94   4888504   2670764       104       128
05:47:33 PM    153432     33516   7872296     99.58         4     19680   8777636     31.94   5703764   1831236       104       128
05:47:38 PM    149788     30004   7875808     99.62        16     20024   8777636     31.94   5707812   1828080        24       128
05:47:43 PM    149788     30004   7875808     99.62        16     20024   8777636     31.94   5707812   1828080        24       128
05:47:48 PM    119728     12696   7893116     99.84        16     45488   8777636     31.94   5741556   1821432        80       128
05:47:53 PM    179688     75076   7830736     99.05        16     50288   8777636     31.94   5836916   1671836       100       128
05:47:58 PM    175592     70988   7834824     99.10        16     50288   8777636     31.94   5838936   1670260       100       128
05:48:03 PM    134420     18924   7886888     99.76        16     28508   8777636     31.94   1554756   5991640       144       128
05:48:08 PM    134244     18756   7887056     99.76        16     28604   8777636     31.94   1554980   5991656       100       128
05:48:13 PM    134244     18820   7886992     99.76        16     28812   8777636     31.94   1554980   5991780        20       128
05:48:18 PM    223052    113436   7792376     98.57         4     40324   8777636     31.94   1645288   5814700        20       128
05:48:23 PM    223052    113436   7792376     98.57         4     40324   8777636     31.94   1645288   5814700        20       128
05:48:28 PM    223052    113460   7792352     98.56         4     40324   8777636     31.94   1645372   5814700        20       128
05:48:33 PM    164336     54792   7851020     99.31         4     40536   8777636     31.94   1704520   5814700        20       128
05:48:38 PM    164336     54888   7850924     99.31         4     40616   8777636     31.94   1704656   5814780        80       128
05:48:43 PM    164336     54888   7850924     99.31         4     40616   8777636     31.94   1704656   5814780       100       128
05:48:48 PM    164336     54888   7850924     99.31         4     40616   8777636     31.94   1704656   5814780       100       128
05:48:53 PM    164336     54888   7850924     99.31         4     40616   8777636     31.94   1704660   5814780       100       128
05:48:58 PM    164336     54888   7850924     99.31         4     40616   8777636     31.94   1704660   5814780       100       128
05:49:03 PM    137944     20204   7885608     99.74         4     24028   8777636     31.94   5019720   2531344       100       128
05:49:08 PM    137072     19532   7886280     99.75        16     24484   8777636     31.94   5020256   2531748        28       128
05:49:13 PM    137072     19540   7886272     99.75        16     24564   8777636     31.94   5020256   2531764        80       128
05:49:18 PM    137072     19604   7886208     99.75        16     24564   8777636     31.94   5020260   2531892       100       128
05:49:23 PM    133460     18032   7887780     99.77        16     28908   8777636     31.94   5024340   2531892       100       128
05:49:28 PM    133292     18044   7887768     99.77        16     29004   8777636     31.94   5024732   2531892       100       128
05:49:33 PM    135588     13832   7891980     99.83        16     15980   8777636     31.94   4321188   3228072       100       124
05:49:38 PM    131296      9540   7896272     99.88        16     15984   8777636     31.94   4321784   3227972        24       124
05:49:43 PM    131296      9604   7896208     99.88        16     16192   8777636     31.94   4321784   3228096        24       124
05:49:48 PM    130312     10720   7895092     99.86        16     20312   8777636     31.94   4326540   3227916        80       124
05:49:53 PM    114184      1552   7904260     99.98        16     34228   8777636     31.94   4342032   3227916       100       124
05:49:58 PM    131600     18968   7886844     99.76        16     34228   8777636     31.94   4327036   3243156       100       124
05:50:03 PM    123224     10624   7895188     99.87        16     34312   8777636     31.94   4334596   3243116       104       124
05:50:08 PM    114960      2368   7903444     99.97        16     34312   8777636     31.94   4336044   3242596       104       124
05:50:13 PM    114960      2368   7903444     99.97        16     34312   8777636     31.94   4336044   3242596       104       124
05:50:18 PM    114708      2204   7903608     99.97        16     34488   8777636     31.94   4336044   3242772        24       124
05:50:23 PM    114708      2204   7903608     99.97        16     34488   8777636     31.94   4336044   3242772        24       124
05:50:28 PM    124916     12336   7893476     99.84        16     34332   8777636     31.94   2675096   4903776        24       124
05:50:33 PM    135272     18648   7887164     99.76        16     26460   8777636     31.94   3268420   4289460        80       124
05:50:38 PM    134908     18304   7887508     99.77        16     26332   8777636     31.94   3268692   4289292       100       124
05:50:43 PM    134908     18328   7887484     99.77        16     26332   8777636     31.94   3268776   4289304       100       124
05:50:48 PM    134908     18328   7887484     99.77        16     26332   8777636     31.94   3268792   4289304       100       124
05:50:53 PM    134908     18328   7887484     99.77        16     26332   8777636     31.94   3268800   4289304       100       124
05:50:58 PM    134908     18328   7887484     99.77        16     26332   8777636     31.94   3268800   4289304       100       124
05:51:03 PM    122536      5868   7899944     99.93        16     26248   8777636     31.94   3309368   4260592        20       124
05:51:08 PM    123852      6564   7899248     99.92        16     25084   8777636     31.94   4285196   3283644        80       124
05:51:13 PM    123852      6648   7899164     99.92        16     25084   8777636     31.94   4285276   3283812       100       124
05:51:18 PM    147456     36732   7869080     99.54         4     38112   8777636     31.94   4301556   3232588       100       124
05:51:23 PM    142740     33636   7872176     99.57         4     41376   8777636     31.94   4305160   3232592       100       124
05:51:28 PM    131116     29344   7876468     99.63         8     56152   8777636     31.94   4319880   3232756       272       128
05:51:33 PM    149032     45572   7860240     99.42         8     52764   8777636     31.94   3946520   3589464       304       128
05:51:38 PM    145392     43064   7862748     99.46        16     55028   8777636     31.94   3952128   3589600       192       128
05:51:43 PM    139248     37068   7868744     99.53        16     55136   8777636     31.94   3955032   3587580       280       128
05:51:48 PM    139248     37068   7868744     99.53        16     55136   8777636     31.94   3955032   3587580       300       128
05:51:53 PM    144832     42652   7863160     99.46        16     55136   8777636     31.94   3960684   3585076       300       128
05:51:58 PM    144832     42692   7863120     99.46        16     55216   8777636     31.94   3960744   3585156       180       128
05:52:03 PM    132496     11796   7894016     99.85         4     18484   8777636     31.94   1117036   6432812         8       128
05:52:08 PM    173584     61604   7844208     99.22        16     35652   8777636     31.94   1261248   6244808        20       124
05:52:13 PM    173584     61664   7844148     99.22        16     35652   8777636     31.94   1261304   6244928        20       124
05:52:18 PM    173584     61664   7844148     99.22        16     35652   8777636     31.94   1261340   6244928        20       124
05:52:23 PM    169552     59612   7846200     99.25        16     39648   8777636     31.94   1265324   6244928        20       124
05:52:28 PM    169552     59620   7846192     99.25        16     39648   8777636     31.94   1265348   6244928        20       124
05:52:33 PM    135840     25916   7879896     99.67        16     39648   8777636     31.94   1302528   6244928        20       124
05:52:38 PM    133768     23892   7881920     99.70        16     39824   8777636     31.94   1304560   6244932        80       124
05:52:43 PM    133768     23936   7881876     99.70        16     39828   8777636     31.94   1304668   6245016        24       124
05:52:48 PM    133596     26108   7879704     99.67        16     44520   8777636     31.94   1309752   6245040        32       124
05:52:53 PM    130744     24264   7881548     99.69        16     46700   8777636     31.94   1311916   6245220        32       124
05:52:58 PM    130744     24264   7881548     99.69        16     46700   8777636     31.94   1311916   6245220        32       124
05:53:03 PM    130744     24412   7881400     99.69        16     46828   8777636     31.94   1312084   6245384        32       124
05:53:08 PM    129988     23904   7881908     99.70        16     47396   8777636     31.94   1312580   6245384        32       124
05:53:13 PM    129736     23728   7882084     99.70        16     47476   8777636     31.94   1312660   6245464        84       124
05:53:18 PM    114920     16588   7889224     99.79        16     62828   8777636     31.94   1330732   6245868       104       124
05:53:23 PM    114920     16588   7889224     99.79        16     62828   8777636     31.94   1330764   6245868       104       124
05:53:28 PM    114920     16588   7889224     99.79        16     62828   8777636     31.94   1330764   6245868        24       124
05:53:33 PM    114920     16672   7889140     99.79        16     63000   8777636     31.94   1330936   6245868        24       124
05:53:38 PM    131876     19072   7886740     99.76         4     33972   8777636     31.94   1598836   5957824        28       124
05:53:43 PM    131372     18828   7886984     99.76        16     34408   8777636     31.94   1600140   5957544        28       124
05:53:48 PM    131372     18868   7886944     99.76        16     34488   8777636     31.94   1600304   5957624        84       124
05:53:53 PM    120788     12788   7893024     99.84        16     43508   8777636     31.94   1613120   5957624       104       124
05:53:58 PM    120788     12796   7893016     99.84        16     43508   8777636     31.94   1613224   5957624       104       124
05:54:03 PM    120788     12796   7893016     99.84        16     43508   8777636     31.94   1613236   5957624       104       124
05:54:08 PM    204392     89388   7816424     98.87         4     29516   8777636     31.94   1632128   5842624       100       124
05:54:13 PM    204392     89396   7816416     98.87         4     29516   8777636     31.94   1632172   5842644        24       124
05:54:18 PM    204140     89208   7816604     98.87        16     29820   8777636     31.94   1632304   5842768        24       124
05:54:23 PM    204140     89208   7816604     98.87        16     29900   8777636     31.94   1632304   5842768        84       124
05:54:28 PM    204140     89344   7816468     98.87        16     29900   8777636     31.94   1632304   5843040       104       124
05:54:33 PM    204140     89344   7816468     98.87        16     29900   8777636     31.94   1632308   5843040       104       124
05:54:38 PM    162308     47512   7858300     99.40        16     29900   8777636     31.94   1676780   5843040       100       124
05:54:43 PM    162308     47512   7858300     99.40        16     29900   8777636     31.94   1676780   5843040       100       124
05:54:48 PM    162308     47512   7858300     99.40        16     29900   8777636     31.94   1676812   5843040        20       124
05:54:53 PM    161804     47132   7858680     99.40        16     30172   8777636     31.94   1676812   5843288        20       124
05:54:58 PM    161804     47144   7858668     99.40        16     30252   8777636     31.94   1676824   5843312        80       124
05:55:03 PM    161804     47144   7858668     99.40        16     30252   8777636     31.94   1676824   5843312       100       124
05:55:08 PM    157612     33352   7872460     99.58         4     11168   8777636     31.94   2182504   5348396       100       124
05:55:13 PM    139216     22024   7883788     99.72         4     25300   8777636     31.94   2196604   5348432       104       124
05:55:18 PM    131404     19572   7886240     99.75         4     35928   8777636     31.94   2207380   5348432       104       124
05:55:23 PM    123088     13824   7891988     99.83         4     41088   8777636     31.94   2212612   5348432        24       124
05:55:28 PM    123088     13940   7891872     99.82        16     41392   8777636     31.94   2212724   5348556        24       124
05:55:33 PM    123088     14036   7891776     99.82        16     41472   8777636     31.94   2212728   5348748        80       124
05:55:38 PM    213932    104720   7801092     98.68         4     41084   8777636     31.94   2901528   4566668       100       124
05:55:43 PM    213932    104720   7801092     98.68         4     41088   8777636     31.94   2901528   4566668       104       124
05:55:48 PM    213932    104724   7801088     98.68         4     41088   8777636     31.94   2901528   4566672       104       124
05:55:53 PM    211412    103108   7802704     98.70         4     42964   8777636     31.94   2906056   4566672       104       124
05:55:58 PM    211412    103140   7802672     98.70         4     42964   8777636     31.94   2906184   4566704        24       124
05:56:03 PM    211160    103012   7802800     98.70        16     43252   8777636     31.94   2906188   4566952        24       124
05:56:08 PM    171092     63012   7842800     99.20        16     43332   8777636     31.94   2952044   4567084        80       124
05:56:13 PM    171092     63012   7842800     99.20        16     43332   8777636     31.94   2952044   4567084       100       124
05:56:18 PM    156220     52720   7853092     99.33        16     52508   8777636     31.94   2961468   4567132       100       124
05:56:23 PM    155972     52556   7853256     99.34        16     52672   8777636     31.94   2962128   4567152       100       124
05:56:28 PM    145252     46788   7859024     99.41        16     62844   8777636     31.94   2972192   4567204        28       124
05:56:33 PM    144884     46628   7859184     99.41        16     63020   8777636     31.94   2972724   4567452       308       128
05:56:38 PM    131208     22908   7882904     99.71        16     43056   8777636     31.94   1045628   6511332       196       128
05:56:43 PM    121380     15636   7890176     99.80        16     48320   8777636     31.94   1050572   6511504       292       128
05:56:48 PM    121156     15568   7890244     99.80        16     48320   8777636     31.94   1050880   6511504       316       128
05:56:53 PM    121156     15568   7890244     99.80        16     48320   8777636     31.94   1050880   6511504       316       128
05:56:58 PM    121156     15576   7890236     99.80        16     48336   8777636     31.94   1050880   6511520       196       128
05:57:03 PM    139092     37184   7868628     99.53        16     55712   8777636     31.94   1753180   5795036         4       128
05:57:08 PM    191672     85992   7819820     98.91        16     48204   8777636     31.94   4136356   3365260        20       128
05:57:13 PM    191672     85992   7819820     98.91        16     48216   8777636     31.94   4136356   3365260        20       128
05:57:18 PM    191672     86032   7819780     98.91        16     48216   8777636     31.94   4136364   3365336        20       128
05:57:23 PM    191672     86032   7819780     98.91        16     48216   8777636     31.94   4136376   3365336        20       128
05:57:28 PM    191672     86032   7819780     98.91        16     48216   8777636     31.94   4136376   3365336        20       128
05:57:33 PM    191672     86032   7819780     98.91        16     48216   8777636     31.94   4136376   3365336        20       128
05:57:38 PM    134792     21688   7884124     99.73         4     33448   8777636     31.94   1606300   5951112        80       124
05:57:43 PM    132524     20484   7885328     99.74         4     35496   8777636     31.94   1608540   5951208        20       124
05:57:48 PM    130376     22212   7883600     99.72         4     43188   8777636     31.94   1614228   5954224        24       124
05:57:53 PM    124296     17312   7888500     99.78         4     45596   8777636     31.94   1620136   5954236        24       124
05:57:58 PM    124296     17312   7888500     99.78         4     45596   8777636     31.94   1620136   5954236        24       124
05:58:03 PM    124296     17340   7888472     99.78         4     45596   8777636     31.94   1620232   5954236        24       124
05:58:08 PM    166036     56140   7849672     99.29        16     39732   8777636     31.94   2445908   5083928        24       124
05:58:13 PM    162508     53920   7851892     99.32        16     42544   8777636     31.94   2448448   5084068       108       124
05:58:18 PM    146492     44240   7861572     99.44        16     54996   8777636     31.94   2463624   5084624       116       124
05:58:23 PM    138680     38536   7867276     99.51        16     59216   8777636     31.94   2468048   5084624       116       124
05:58:28 PM    138680     38536   7867276     99.51        16     59216   8777636     31.94   2468048   5084624       116       124
05:58:33 PM    138428     38380   7867432     99.51        16     59428   8777636     31.94   2468356   5084624       116       124
05:58:38 PM    198836     98672   7807140     98.75        16     59232   8777636     31.94   2610900   4887552        20       124
05:58:43 PM    308904    208928   7696884     97.36        16     59704   8777636     31.94   2488188   4887864        24       124
05:58:48 PM    308904    208960   7696852     97.36        16     59788   8777636     31.94   2488132   4887860        84       124
05:58:53 PM    308904    209052   7696760     97.36        16     59788   8777636     31.94   2488132   4888040       104       124
05:58:58 PM    308904    209052   7696760     97.36        16     59788   8777636     31.94   2488132   4888040       104       124
05:59:03 PM    308904    209052   7696760     97.36        16     59788   8777636     31.94   2488140   4888040       104       124
05:59:08 PM    156696     56904   7848908     99.28        16     59916   8777636     31.94   2642396   4888040       104       124
05:59:13 PM    156696     56908   7848904     99.28        16     59916   8777636     31.94   2642412   4888040        20       124
05:59:18 PM    156444     56716   7849096     99.28        16     60156   8777636     31.94   2642412   4888164        24       124
05:59:23 PM    156444     56816   7848996     99.28        16     60236   8777636     31.94   2642420   4888360        84       124
05:59:28 PM    156444     56816   7848996     99.28        16     60236   8777636     31.94   2642420   4888360       104       124
05:59:33 PM    156444     56816   7848996     99.28        16     60236   8777636     31.94   2642424   4888360       104       124
05:59:38 PM    122416      6756   7899056     99.91         4     28184   8777636     31.94   2750760   4816872       104       124
05:59:43 PM    122168      6752   7899060     99.91         4     28672   8777636     31.94   2751268   4816980       100       124
05:59:48 PM    122168      6752   7899060     99.91         4     28672   8777636     31.94   2751268   4816980        20       124
05:59:53 PM    132500     17904   7887908     99.77        16     30304   8777636     31.94   2717948   4845812        24       124
05:59:58 PM    132432     17968   7887844     99.77        16     30676   8777636     31.94   2718208   4845812        88       124
06:00:03 PM    132432     18024   7887788     99.77        16     30676   8777636     31.94   2718240   4845892       100       124
06:00:08 PM    128656      9364   7896448     99.88        16     20912   8777636     31.94   3534316   4029436       100       124
06:00:13 PM    128656      9368   7896444     99.88        16     20920   8777636     31.94   3534360   4029444       108       124
06:00:18 PM    128656      9368   7896444     99.88        16     20920   8777636     31.94   3534360   4029444       108       124
06:00:23 PM    128656      9372   7896440     99.88        16     20924   8777636     31.94   3534360   4029448        32       124
06:00:28 PM    119080      4632   7901180     99.94        16     30700   8777636     31.94   3543860   4029620        32       124
06:00:33 PM    119080      4724   7901088     99.94        16     30780   8777636     31.94   3543900   4029768        88       124
06:00:38 PM    138688     21740   7884072     99.73         4     25612   8777636     31.94   4331524   3217384       100       124
06:00:43 PM    138464     21560   7884252     99.73         4     25696   8777636     31.94   4331600   3217416       100       124
06:00:48 PM    138464     21560   7884252     99.73         4     25696   8777636     31.94   4331608   3217416       100       124
06:00:53 PM    138464     21824   7883988     99.72         4     26224   8777528     31.94   4332140   3217416       100       124
Average:      2179017   2132296   5773516     73.03       969    140007   8777421     31.94   3495321   2013650       105      2982
