Linux 7.0.10-arch1-1 (archlinux) 	05/30/2026 	_x86_64_	(4 CPU)

11:24:45 PM kbmemfree   kbavail kbmemused  %memused kbbuffers  kbcached  kbcommit   %commit  kbactive   kbinact   kbdirty   kbshmem
11:24:50 PM   3990224   4017708   3888112     49.18      2556    240536   8787112     31.97   3630320     77448       544      5372
11:24:55 PM   3990224   4017724   3888096     49.18      2556    240536   8787112     31.97   3630336     77464       544      5372
11:25:00 PM   3990224   4017724   3888096     49.18      2556    240536   8787112     31.97   3630336     77464       544      5372
11:25:05 PM   3990224   4017724   3888096     49.18      2556    240536   8787112     31.97   3630336     77464       544      5372
11:25:10 PM   3990224   4017724   3888096     49.18      2556    240536   8787112     31.97   3630336     77464       516      5372
11:25:15 PM   3990224   4018372   3887448     49.17      2556    241176   8787112     31.97   3630336     78104       196      5372
11:25:20 PM   3990224   4018500   3887320     49.17      2556    241304   8787112     31.97   3630340     78232       132      5372
11:25:25 PM   3990224   4018296   3887524     49.17      2556    241096   8787112     31.97   3630032     78264       180      5368
11:25:30 PM   3990224   4018128   3887692     49.18      2556    240976   8787112     31.97   3629868     78244       180      5368
11:25:35 PM   3990224   4018128   3887692     49.18      2556    240976   8787112     31.97   3629868     78244       180      5368
11:25:40 PM   3986128   4014080   3891740     49.23      2556    240976   8787112     31.97   3629924     78244       180      5368
11:25:45 PM   3986128   4014080   3891740     49.23      2556    240976   8787112     31.97   3629908     78244        20      5368
11:25:50 PM   3986128   4014452   3891368     49.22      2556    241476   8787112     31.97   3629928     78600        68      5368
11:25:55 PM   3986380   4014580   3891240     49.22      2556    241224   8787112     31.97   3629576     78708        96      5368
11:26:00 PM   3986380   4014580   3891240     49.22      2556    241272   8787112     31.97   3629544     78740       256      5368
11:26:05 PM   3986380   4014576   3891244     49.22      2556    241384   8787112     31.97   3629536     78740       260      5368
11:26:10 PM   3986380   4014724   3891096     49.22      2556    241368   8787112     31.97   3629688     78740       256      5368
11:26:15 PM   3986380   4014724   3891096     49.22      2556    241368   8787112     31.97   3629688     78740       256      5368
11:26:20 PM   3994812   4015696   3890124     49.21      2280    234248   8787112     31.97   3625832     73004       176      5368
11:26:25 PM   3994812   4015696   3890124     49.21      2280    234248   8787112     31.97   3625832     73004       176      5368
11:26:30 PM   3994812   4016040   3889780     49.20      2280    234560   8787112     31.97   3626040     73124       128      5368
11:26:35 PM   3994560   4016248   3889572     49.20      2280    235024   8795308     32.00   3626392     73236       148      5368
11:26:40 PM   3994560   4015536   3890284     49.21      2280    234276   8795308     32.00   3625752     73168       148      5368
11:26:45 PM   3994560   4015680   3890140     49.21      2280    234420   8795308     32.00   3625860     73204       252      5368
11:26:50 PM   3994560   4015680   3890140     49.21      2280    234420   8795308     32.00   3625860     73204       124      5368
11:26:55 PM   3993752   4016644   3889176     49.19      2280    236204   8794372     32.00   3627032     73468       124      5368
11:27:00 PM   3993528   4016432   3889388     49.20      2280    236252   8794372     32.00   3627192     73468       172      5368
11:27:05 PM   3993528   4016480   3889340     49.20      2280    236252   8794372     32.00   3627124     73564        96      5368
11:27:10 PM   3993304   4016256   3889564     49.20      2280    236252   8794372     32.00   3627124     73564       116      5368
11:27:15 PM   3993304   4016212   3889608     49.20      2280    236212   8794372     32.00   3627028     73564       116      5368
11:27:20 PM   3993304   4016144   3889676     49.20      2280    236144   8794372     32.00   3626832     73568       120      5368
11:27:25 PM   3993304   4016072   3889748     49.20      2280    236120   8794372     32.00   3626628     73568        72      5368
11:27:30 PM   3993052   4016240   3889580     49.20      2280    236492   8794372     32.00   3626756     73848        24      5368
11:27:35 PM   3993052   4016236   3889584     49.20      2280    236488   8794372     32.00   3626720     73848        24      5368
11:27:40 PM   3993052   4016316   3889504     49.20      2280    236568   8794372     32.00   3626720     73928        80      5368
11:27:45 PM   3993052   4016316   3889504     49.20      2280    236580   8794372     32.00   3626740     73928       100      5368
11:27:50 PM   4014204   4020300   3885520     49.15      1628    220052   8794372     32.00   3622172     60964       104      5368
11:27:55 PM   4014204   4020272   3885548     49.15      1628    220024   8794372     32.00   3622140     60964        24      5368
11:28:00 PM   4014204   4020272   3885548     49.15      1628    220024   8794372     32.00   3622136     60968        24      5368
11:28:05 PM   4014204   4020260   3885560     49.15      1628    220012   8794372     32.00   3622116     60968        24      5368
11:28:10 PM   4014204   4019016   3886804     49.16      1628    218872   8794372     32.00   3621432     60292        24      5368
11:28:15 PM   4014204   4019164   3886656     49.16      1628    218956   8794372     32.00   3621512     60340        80      5368
11:28:20 PM   4014204   4019540   3886280     49.16      1628    219292   8794372     32.00   3621852     60380       100      5368
11:28:25 PM   4014204   4019240   3886580     49.16      1628    219056   8794372     32.00   3621640     60228       108      5368
11:28:30 PM   4013980   4021124   3884696     49.14      1628    221100   8794372     32.00   3623940     60112       108      5368
11:28:35 PM   4013980   4021124   3884696     49.14      1628    221100   8794372     32.00   3623952     60112       108      5368
11:28:40 PM   4013980   4021124   3884696     49.14      1628    221100   8794372     32.00   3623936     60144        28      5368
11:28:45 PM   4013980   4021372   3884448     49.13      1632    221364   8794372     32.00   3623932     60392        28      5368
11:28:50 PM   4013980   4021500   3884320     49.13      1632    221472   8794372     32.00   3623932     60520       108      5368
11:28:55 PM   4013980   4021500   3884320     49.13      1632    221472   8794372     32.00   3623932     60520       116      5368
11:29:00 PM   4013980   4021500   3884320     49.13      1632    221472   8794372     32.00   3623936     60520       116      5368
11:29:05 PM   4013980   4021492   3884328     49.13      1632    221464   8794372     32.00   3623928     60520       116      5368
11:29:10 PM   4013980   4021480   3884340     49.13      1632    221460   8794372     32.00   3623924     60512       116      5368
11:29:15 PM   4013980   4021316   3884504     49.13      1632    221288   8794372     32.00   3623748     60512        20      5368
11:29:20 PM   4013980   4021564   3884256     49.13      1632    221704   8794372     32.00   3623748     60760        20      5368
11:29:25 PM   4013980   4021780   3884040     49.13      1632    221816   8794372     32.00   3623828     60896        96      5368
11:29:30 PM   4013980   4021776   3884044     49.13      1632    221812   8794372     32.00   3623824     60896       116      5368
11:29:35 PM   4013980   4021840   3883980     49.13      1632    221812   8794372     32.00   3623824     60960       116      5368
11:29:40 PM   4013980   4021488   3884332     49.13      1632    221460   8794372     32.00   3623464     60960       116      5368
11:29:45 PM   4013980   4021488   3884332     49.13      1632    221460   8794372     32.00   3623464     60960       116      5368
11:29:50 PM   4013980   4021736   3884084     49.13      1632    221792   8794372     32.00   3623712     60960        20      5368
11:29:55 PM   4013980   4022192   3883628     49.12      1632    222228   8794372     32.00   3623792     61336        24      5368
11:30:00 PM   4013980   4022236   3883584     49.12      1632    222336   8794372     32.00   3623788     61384       112      5368
11:30:05 PM   4013488   4022612   3883208     49.12      1632    223080   8794372     32.00   3624532     61508       132      5368
11:30:10 PM   4013488   4022604   3883216     49.12      1632    223076   8794372     32.00   3624524     61508       132      5368
11:30:15 PM   4013488   4022592   3883228     49.12      1632    223136   8794372     32.00   3624512     61508       288      5368
11:30:20 PM   4013488   4022668   3883152     49.12      1632    223200   8794372     32.00   3624516     61584       320      5368
11:30:25 PM   4013488   4022676   3883144     49.12      1632    223156   8794372     32.00   3624460     61648       124      5368
11:30:30 PM   4013488   4023108   3882712     49.11      1632    223668   8794372     32.00   3624492     62064       172      5368
11:30:35 PM   4013488   4023300   3882520     49.11      1632    223800   8794372     32.00   3624492     62256       284      5368
11:30:40 PM   4013488   4022360   3883460     49.12      1632    222876   8794372     32.00   3623932     61872       300      5368
11:30:45 PM   4013488   4022472   3883348     49.12      1632    222940   8794372     32.00   3623976     61940       200      5368
11:30:50 PM   4013488   4022184   3883636     49.12      1632    222652   8794372     32.00   3623684     61940       200      5368
11:30:55 PM   4013488   4022188   3883632     49.12      1632    222652   8794372     32.00   3623684     61944       200      5368
11:31:00 PM   4013488   4022280   3883540     49.12      1632    222876   8794372     32.00   3623392     62316        24      5368
11:31:05 PM   4013488   4022552   3883268     49.12      1632    223016   8794372     32.00   3623544     62448        24      5368
11:31:10 PM   4013488   4022600   3883220     49.12      1632    223128   8794372     32.00   3623544     62496       112      5368
11:31:15 PM   4013488   4022664   3883156     49.12      1632    223128   8794372     32.00   3623540     62564       136      5368
11:31:20 PM   4013488   4022776   3883044     49.12      1632    223336   8794372     32.00   3623652     62564       136      5368
11:31:25 PM   4013488   4022840   3882980     49.12      1632    223304   8794372     32.00   3623720     62560       136      5368
11:31:30 PM   4013488   4023084   3882736     49.11      1632    223624   8794372     32.00   3623964     62560        24      5368
11:31:35 PM   4013488   4023356   3882464     49.11      1632    223820   8794372     32.00   3624240     62560        24      5368
11:31:40 PM   4013488   4023728   3882092     49.10      1632    224212   8794372     32.00   3624240     62932        24      5368
11:31:45 PM   4013488   4024072   3881748     49.10      1632    224536   8794372     32.00   3624416     63100       112      5368
11:31:50 PM   4013488   4024068   3881752     49.10      1632    224540   8794372     32.00   3624412     63100       132      5368
11:31:55 PM   4012244   4023692   3882128     49.10      1628    225428   8794372     32.00   3627288     61536       132      5368
11:32:00 PM   4012244   4023680   3882140     49.10      1628    225416   8794372     32.00   3627264     61536       132      5368
11:32:05 PM   4012244   4023704   3882116     49.10      1628    225412   8794372     32.00   3627276     61536       132      5368
11:32:10 PM   4012244   4023680   3882140     49.10      1628    225400   8794372     32.00   3627220     61536        28      5368
11:32:15 PM   4012244   4023384   3882436     49.11      1632    225088   8794372     32.00   3626468     61896        28      5368
11:32:20 PM   4012244   4023344   3882476     49.11      1632    225252   8794372     32.00   3626344     61892        96      5368
11:32:25 PM   4012244   4023548   3882272     49.11      1632    225252   8794372     32.00   3626468     61988       116      5368
11:32:30 PM   4012244   4023544   3882276     49.11      1632    225256   8794372     32.00   3626464     61988       120      5368
11:32:35 PM   4012244   4023552   3882268     49.11      1632    225256   8794372     32.00   3626472     61992       120      5368
11:32:40 PM   4012244   4023552   3882268     49.11      1632    225256   8794372     32.00   3626472     61992       120      5368
11:32:45 PM   4012244   4023548   3882272     49.11      1632    225256   8794372     32.00   3626468     61992        24      5368
11:32:50 PM   4012244   4023800   3882020     49.10      1632    225608   8794372     32.00   3626472     62240        24      5368
11:32:55 PM   4012244   4023924   3881896     49.10      1632    225720   8794372     32.00   3626472     62364       112      5368
11:33:00 PM   4012244   4024008   3881812     49.10      1632    225712   8794372     32.00   3626460     62456       132      5368
11:33:05 PM   4012244   4024008   3881812     49.10      1632    225712   8794372     32.00   3626460     62456       132      5368
11:33:10 PM   4012244   4024008   3881812     49.10      1632    225712   8794372     32.00   3626460     62456       132      5368
11:33:15 PM   4012244   4024008   3881812     49.10      1632    225764   8794372     32.00   3626464     62456       180      5368
11:33:20 PM   4012244   4024056   3881764     49.10      1632    225764   8794372     32.00   3626460     62508        20      5368
11:33:25 PM   4012244   4024304   3881516     49.10      1632    226100   8794372     32.00   3626460     62756        20      5368
11:33:30 PM   4012244   4024396   3881424     49.10      1632    226196   8794372     32.00   3626468     62844        96      5368
11:33:35 PM   4012244   4024396   3881424     49.10      1632    226196   8794372     32.00   3626468     62844       116      5368
11:33:40 PM   4012244   4024492   3881328     49.09      1632    226196   8794372     32.00   3626464     62940       116      5368
11:33:45 PM   4012244   4024492   3881328     49.09      1632    226196   8794372     32.00   3626464     62940       116      5368
11:33:50 PM   4012244   4024492   3881328     49.09      1632    226196   8794372     32.00   3626464     62940       116      5368
11:33:55 PM   4012244   4024460   3881360     49.09      1632    226168   8794372     32.00   3626432     62940        24      5368
11:34:00 PM   4012244   4024816   3881004     49.09      1632    226520   8794372     32.00   3626432     63296        24      5368
11:34:05 PM   4012244   4024808   3881012     49.09      1632    226628   8794372     32.00   3626420     63296       112      5368
11:34:10 PM   4012244   4024924   3880896     49.09      1632    226628   8794372     32.00   3626424     63408       132      5368
11:34:15 PM   4012244   4024920   3880900     49.09      1632    226624   8794372     32.00   3626420     63408       132      5368
11:34:20 PM   4012244   4024928   3880892     49.09      1632    226632   8794372     32.00   3626428     63408       132      5368
11:34:25 PM   4012244   4022404   3883416     49.12      1632    224316   8794372     32.00   3624136     61852       132      5368
11:34:30 PM   4012244   4022792   3883028     49.12      1632    224504   8794372     32.00   3624532     61852        20      5368
11:34:35 PM   4012244   4023164   3882656     49.11      1632    224908   8794372     32.00   3624532     62224        20      5368
11:34:40 PM   4012244   4023256   3882564     49.11      1632    224968   8794372     32.00   3624484     62360        96      5368
11:34:45 PM   4012244   4023256   3882564     49.11      1632    224968   8794372     32.00   3624484     62360       116      5368
11:34:50 PM   4012244   4023276   3882544     49.11      1632    224988   8794372     32.00   3624504     62360       116      5368
11:34:55 PM   4012244   4023272   3882548     49.11      1632    224984   8794372     32.00   3624496     62360       116      5368
11:35:00 PM   4012244   4023268   3882552     49.11      1632    224980   8794372     32.00   3624492     62360       116      5368
11:35:05 PM   4012244   4023268   3882552     49.11      1632    224984   8794372     32.00   3624492     62360        24      5368
11:35:10 PM   4012244   4023664   3882156     49.11      1632    225376   8794372     32.00   3624516     62736        24      5368
11:35:15 PM   4011992   4023764   3882056     49.10      1632    225876   8794372     32.00   3624748     62860       268      5368
11:35:20 PM   4011992   4023940   3881880     49.10      1632    225908   8794372     32.00   3624784     63000       320      5368
11:35:25 PM   4011992   4023940   3881880     49.10      1632    225904   8794372     32.00   3624784     63000       316      5368
11:35:30 PM   4011992   4023940   3881880     49.10      1632    225904   8794372     32.00   3624796     63000       320      5368
11:35:35 PM   4011992   4023940   3881880     49.10      1632    225908   8794372     32.00   3624796     63000       328      5368
11:35:40 PM   4011992   4023940   3881880     49.10      1632    225904   8794372     32.00   3624796     63000       132      5368
11:35:45 PM   4011992   4022648   3883172     49.12      1628    224668   8794372     32.00   3624672     61828        72      5368
11:35:50 PM   4011992   4022832   3882988     49.12      1628    224800   8794372     32.00   3624700     61984       148      5368
11:35:55 PM   4011992   4022832   3882988     49.12      1628    224800   8794372     32.00   3624700     61984       164      5368
11:36:00 PM   4011992   4022828   3882992     49.12      1628    224796   8794372     32.00   3624692     61980       164      5368
11:36:05 PM   4011992   4022828   3882992     49.12      1628    224796   8794372     32.00   3624692     61980       164      5368
11:36:10 PM   4011992   4022828   3882992     49.12      1628    224796   8794372     32.00   3624692     61980       164      5368
11:36:15 PM   4011992   4022828   3882992     49.12      1628    224796   8794372     32.00   3624692     61980        20      5368
11:36:20 PM   4011992   4023320   3882500     49.11      1632    225360   8794372     32.00   3624696     62472        20      5368
11:36:25 PM   4011992   4023396   3882424     49.11      1632    225472   8794372     32.00   3624696     62548       112      5368
11:36:30 PM   4009472   4022880   3882940     49.11      1632    227416   8794792     32.00   3626464     63048       372      5368
11:36:35 PM   4009472   4022932   3882888     49.11      1632    227416   8794792     32.00   3626464     63100       372      5368
11:36:40 PM   4009472   4022928   3882892     49.11      1632    227412   8794792     32.00   3626456     63100       372      5368
11:36:45 PM   4009472   4022928   3882892     49.11      1632    227412   8794792     32.00   3626456     63100       372      5368
11:36:50 PM   4009472   4022928   3882892     49.11      1632    227412   8794792     32.00   3626456     63100       212      5368
11:36:55 PM   4009472   4023108   3882712     49.11      1632    227664   8794792     32.00   3626372     63352       216      5368
11:37:00 PM   4009472   4023260   3882560     49.11      1632    227792   8794792     32.00   3626352     63520       144      5368
11:37:05 PM   4009472   4023308   3882512     49.11      1632    227792   8794792     32.00   3626352     63568       164      5368
11:37:10 PM   4009472   4023308   3882512     49.11      1632    227792   8794792     32.00   3626352     63568       164      5368
11:37:15 PM   4009472   4023308   3882512     49.11      1632    227792   8794792     32.00   3626352     63568       164      5368
11:37:20 PM   4009220   4023060   3882760     49.11      1632    227796   8794372     32.00   3627560     63568       164      5368
11:37:25 PM   4009220   4023068   3882752     49.11      1632    227796   8794372     32.00   3627716     63568        20      5368
11:37:30 PM   4009220   4023440   3882380     49.11      1632    228212   8794372     32.00   3627676     63940        20      5368
11:37:35 PM   4009220   4023596   3882224     49.11      1632    228324   8794372     32.00   3627676     64096       112      5368
11:37:40 PM   4009220   4023596   3882224     49.11      1632    228328   8794372     32.00   3627676     64096       136      5368
11:37:45 PM   4009220   4023600   3882220     49.11      1632    228328   8794372     32.00   3627684     64100       136      5368
11:37:50 PM   4009220   4023592   3882228     49.11      1632    228332   8794372     32.00   3627684     64092       140      5368
11:37:55 PM   4009220   4023604   3882216     49.11      1632    228332   8794372     32.00   3627688     64096       140      5368
11:38:00 PM   4009220   4023604   3882216     49.11      1632    228332   8794372     32.00   3627688     64096        28      5368
11:38:05 PM   4009220   4023904   3881916     49.10      1632    228636   8794372     32.00   3627688     64396        28      5368
11:38:10 PM   4009220   4023876   3881944     49.10      1632    228704   8794372     32.00   3627652     64392        96      5368
11:38:15 PM   4009220   4023976   3881844     49.10      1632    228704   8794372     32.00   3627656     64488       116      5368
11:38:20 PM   4009220   4023976   3881844     49.10      1632    228704   8794372     32.00   3627656     64488       116      5368
11:38:25 PM   4009220   4023976   3881844     49.10      1632    228704   8794372     32.00   3627656     64488       116      5368
11:38:30 PM   4009220   4023976   3881844     49.10      1632    228704   8794372     32.00   3627656     64488       116      5368
11:38:35 PM   4009220   4024060   3881760     49.10      1632    228800   8794372     32.00   3627724     64484        20      5368
11:38:40 PM   4009220   4024304   3881516     49.10      1632    229168   8794372     32.00   3627720     64732        20      5368
11:38:45 PM   4009220   4024536   3881284     49.09      1632    229264   8794372     32.00   3627736     64948        96      5368
11:38:50 PM   4009220   4024520   3881300     49.09      1632    229272   8794372     32.00   3627720     64948       116      5368
11:38:55 PM   4009220   4024544   3881276     49.09      1632    229272   8794372     32.00   3627728     64948       116      5368
11:39:00 PM   4009220   4024536   3881284     49.09      1632    229272   8794372     32.00   3627720     64948       116      5368
11:39:05 PM   4009220   4024544   3881276     49.09      1632    229272   8794372     32.00   3627744     64948       116      5368
11:39:10 PM   4009220   4024512   3881308     49.09      1632    229240   8794372     32.00   3627712     64948        20      5368
11:39:15 PM   4009220   4024720   3881100     49.09      1632    229448   8794372     32.00   3627644     65220        20      5368
11:39:20 PM   4009220   4024720   3881100     49.09      1632    229528   8794372     32.00   3627644     65220        80      5368
11:39:25 PM   4009220   4024800   3881020     49.09      1632    229528   8794372     32.00   3627648     65300       100      5368
11:39:30 PM   4009220   4024800   3881020     49.09      1632    229528   8794372     32.00   3627648     65300       100      5368
11:39:35 PM   4009220   4024808   3881012     49.09      1632    229536   8794372     32.00   3627648     65308       108      5368
11:39:40 PM   4009220   4024804   3881016     49.09      1632    229536   8794372     32.00   3627644     65304       108      5368
11:39:45 PM   4009220   4024808   3881012     49.09      1632    229536   8794372     32.00   3627648     65304        28      5368
11:39:50 PM   4009220   4025052   3880768     49.09      1632    229856   8794372     32.00   3627644     65548        28      5368
11:39:55 PM   4009220   4025128   3880692     49.09      1632    229952   8794372     32.00   3627644     65624        96      5368
11:40:00 PM   4009220   4025228   3880592     49.09      1632    229956   8794372     32.00   3627644     65728       120      5368
11:40:05 PM   4009220   4025228   3880592     49.09      1632    229956   8794372     32.00   3627640     65728       120      5368
11:40:10 PM   4009220   4025220   3880600     49.09      1632    229956   8794372     32.00   3627636     65724       120      5368
11:40:15 PM   4009220   4025268   3880552     49.08      1632    230112   8794372     32.00   3627688     65728       280      5368
11:40:20 PM   4009220   4025368   3880452     49.08      1632    230192   8794372     32.00   3627676     65840       184      5368
11:40:25 PM   4009220   4025668   3880152     49.08      1632    230484   8794372     32.00   3627676     66136       132      5368
11:40:30 PM   4009220   4025884   3879936     49.08      1632    230660   8794372     32.00   3627676     66352       280      5368
11:40:35 PM   4009220   4025876   3879944     49.08      1632    230664   8794372     32.00   3627668     66352       304      5368
11:40:40 PM   4009220   4025932   3879888     49.08      1632    230660   8794372     32.00   3627672     66404       300      5368
11:40:45 PM   4009220   4025912   3879908     49.08      1632    230640   8794372     32.00   3627660     66396       196      5368
11:40:50 PM   4009220   4025912   3879908     49.08      1632    230640   8794372     32.00   3627664     66396        24      5368
11:40:55 PM   4009220   4025888   3879932     49.08      1632    230620   8794372     32.00   3627644     66392        20      5368
11:41:00 PM   4009220   4026308   3879512     49.07      1632    231036   8794372     32.00   3627648     66808        20      5368
11:41:05 PM   4009220   4026304   3879516     49.07      1632    231128   8794372     32.00   3627644     66808        96      5368
11:41:10 PM   4009220   4022076   3883744     49.13      1632    226828   8794372     32.00   3626312     63448       116      5368
11:41:15 PM   4009220   4022076   3883744     49.13      1632    226828   8794372     32.00   3626312     63448       116      5368
11:41:20 PM   4009220   4022092   3883728     49.12      1632    226828   8794372     32.00   3626332     63444       116      5368
11:41:25 PM   4009220   4022092   3883728     49.12      1632    226828   8794372     32.00   3626332     63444       116      5368
11:41:30 PM   4009220   4022204   3883616     49.12      1632    226936   8794372     32.00   3626448     63444        20      5368
11:41:35 PM   4009220   4022448   3883372     49.12      1632    227240   8794372     32.00   3626444     63692        20      5368
11:41:40 PM   4009220   4022584   3883236     49.12      1632    227316   8794372     32.00   3626448     63828        80      5368
11:41:45 PM   4009220   4022572   3883248     49.12      1632    227304   8794372     32.00   3626432     63828       100      5368
11:41:50 PM   4009220   4022576   3883244     49.12      1632    227308   8794372     32.00   3626436     63828       100      5368
11:41:55 PM   4009220   4022572   3883248     49.12      1632    227308   8794372     32.00   3626432     63828       100      5368
11:42:00 PM   4009220   4022568   3883252     49.12      1632    227304   8794372     32.00   3626432     63828       100      5368
11:42:05 PM   4009220   4022564   3883256     49.12      1632    227300   8794372     32.00   3626424     63828        20      5368
11:42:10 PM   4009220   4022908   3882912     49.11      1632    227640   8794372     32.00   3626432     64164        20      5368
11:42:15 PM   4009220   4022896   3882924     49.11      1632    227724   8794372     32.00   3626420     64164        96      5368
11:42:20 PM   4008968   4023356   3882464     49.11      1632    228336   8794372     32.00   3627504     64312       116      5368
11:42:25 PM   4008968   4023356   3882464     49.11      1632    228336   8794372     32.00   3627504     64312       116      5368
11:42:30 PM   4008968   4023348   3882472     49.11      1632    228328   8794372     32.00   3627496     64312       116      5368
11:42:35 PM   4008968   4023348   3882472     49.11      1632    228328   8794372     32.00   3627496     64312       116      5368
11:42:40 PM   4008968   4023308   3882512     49.11      1632    228288   8794372     32.00   3627456     64312        20      5368
11:42:45 PM   4008968   4023556   3882264     49.11      1632    228640   8794372     32.00   3627456     64560        20      5368
11:42:50 PM   4008968   4020212   3885608     49.15      1628    225196   8794372     32.00   3626804     61656        96      5368
11:42:55 PM   4008968   4020192   3885628     49.15      1628    225180   8794372     32.00   3626724     61656       116      5368
11:43:00 PM   4008968   4020200   3885620     49.15      1628    225188   8794372     32.00   3626728     61660       120      5368
11:43:05 PM   4008968   4020188   3885632     49.15      1628    225176   8794372     32.00   3626636     61660       120      5368
11:43:10 PM   4008968   4020324   3885496     49.15      1628    225312   8794372     32.00   3626808     61660       120      5368
11:43:15 PM   4008968   4020292   3885528     49.15      1628    225288   8794372     32.00   3626704     61660        32      5368
11:43:20 PM   4008968   4020540   3885280     49.14      1632    225652   8794372     32.00   3626704     61908        32      5368
11:43:25 PM   4008968   4020668   3885152     49.14      1632    225748   8794372     32.00   3626704     62036        96      5368
11:43:30 PM   4008968   4020624   3885196     49.14      1632    225704   8794372     32.00   3626652     62036       116      5368
11:43:35 PM   4008968   4020720   3885100     49.14      1632    225704   8794372     32.00   3626656     62132       116      5368
11:43:40 PM   4008968   4020720   3885100     49.14      1632    225704   8794372     32.00   3626656     62132       116      5368
11:43:45 PM   4008968   4020720   3885100     49.14      1632    225704   8794372     32.00   3626660     62132       116      5368
11:43:50 PM   4008968   4020656   3885164     49.14      1632    225640   8794372     32.00   3626596     62132        20      5368
11:43:55 PM   4008968   4019200   3886620     49.16      1632    224272   8794372     32.00   3623784     61384        20      5368
11:44:00 PM   4008968   4019200   3886620     49.16      1632    224352   8794372     32.00   3623784     61384        80      5368
11:44:05 PM   4008968   4019364   3886456     49.16      1632    224352   8794372     32.00   3625844     61536       100      5368
11:44:10 PM   4008968   4019364   3886456     49.16      1632    224352   8794372     32.00   3625844     61536       100      5368
11:44:15 PM   4008968   4019364   3886456     49.16      1632    224352   8794372     32.00   3625844     61536       100      5368
11:44:20 PM   4008968   4019476   3886344     49.16      1632    224560   8794372     32.00   3625956     61532       100      5368
11:44:25 PM   4008968   4019580   3886240     49.16      1632    224568   8794372     32.00   3626068     61536        24      5368
11:44:30 PM   4008968   4019780   3886040     49.15      1632    224892   8794372     32.00   3626068     61756        24      5368
11:44:35 PM   4008968   4019996   3885824     49.15      1632    224984   8794372     32.00   3626064     61976        96      5368
11:44:40 PM   4008968   4019996   3885824     49.15      1632    224984   8794372     32.00   3626064     61976       116      5368
11:44:45 PM   4008968   4019936   3885884     49.15      1632    224924   8794372     32.00   3625984     61976       116      5368
11:44:50 PM   4008968   4019916   3885904     49.15      1632    224908   8794372     32.00   3625960     61976       116      5368
11:44:55 PM   4008968   4019920   3885900     49.15      1632    224908   8794372     32.00   3625968     61976       116      5368
11:45:00 PM   4008968   4019920   3885900     49.15      1632    224908   8794372     32.00   3625968     61976        20      5368
11:45:05 PM   4008968   4020172   3885648     49.15      1632    225164   8794372     32.00   3625964     62232        20      5368
11:45:10 PM   4008728   4019944   3885876     49.15      1632    225244   8794372     32.00   3625964     62232        80      5368
11:45:15 PM   4008728   4020648   3885172     49.14      1632    225964   8794372     32.00   3626492     62420       152      5368
11:45:20 PM   4008728   4020788   3885032     49.14      1632    226060   8794372     32.00   3626492     62560       284      5368
11:45:25 PM   4008728   4020840   3884980     49.14      1632    226060   8794372     32.00   3626492     62612       284      5368
11:45:30 PM   4008728   4020840   3884980     49.14      1632    226060   8794372     32.00   3626492     62612       284      5368
11:45:35 PM   4008728   4020828   3884992     49.14      1632    226100   8794372     32.00   3626480     62612       176      5368
11:45:40 PM   4008728   4021148   3884672     49.14      1632    226416   8794372     32.00   3626432     62980       124      5368
11:45:45 PM   4008728   4021288   3884532     49.14      1632    226508   8794372     32.00   3626420     63132       112      5368
11:45:50 PM   4008728   4021288   3884532     49.14      1632    226512   8794372     32.00   3626420     63132       132      5368
11:45:55 PM   4008728   4021264   3884556     49.14      1632    226484   8794372     32.00   3626384     63136       132      5368
11:46:00 PM   4008728   4021264   3884556     49.14      1632    226484   8794372     32.00   3626384     63136       132      5368
11:46:05 PM   4008728   4021268   3884552     49.14      1632    226488   8794372     32.00   3626388     63140        24      5368
11:46:10 PM   4008728   4021268   3884552     49.14      1632    226488   8794372     32.00   3626388     63140        24      5368
11:46:15 PM   4008728   4021588   3884232     49.13      1632    226808   8794372     32.00   3626388     63460        24      5368
11:46:20 PM   4008728   4021572   3884248     49.13      1632    226884   8794372     32.00   3626376     63452        80      5368
11:46:25 PM   4008728   4021680   3884140     49.13      1632    226900   8794372     32.00   3626380     63556       100      5368
11:46:30 PM   4008728   4021680   3884140     49.13      1632    226996   8794372     32.00   3626392     63556       100      5368
11:46:35 PM   4008728   4021776   3884044     49.13      1632    226996   8794372     32.00   3626504     63556       100      5368
11:46:40 PM   4008728   4021776   3884044     49.13      1632    226996   8794372     32.00   3626500     63556       100      5368
11:46:45 PM   4008728   4021776   3884044     49.13      1632    226996   8794372     32.00   3626500     63556        20      5368
11:46:50 PM   4008728   4020660   3885160     49.14      1628    225896   8794372     32.00   3626328     62604        20      5368
11:46:55 PM   4008728   4020680   3885140     49.14      1628    225984   8794372     32.00   3626332     62620        96      5368
11:47:00 PM   4008728   4020772   3885048     49.14      1628    225996   8794372     32.00   3626336     62712       124      5368
11:47:05 PM   4008728   4020716   3885104     49.14      1628    225944   8794372     32.00   3626264     62712       124      5368
11:47:10 PM   4008728   4020712   3885108     49.14      1628    225944   8794372     32.00   3626264     62704       124      5368
11:47:15 PM   4008728   4020704   3885116     49.14      1628    225940   8794372     32.00   3626256     62696       124      5368
11:47:20 PM   4008728   4021568   3884252     49.13      1628    226792   8794372     32.00   3629388     62760        28      5368
11:47:25 PM   4008728   4021764   3884056     49.13      1632    227064   8794372     32.00   3629444     62952        28      5368
11:47:30 PM   4008728   4021852   3883968     49.13      1632    227144   8794372     32.00   3629524     63036        80      5368
11:47:35 PM   4008728   4021848   3883972     49.13      1632    227144   8794372     32.00   3629504     63036       100      5368
11:47:40 PM   4008728   4021932   3883888     49.13      1632    227144   8794372     32.00   3629500     63124       100      5368
11:47:45 PM   4008728   4021932   3883888     49.13      1632    227144   8794372     32.00   3629500     63124       100      5368
11:47:50 PM   4008728   4021912   3883908     49.13      1632    227128   8794372     32.00   3629460     63116       100      5368
11:47:55 PM   4008728   4021912   3883908     49.13      1632    227128   8794372     32.00   3629460     63116        20      5368
11:48:00 PM   4008728   4022216   3883604     49.12      1632    227428   8794372     32.00   3629320     63440        24      5368
11:48:05 PM   4008728   4022216   3883604     49.12      1632    227540   8794372     32.00   3629320     63440       112      5368
11:48:10 PM   4008728   4022328   3883492     49.12      1632    227540   8794372     32.00   3629320     63552       132      5368
11:48:15 PM   4008728   4022328   3883492     49.12      1632    227540   8794372     32.00   3629320     63552       132      5368
11:48:20 PM   4008728   4022320   3883500     49.12      1632    227540   8794372     32.00   3629344     63548       132      5368
11:48:25 PM   4008728   4022320   3883500     49.12      1632    227540   8794372     32.00   3629344     63548       132      5368
11:48:30 PM   4008728   4022316   3883504     49.12      1632    227528   8794372     32.00   3629192     63548        20      5368
11:48:35 PM   4008728   4022556   3883264     49.12      1632    227800   8794372     32.00   3629180     63796        20      5368
11:48:40 PM   4008728   4022668   3883152     49.12      1632    227880   8794372     32.00   3629192     63900        80      5368
11:48:45 PM   4008728   4022668   3883152     49.12      1632    227880   8794372     32.00   3629188     63900       100      5368
11:48:50 PM   4009752   4023640   3882180     49.11      1632    227832   8794372     32.00   3628644     63900       100      5368
11:48:55 PM   4009752   4023632   3882188     49.11      1632    227828   8794372     32.00   3628640     63896       100      5368
11:49:00 PM   4009752   4023640   3882180     49.11      1632    227832   8794372     32.00   3628644     63896       100      5368
11:49:05 PM   4009752   4023632   3882188     49.11      1632    227832   8794372     32.00   3628636     63896        20      5368
11:49:10 PM   4009752   4024012   3881808     49.10      1632    228204   8794372     32.00   3628664     64268        24      5368
11:49:15 PM   4009752   4024012   3881808     49.10      1632    228316   8794372     32.00   3628664     64268       112      5368
11:49:20 PM   4009752   4024124   3881696     49.10      1632    228316   8794372     32.00   3628660     64384       132      5368
11:49:25 PM   4009752   4024124   3881696     49.10      1632    228316   8794372     32.00   3628660     64384       132      5368
11:49:30 PM   4009752   4024124   3881696     49.10      1632    228316   8794372     32.00   3628672     64384       132      5368
11:49:35 PM   4009752   4024120   3881700     49.10      1632    228312   8794372     32.00   3628672     64380       132      5368
11:49:40 PM   4009752   4024116   3881704     49.10      1632    228312   8794372     32.00   3628668     64380        20      5368
11:49:45 PM   4009752   4024360   3881460     49.10      1632    228600   8794372     32.00   3628664     64628        20      5368
11:49:50 PM   4009752   4024488   3881332     49.09      1632    228680   8794372     32.00   3628672     64748        80      5368
11:49:55 PM   4009752   4024488   3881332     49.09      1632    228680   8794372     32.00   3628664     64748       100      5368
11:50:00 PM   4009752   4024488   3881332     49.09      1632    228680   8794372     32.00   3628664     64748       100      5368
11:50:05 PM   4009752   4024488   3881332     49.09      1632    228680   8794372     32.00   3628664     64748       100      5368
11:50:10 PM   4009752   4024488   3881332     49.09      1632    228680   8794372     32.00   3628664     64748       100      5368
11:50:15 PM   4009752   4024484   3881336     49.09      1632    228736   8794372     32.00   3628660     64748       176      5368
11:50:20 PM   4009752   4025076   3880744     49.09      1632    229268   8794372     32.00   3628676     65336        72      5368
11:50:25 PM   4009752   4025068   3880752     49.09      1632    229388   8794372     32.00   3628660     65332       176      5368
11:50:30 PM   4009752   4021748   3884072     49.13      1632    226068   8794372     32.00   3627544     62644       296      5368
11:50:35 PM   4009752   4021880   3883940     49.13      1632    226080   8794372     32.00   3627572     62748       304      5368
11:50:40 PM   4009752   4021880   3883940     49.13      1632    226084   8794372     32.00   3627572     62748       308      5368
11:50:45 PM   4009752   4021908   3883912     49.13      1632    226104   8794372     32.00   3627576     62776        44      5368
11:50:50 PM   4009752   4021912   3883908     49.13      1632    226296   8794372     32.00   3627572     62784        32      5368
11:50:55 PM   4009752   4019764   3886056     49.15      1628    224000   8794372     32.00   3626464     61076        36      5368
11:51:00 PM   4009752   4019764   3886056     49.15      1628    224108   8794372     32.00   3626464     61076        96      5368
11:51:05 PM   4009752   4019908   3885912     49.15      1628    224108   8794372     32.00   3626504     61184       116      5368
11:51:10 PM   4009752   4019900   3885920     49.15      1628    224100   8794372     32.00   3626496     61184       116      5368
11:51:15 PM   4009752   4019900   3885920     49.15      1628    224100   8794372     32.00   3626488     61184       116      5368
11:51:20 PM   4009752   4020148   3885672     49.15      1628    224512   8794372     32.00   3626736     61184       116      5368
11:51:25 PM   4009752   4020312   3885508     49.15      1628    224512   8794372     32.00   3626940     61184        20      5368
11:51:30 PM   4009752   4020676   3885144     49.14      1632    224896   8794372     32.00   3626964     61548        20      5368
11:51:35 PM   4009752   4020788   3885032     49.14      1632    224984   8794372     32.00   3626972     61664        96      5368
11:51:40 PM   4009752   4020784   3885036     49.14      1632    224984   8794372     32.00   3626968     61664       116      5368
11:51:45 PM   4009752   4020788   3885032     49.14      1632    224984   8794372     32.00   3626968     61668       116      5368
11:51:50 PM   4009752   4020784   3885036     49.14      1632    224984   8794372     32.00   3626968     61664       116      5368
11:51:55 PM   4009752   4020184   3885636     49.15      1632    224380   8794372     32.00   3626908     61116       116      5368
11:52:00 PM   4009752   4020184   3885636     49.15      1632    224380   8794372     32.00   3626908     61116        20      5368
11:52:05 PM   4009752   4020520   3885300     49.14      1632    224716   8794372     32.00   3626904     61456        20      5368
11:52:10 PM   4009752   4020548   3885272     49.14      1632    224860   8794372     32.00   3626924     61460        96      5368
11:52:15 PM   4009752   4020660   3885160     49.14      1632    224856   8794372     32.00   3626936     61552       116      5368
11:52:20 PM   4009752   4021472   3884348     49.13      1632    225668   8794372     32.00   3629304     61616       116      5368
11:52:25 PM   4009752   4021472   3884348     49.13      1632    225664   8794372     32.00   3629536     61612       116      5368
11:52:30 PM   4009752   4021472   3884348     49.13      1632    225664   8794372     32.00   3629536     61612       116      5368
11:52:35 PM   4009752   4021436   3884384     49.13      1632    225632   8794372     32.00   3629124     61612        20      5368
11:52:40 PM   4009752   4021672   3884148     49.13      1632    225976   8794372     32.00   3629072     61860        20      5368
11:52:45 PM   4009752   4021872   3883948     49.13      1632    226068   8794372     32.00   3629124     62064        96      5368
11:52:50 PM   4009752   4021836   3883984     49.13      1632    226036   8794372     32.00   3629076     62064       116      5368
11:52:55 PM   4009752   4021840   3883980     49.13      1632    226036   8794372     32.00   3629096     62068       116      5368
11:53:00 PM   4009752   4021840   3883980     49.13      1632    226036   8794372     32.00   3629092     62068       116      5368
11:53:05 PM   4009752   4021840   3883980     49.13      1632    226036   8794372     32.00   3629092     62068       116      5368
11:53:10 PM   4009752   4021844   3883976     49.13      1632    226040   8794372     32.00   3629088     62072        24      5368
11:53:15 PM   4009752   4022148   3883672     49.12      1632    226344   8794372     32.00   3629092     62376        24      5368
11:53:20 PM   4009752   4022148   3883672     49.12      1632    226440   8794372     32.00   3629092     62376        96      5368
11:53:25 PM   4009752   4022244   3883576     49.12      1632    226440   8794372     32.00   3629092     62472       116      5368
11:53:30 PM   4009752   4022244   3883576     49.12      1632    226440   8794372     32.00   3629092     62472       116      5368
11:53:35 PM   4009500   4021992   3883828     49.13      1632    226440   8794372     32.00   3629088     62472       116      5368
11:53:40 PM   4009500   4021992   3883828     49.13      1632    226440   8794372     32.00   3629088     62472       116      5368
11:53:45 PM   4009500   4021992   3883828     49.13      1632    226440   8794372     32.00   3629096     62472        20      5368
11:53:50 PM   4009500   4022240   3883580     49.12      1632    226792   8794372     32.00   3629092     62720        20      5368
11:53:55 PM   4009500   4022440   3883380     49.12      1632    226888   8794372     32.00   3629092     62920        96      5368
11:54:00 PM   4009500   4022440   3883380     49.12      1632    226888   8794372     32.00   3629092     62920       116      5368
11:54:05 PM   4009500   4022440   3883380     49.12      1632    226888   8794372     32.00   3629092     62920       116      5368
11:54:10 PM   4009500   4022440   3883380     49.12      1632    226888   8794372     32.00   3629092     62920       116      5368
11:54:15 PM   4009500   4022440   3883380     49.12      1632    226888   8794372     32.00   3629092     62920       116      5368
11:54:20 PM   4009500   4022436   3883384     49.12      1632    226884   8794372     32.00   3629088     62920        20      5368
11:54:25 PM   4009500   4022692   3883128     49.12      1632    227196   8794372     32.00   3629088     63168        28      5368
11:54:30 PM   4009500   4022756   3883064     49.12      1632    227276   8794372     32.00   3629108     63232        80      5368
11:54:35 PM   4009500   4022756   3883064     49.12      1632    227276   8794372     32.00   3629108     63232       100      5368
11:54:40 PM   4009500   4022836   3882984     49.12      1632    227276   8794372     32.00   3629108     63312       100      5368
11:54:45 PM   4009500   4022836   3882984     49.12      1632    227276   8792848     31.99   3628592     63312       100      5368
Average:      4008506   4021922   3883898     49.13      1710    227312   8793966     32.00   3626792     64186       116      5368
