Linux 7.0.10-arch1-1 (archlinux) 	05/30/2026 	_x86_64_	(4 CPU)

09:12:13 AM  %smem-10  %smem-60 %smem-300     %smem  %fmem-10  %fmem-60 %fmem-300     %fmem
09:12:18 AM      0.00      0.00      0.00      0.00      0.00      0.00      0.00      0.00
09:12:23 AM      0.00      0.00      0.00      0.00      0.00      0.00      0.00      0.00
09:12:28 AM      0.00      0.00      0.00      0.00      0.00      0.00      0.00      0.00
09:12:33 AM      0.00      0.00      0.00      0.00      0.00      0.00      0.00      0.00
09:12:38 AM      0.00      0.00      0.00      0.00      0.00      0.00      0.00      0.00
09:12:43 AM      0.00      0.00      0.00      0.00      0.00      0.00      0.00      0.00
09:12:48 AM      0.00      0.00      0.00      0.00      0.00      0.00      0.00      0.00
09:12:53 AM      0.00      0.00      0.00      0.00      0.00      0.00      0.00      0.00
09:12:58 AM      0.00      0.00      0.00      0.00      0.00      0.00      0.00      0.00
09:13:03 AM      0.00      0.00      0.00      0.00      0.00      0.00      0.00      0.00
09:13:08 AM      0.00      0.00      0.00      0.00      0.00      0.00      0.00      0.00
09:13:13 AM      0.00      0.00      0.00      0.00      0.00      0.00      0.00      0.00
09:13:18 AM      0.00      0.00      0.00      0.00      0.00      0.00      0.00      0.00
09:13:23 AM      0.00      0.00      0.00      0.00      0.00      0.00      0.00      0.00
09:13:28 AM      0.00      0.00      0.00      0.00      0.00      0.00      0.00      0.00
09:13:33 AM      0.00      0.00      0.00      0.00      0.00      0.00      0.00      0.00
09:13:38 AM      0.00      0.00      0.00      0.00      0.00      0.00      0.00      0.00
09:13:43 AM      0.00      0.00      0.00      0.00      0.00      0.00      0.00      0.00
09:13:48 AM      0.00      0.00      0.00      0.00      0.00      0.00      0.00      0.00
09:13:53 AM      0.00      0.00      0.00      0.00      0.00      0.00      0.00      0.00
09:13:58 AM      0.00      0.00      0.00      0.00      0.00      0.00      0.00      0.00
09:14:03 AM      0.00      0.00      0.00      0.00      0.00      0.00      0.00      0.00
09:14:08 AM      0.00      0.00      0.00      0.00      0.00      0.00      0.00      0.00
09:14:13 AM      0.00      0.00      0.00      0.00      0.00      0.00      0.00      0.00
09:14:18 AM      0.00      0.00      0.00      0.00      0.00      0.00      0.00      0.00
09:14:23 AM      0.00      0.00      0.00      0.00      0.00      0.00      0.00      0.00
09:14:28 AM      0.00      0.00      0.00      0.00      0.00      0.00      0.00      0.00
09:14:33 AM      0.00      0.00      0.00      0.00      0.00      0.00      0.00      0.00
09:14:38 AM      0.00      0.00      0.00      0.00      0.00      0.00      0.00      0.00
09:14:43 AM      0.00      0.00      0.00      0.00      0.00      0.00      0.00      0.00
09:14:48 AM      0.00      0.00      0.00      0.00      0.00      0.00      0.00      0.00
09:14:53 AM      0.00      0.00      0.00      0.00      0.00      0.00      0.00      0.00
09:14:58 AM      0.00      0.00      0.00      0.00      0.00      0.00      0.00      0.00
09:15:03 AM      0.00      0.00      0.00      0.00      0.00      0.00      0.00      0.00
09:15:08 AM      0.00      0.00      0.00      0.00      0.00      0.00      0.00      0.00
09:15:13 AM      0.00      0.00      0.00      0.00      0.00      0.00      0.00      0.00
09:15:18 AM      0.00      0.00      0.00      0.00      0.00      0.00      0.00      0.00
09:15:23 AM      0.00      0.00      0.00      0.00      0.00      0.00      0.00      0.00
09:15:28 AM      0.00      0.00      0.00      0.00      0.00      0.00      0.00      0.00
09:15:33 AM      0.00      0.00      0.00      0.00      0.00      0.00      0.00      0.00
09:15:38 AM      0.00      0.00      0.00      0.00      0.00      0.00      0.00      0.00
09:15:43 AM      0.00      0.00      0.00      0.00      0.00      0.00      0.00      0.00
09:15:48 AM      0.00      0.00      0.00      0.00      0.00      0.00      0.00      0.00
09:15:53 AM      0.00      0.00      0.00      0.00      0.00      0.00      0.00      0.00
09:15:58 AM      0.00      0.00      0.00      0.00      0.00      0.00      0.00      0.00
09:16:03 AM      0.00      0.00      0.00      0.00      0.00      0.00      0.00      0.00
09:16:08 AM      0.00      0.00      0.00      0.00      0.00      0.00      0.00      0.00
09:16:13 AM      0.00      0.00      0.00      0.00      0.00      0.00      0.00      0.00
09:16:18 AM      0.00      0.00      0.00      0.00      0.00      0.00      0.00      0.00
09:16:23 AM      0.00      0.00      0.00      0.00      0.00      0.00      0.00      0.00
09:16:28 AM      0.00      0.00      0.00      0.00      0.00      0.00      0.00      0.00
09:16:33 AM      0.00      0.00      0.00      0.00      0.00      0.00      0.00      0.00
09:16:38 AM      0.00      0.00      0.00      0.00      0.00      0.00      0.00      0.00
09:16:43 AM      0.00      0.00      0.00      0.00      0.00      0.00      0.00      0.00
09:16:48 AM      0.00      0.00      0.00      0.00      0.00      0.00      0.00      0.00
09:16:53 AM      0.00      0.00      0.00      0.00      0.00      0.00      0.00      0.00
09:16:58 AM      0.00      0.00      0.00      0.00      0.00      0.00      0.00      0.00
09:17:03 AM      0.00      0.00      0.00      0.00      0.00      0.00      0.00      0.00
09:17:08 AM      0.00      0.00      0.00      0.00      0.00      0.00      0.00      0.00
09:17:13 AM      0.00      0.00      0.00      0.00      0.00      0.00      0.00      0.00
09:17:18 AM      0.00      0.00      0.00      0.00      0.00      0.00      0.00      0.00
09:17:23 AM      0.00      0.00      0.00      0.00      0.00      0.00      0.00      0.00
09:17:28 AM      0.00      0.00      0.00      0.00      0.00      0.00      0.00      0.00
09:17:33 AM      0.00      0.00      0.00      0.00      0.00      0.00      0.00      0.00
09:17:38 AM      0.00      0.00      0.00      0.00      0.00      0.00      0.00      0.00
09:17:43 AM      0.00      0.00      0.00      0.00      0.00      0.00      0.00      0.00
09:17:48 AM      0.00      0.00      0.00      0.00      0.00      0.00      0.00      0.00
09:17:53 AM      0.00      0.00      0.00      0.00      0.00      0.00      0.00      0.00
09:17:58 AM      0.00      0.00      0.00      0.00      0.00      0.00      0.00      0.00
09:18:03 AM      0.00      0.00      0.00      0.00      0.00      0.00      0.00      0.00
09:18:08 AM      0.00      0.00      0.00      0.00      0.00      0.00      0.00      0.00
09:18:13 AM      0.00      0.00      0.00      0.00      0.00      0.00      0.00      0.00
09:18:18 AM      0.00      0.00      0.00      0.00      0.00      0.00      0.00      0.00
09:18:23 AM      0.00      0.00      0.00      0.00      0.00      0.00      0.00      0.00
09:18:28 AM      0.00      0.00      0.00      0.00      0.00      0.00      0.00      0.00
09:18:33 AM      0.00      0.00      0.00      0.00      0.00      0.00      0.00      0.00
09:18:38 AM      0.00      0.00      0.00      0.00      0.00      0.00      0.00      0.00
09:18:43 AM      0.00      0.00      0.00      0.00      0.00      0.00      0.00      0.00
09:18:48 AM      0.00      0.00      0.00      0.00      0.00      0.00      0.00      0.00
09:18:53 AM      0.00      0.00      0.00      0.00      0.00      0.00      0.00      0.00
09:18:58 AM      0.00      0.00      0.00      0.00      0.00      0.00      0.00      0.00
09:19:03 AM      0.00      0.00      0.00      0.00      0.00      0.00      0.00      0.00
09:19:08 AM      0.00      0.00      0.00      0.00      0.00      0.00      0.00      0.00
09:19:13 AM      0.00      0.00      0.00      0.00      0.00      0.00      0.00      0.00
09:19:18 AM      0.00      0.00      0.00      0.00      0.00      0.00      0.00      0.00
09:19:23 AM      0.00      0.00      0.00      0.00      0.00      0.00      0.00      0.00
09:19:28 AM      0.00      0.00      0.00      0.00      0.00      0.00      0.00      0.00
09:19:33 AM      0.00      0.00      0.00      0.00      0.00      0.00      0.00      0.00
09:19:38 AM      0.00      0.00      0.00      0.00      0.00      0.00      0.00      0.00
09:19:43 AM      0.00      0.00      0.00      0.00      0.00      0.00      0.00      0.00
09:19:48 AM      0.00      0.00      0.00      0.00      0.00      0.00      0.00      0.00
09:19:53 AM      0.00      0.00      0.00      0.00      0.00      0.00      0.00      0.00
09:19:58 AM      0.00      0.00      0.00      0.00      0.00      0.00      0.00      0.00
09:20:03 AM      0.00      0.00      0.00      0.00      0.00      0.00      0.00      0.00
09:20:08 AM      0.00      0.00      0.00      0.00      0.00      0.00      0.00      0.00
09:20:13 AM      0.00      0.00      0.00      0.00      0.00      0.00      0.00      0.00
09:20:18 AM      0.00      0.00      0.00      0.00      0.00      0.00      0.00      0.00
09:20:23 AM      0.00      0.00      0.00      0.00      0.00      0.00      0.00      0.00
09:20:28 AM      0.00      0.00      0.00      0.00      0.00      0.00      0.00      0.00
09:20:33 AM      0.00      0.00      0.00      0.00      0.00      0.00      0.00      0.00
09:20:38 AM      0.00      0.00      0.00      0.00      0.00      0.00      0.00      0.00
09:20:43 AM      0.00      0.00      0.00      0.00      0.00      0.00      0.00      0.00
09:20:48 AM      0.00      0.00      0.00      0.00      0.00      0.00      0.00      0.00
09:20:53 AM      0.00      0.00      0.00      0.00      0.00      0.00      0.00      0.00
09:20:58 AM      0.00      0.00      0.00      0.00      0.00      0.00      0.00      0.00
09:21:03 AM      0.00      0.00      0.00      0.00      0.00      0.00      0.00      0.00
09:21:08 AM      0.00      0.00      0.00      0.00      0.00      0.00      0.00      0.00
09:21:13 AM      0.00      0.00      0.00      0.00      0.00      0.00      0.00      0.00
09:21:18 AM      0.00      0.00      0.00      0.00      0.00      0.00      0.00      0.00
09:21:23 AM      0.00      0.00      0.00      0.00      0.00      0.00      0.00      0.00
09:21:28 AM      0.00      0.00      0.00      0.00      0.00      0.00      0.00      0.00
09:21:33 AM      0.00      0.00      0.00      0.00      0.00      0.00      0.00      0.00
09:21:38 AM      0.00      0.00      0.00      0.00      0.00      0.00      0.00      0.00
09:21:43 AM      0.00      0.00      0.00      0.00      0.00      0.00      0.00      0.00
09:21:48 AM      0.00      0.00      0.00      0.00      0.00      0.00      0.00      0.00
09:21:53 AM      0.00      0.00      0.00      0.00      0.00      0.00      0.00      0.00
09:21:58 AM      0.00      0.00      0.00      0.00      0.00      0.00      0.00      0.00
09:22:03 AM      0.00      0.00      0.00      0.00      0.00      0.00      0.00      0.00
09:22:08 AM      0.00      0.00      0.00      0.00      0.00      0.00      0.00      0.00
09:22:13 AM      0.00      0.00      0.00      0.00      0.00      0.00      0.00      0.00
09:22:18 AM      0.00      0.00      0.00      0.00      0.00      0.00      0.00      0.00
09:22:23 AM      0.00      0.00      0.00      0.00      0.00      0.00      0.00      0.00
09:22:28 AM      0.00      0.00      0.00      0.00      0.00      0.00      0.00      0.00
09:22:33 AM      0.00      0.00      0.00      0.00      0.00      0.00      0.00      0.00
09:22:38 AM      0.00      0.00      0.00      0.00      0.00      0.00      0.00      0.00
09:22:43 AM      0.00      0.00      0.00      0.00      0.00      0.00      0.00      0.00
09:22:48 AM      0.00      0.00      0.00      0.00      0.00      0.00      0.00      0.00
09:22:53 AM      0.00      0.00      0.00      0.00      0.00      0.00      0.00      0.00
09:22:58 AM      0.00      0.00      0.00      0.00      0.00      0.00      0.00      0.00
09:23:03 AM      0.00      0.00      0.00      0.00      0.00      0.00      0.00      0.00
09:23:08 AM      0.00      0.00      0.00      0.00      0.00      0.00      0.00      0.00
09:23:13 AM      0.00      0.00      0.00      0.00      0.00      0.00      0.00      0.00
09:23:18 AM      0.00      0.00      0.00      0.00      0.00      0.00      0.00      0.00
09:23:23 AM      0.00      0.00      0.00      0.00      0.00      0.00      0.00      0.00
09:23:28 AM      0.00      0.00      0.00      0.00      0.00      0.00      0.00      0.00
09:23:33 AM      0.00      0.00      0.00      0.00      0.00      0.00      0.00      0.00
09:23:38 AM      0.00      0.00      0.00      0.00      0.00      0.00      0.00      0.00
09:23:43 AM      0.00      0.00      0.00      0.00      0.00      0.00      0.00      0.00
09:23:48 AM      0.00      0.00      0.00      0.00      0.00      0.00      0.00      0.00
09:23:53 AM      0.00      0.00      0.00      0.00      0.00      0.00      0.00      0.00
09:23:58 AM      0.00      0.00      0.00      0.00      0.00      0.00      0.00      0.00
09:24:03 AM      0.00      0.00      0.00      0.00      0.00      0.00      0.00      0.00
09:24:08 AM      0.00      0.00      0.00      0.00      0.00      0.00      0.00      0.00
09:24:13 AM      0.00      0.00      0.00      0.00      0.00      0.00      0.00      0.00
09:24:18 AM      0.00      0.00      0.00      0.00      0.00      0.00      0.00      0.00
09:24:23 AM      0.00      0.00      0.00      0.00      0.00      0.00      0.00      0.00
09:24:28 AM      0.00      0.00      0.00      0.00      0.00      0.00      0.00      0.00
09:24:33 AM      0.00      0.00      0.00      0.00      0.00      0.00      0.00      0.00
09:24:38 AM      0.00      0.00      0.00      0.00      0.00      0.00      0.00      0.00
09:24:43 AM      0.00      0.00      0.00      0.00      0.00      0.00      0.00      0.00
09:24:48 AM      0.00      0.00      0.00      0.00      0.00      0.00      0.00      0.00
09:24:53 AM      0.00      0.00      0.00      0.00      0.00      0.00      0.00      0.00
09:24:58 AM      0.00      0.00      0.00      0.00      0.00      0.00      0.00      0.00
09:25:03 AM      0.00      0.00      0.00      0.00      0.00      0.00      0.00      0.00
09:25:08 AM      0.00      0.00      0.00      0.00      0.00      0.00      0.00      0.00
09:25:13 AM      0.00      0.00      0.00      0.00      0.00      0.00      0.00      0.00
09:25:18 AM      0.00      0.00      0.00      0.00      0.00      0.00      0.00      0.00
09:25:23 AM      0.00      0.00      0.00      0.00      0.00      0.00      0.00      0.00
09:25:28 AM      0.00      0.00      0.00      0.00      0.00      0.00      0.00      0.00
09:25:33 AM      0.00      0.00      0.00      0.00      0.00      0.00      0.00      0.00
09:25:38 AM      0.00      0.00      0.00      0.00      0.00      0.00      0.00      0.00
09:25:43 AM      0.00      0.00      0.00      0.00      0.00      0.00      0.00      0.00
09:25:48 AM      0.00      0.00      0.00      0.00      0.00      0.00      0.00      0.00
09:25:53 AM      0.00      0.00      0.00      0.00      0.00      0.00      0.00      0.00
09:25:58 AM      0.00      0.00      0.00      0.00      0.00      0.00      0.00      0.00
09:26:03 AM      0.00      0.00      0.00      0.00      0.00      0.00      0.00      0.00
09:26:08 AM      0.00      0.00      0.00      0.00      0.00      0.00      0.00      0.00
09:26:13 AM      0.00      0.00      0.00      0.00      0.00      0.00      0.00      0.00
09:26:18 AM      0.00      0.00      0.00      0.00      0.00      0.00      0.00      0.00
09:26:23 AM      0.00      0.00      0.00      0.00      0.00      0.00      0.00      0.00
09:26:28 AM      0.00      0.00      0.00      0.00      0.00      0.00      0.00      0.00
09:26:33 AM      0.00      0.00      0.00      0.00      0.00      0.00      0.00      0.00
09:26:38 AM      0.00      0.00      0.00      0.00      0.00      0.00      0.00      0.00
09:26:43 AM      0.00      0.00      0.00      0.00      0.00      0.00      0.00      0.00
09:26:48 AM      0.00      0.00      0.00      0.00      0.00      0.00      0.00      0.00
09:26:53 AM      0.00      0.00      0.00      0.00      0.00      0.00      0.00      0.00
09:26:58 AM      0.00      0.00      0.00      0.00      0.00      0.00      0.00      0.00
09:27:03 AM      0.00      0.00      0.00      0.00      0.00      0.00      0.00      0.00
09:27:08 AM      0.00      0.00      0.00      0.00      0.00      0.00      0.00      0.00
09:27:13 AM      0.00      0.00      0.00      0.00      0.00      0.00      0.00      0.00
09:27:18 AM      0.00      0.00      0.00      0.00      0.00      0.00      0.00      0.00
09:27:23 AM      0.00      0.00      0.00      0.00      0.00      0.00      0.00      0.00
09:27:28 AM      0.00      0.00      0.00      0.00      0.00      0.00      0.00      0.00
09:27:33 AM      0.00      0.00      0.00      0.00      0.00      0.00      0.00      0.00
09:27:38 AM      0.00      0.00      0.00      0.00      0.00      0.00      0.00      0.00
09:27:43 AM      0.00      0.00      0.00      0.00      0.00      0.00      0.00      0.00
09:27:48 AM      0.00      0.00      0.00      0.00      0.00      0.00      0.00      0.00
09:27:53 AM      0.00      0.00      0.00      0.00      0.00      0.00      0.00      0.00
09:27:58 AM      0.00      0.00      0.00      0.00      0.00      0.00      0.00      0.00
09:28:03 AM      0.00      0.00      0.00      0.00      0.00      0.00      0.00      0.00
09:28:08 AM      0.00      0.00      0.00      0.00      0.00      0.00      0.00      0.00
09:28:13 AM      0.00      0.00      0.00      0.00      0.00      0.00      0.00      0.00
09:28:18 AM      0.00      0.00      0.00      0.00      0.00      0.00      0.00      0.00
09:28:23 AM      0.00      0.00      0.00      0.00      0.00      0.00      0.00      0.00
09:28:28 AM      0.00      0.00      0.00      0.00      0.00      0.00      0.00      0.00
09:28:33 AM      0.00      0.00      0.00      0.00      0.00      0.00      0.00      0.00
09:28:38 AM      0.00      0.00      0.00      0.00      0.00      0.00      0.00      0.00
09:28:43 AM      0.00      0.00      0.00      0.00      0.00      0.00      0.00      0.00
09:28:48 AM      0.00      0.00      0.00      0.00      0.00      0.00      0.00      0.00
09:28:53 AM      0.00      0.00      0.00      0.00      0.00      0.00      0.00      0.00
09:28:58 AM      0.00      0.00      0.00      0.00      0.00      0.00      0.00      0.00
09:29:03 AM      0.00      0.00      0.00      0.00      0.00      0.00      0.00      0.00
09:29:08 AM      0.00      0.00      0.00      0.00      0.00      0.00      0.00      0.00
09:29:13 AM      0.00      0.00      0.00      0.00      0.00      0.00      0.00      0.00
09:29:18 AM      0.00      0.00      0.00      0.00      0.00      0.00      0.00      0.00
09:29:23 AM      0.00      0.00      0.00      0.00      0.00      0.00      0.00      0.00
09:29:28 AM      0.00      0.00      0.00      0.00      0.00      0.00      0.00      0.00
09:29:33 AM      0.00      0.00      0.00      0.00      0.00      0.00      0.00      0.00
09:29:38 AM      0.00      0.00      0.00      0.00      0.00      0.00      0.00      0.00
09:29:43 AM      0.00      0.00      0.00      0.00      0.00      0.00      0.00      0.00
09:29:48 AM      0.00      0.00      0.00      0.00      0.00      0.00      0.00      0.00
09:29:53 AM      0.00      0.00      0.00      0.00      0.00      0.00      0.00      0.00
09:29:58 AM      0.00      0.00      0.00      0.00      0.00      0.00      0.00      0.00
09:30:03 AM      0.00      0.00      0.00      0.00      0.00      0.00      0.00      0.00
09:30:08 AM      0.00      0.00      0.00      0.00      0.00      0.00      0.00      0.00
09:30:13 AM      0.00      0.00      0.00      0.00      0.00      0.00      0.00      0.00
09:30:18 AM      0.00      0.00      0.00      0.00      0.00      0.00      0.00      0.00
09:30:23 AM      0.00      0.00      0.00      0.00      0.00      0.00      0.00      0.00
09:30:28 AM      0.00      0.00      0.00      0.00      0.00      0.00      0.00      0.00
09:30:33 AM      0.00      0.00      0.00      0.00      0.00      0.00      0.00      0.00
09:30:38 AM      0.00      0.00      0.00      0.00      0.00      0.00      0.00      0.00
09:30:43 AM      0.00      0.00      0.00      0.00      0.00      0.00      0.00      0.00
09:30:48 AM      0.00      0.00      0.00      0.00      0.00      0.00      0.00      0.00
09:30:53 AM      0.00      0.00      0.00      0.00      0.00      0.00      0.00      0.00
09:30:58 AM      0.00      0.00      0.00      0.00      0.00      0.00      0.00      0.00
09:31:03 AM      0.00      0.00      0.00      0.00      0.00      0.00      0.00      0.00
09:31:08 AM      0.00      0.00      0.00      0.00      0.00      0.00      0.00      0.00
09:31:13 AM      0.00      0.00      0.00      0.00      0.00      0.00      0.00      0.00
09:31:18 AM      0.00      0.00      0.00      0.00      0.00      0.00      0.00      0.00
09:31:23 AM      0.00      0.00      0.00      0.00      0.00      0.00      0.00      0.00
09:31:28 AM      0.00      0.00      0.00      0.00      0.00      0.00      0.00      0.00
09:31:33 AM      0.00      0.00      0.00      0.00      0.00      0.00      0.00      0.00
09:31:38 AM      0.00      0.00      0.00      0.00      0.00      0.00      0.00      0.00
09:31:43 AM      0.00      0.00      0.00      0.00      0.00      0.00      0.00      0.00
09:31:48 AM      0.00      0.00      0.00      0.00      0.00      0.00      0.00      0.00
09:31:53 AM      0.00      0.00      0.00      0.00      0.00      0.00      0.00      0.00
09:31:58 AM      0.00      0.00      0.00      0.00      0.00      0.00      0.00      0.00
09:32:03 AM      0.00      0.00      0.00      0.00      0.00      0.00      0.00      0.00
09:32:08 AM      0.00      0.00      0.00      0.00      0.00      0.00      0.00      0.00
09:32:13 AM      0.00      0.00      0.00      0.00      0.00      0.00      0.00      0.00
09:32:18 AM      0.00      0.00      0.00      0.00      0.00      0.00      0.00      0.00
09:32:23 AM      0.00      0.00      0.00      0.00      0.00      0.00      0.00      0.00
09:32:28 AM      0.00      0.00      0.00      0.00      0.00      0.00      0.00      0.00
09:32:33 AM      0.00      0.00      0.00      0.00      0.00      0.00      0.00      0.00
09:32:38 AM      0.00      0.00      0.00      0.00      0.00      0.00      0.00      0.00
09:32:43 AM      0.00      0.00      0.00      0.00      0.00      0.00      0.00      0.00
09:32:48 AM      0.00      0.00      0.00      0.00      0.00      0.00      0.00      0.00
09:32:53 AM      0.00      0.00      0.00      0.00      0.00      0.00      0.00      0.00
09:32:58 AM      0.00      0.00      0.00      0.00      0.00      0.00      0.00      0.00
09:33:03 AM      0.00      0.00      0.00      0.00      0.00      0.00      0.00      0.00
09:33:08 AM      0.00      0.00      0.00      0.00      0.00      0.00      0.00      0.00
09:33:13 AM      0.00      0.00      0.00      0.00      0.00      0.00      0.00      0.00
09:33:18 AM      0.00      0.00      0.00      0.00      0.00      0.00      0.00      0.00
09:33:23 AM      0.00      0.00      0.00      0.00      0.00      0.00      0.00      0.00
09:33:28 AM      0.00      0.00      0.00      0.00      0.00      0.00      0.00      0.00
09:33:33 AM      0.00      0.00      0.00      0.00      0.00      0.00      0.00      0.00
09:33:38 AM      0.00      0.00      0.00      0.00      0.00      0.00      0.00      0.00
09:33:43 AM      0.00      0.00      0.00      0.00      0.00      0.00      0.00      0.00
09:33:48 AM      0.00      0.00      0.00      0.00      0.00      0.00      0.00      0.00
09:33:53 AM      0.00      0.00      0.00      0.00      0.00      0.00      0.00      0.00
09:33:58 AM      0.00      0.00      0.00      0.00      0.00      0.00      0.00      0.00
09:34:03 AM      0.00      0.00      0.00      0.00      0.00      0.00      0.00      0.00
09:34:08 AM      0.00      0.00      0.00      0.00      0.00      0.00      0.00      0.00
09:34:13 AM      0.00      0.00      0.00      0.00      0.00      0.00      0.00      0.00
09:34:18 AM      0.00      0.00      0.00      0.00      0.00      0.00      0.00      0.00
09:34:23 AM      0.00      0.00      0.00      0.00      0.00      0.00      0.00      0.00
09:34:28 AM      0.00      0.00      0.00      0.00      0.00      0.00      0.00      0.00
09:34:33 AM      0.00      0.00      0.00      0.00      0.00      0.00      0.00      0.00
09:34:38 AM      0.00      0.00      0.00      0.00      0.00      0.00      0.00      0.00
09:34:43 AM      0.00      0.00      0.00      0.00      0.00      0.00      0.00      0.00
09:34:48 AM      0.00      0.00      0.00      0.00      0.00      0.00      0.00      0.00
09:34:53 AM      0.00      0.00      0.00      0.00      0.00      0.00      0.00      0.00
09:34:58 AM      0.00      0.00      0.00      0.00      0.00      0.00      0.00      0.00
09:35:03 AM      0.00      0.00      0.00      0.00      0.00      0.00      0.00      0.00
09:35:08 AM      0.00      0.00      0.00      0.00      0.00      0.00      0.00      0.00
09:35:13 AM      0.00      0.00      0.00      0.00      0.00      0.00      0.00      0.00
09:35:18 AM      0.00      0.00      0.00      0.00      0.00      0.00      0.00      0.00
09:35:23 AM      0.00      0.00      0.00      0.00      0.00      0.00      0.00      0.00
09:35:28 AM      0.00      0.00      0.00      0.00      0.00      0.00      0.00      0.00
09:35:33 AM      0.00      0.00      0.00      0.00      0.00      0.00      0.00      0.00
09:35:38 AM      0.00      0.00      0.00      0.00      0.00      0.00      0.00      0.00
09:35:43 AM      0.00      0.00      0.00      0.00      0.00      0.00      0.00      0.00
09:35:48 AM      0.00      0.00      0.00      0.00      0.00      0.00      0.00      0.00
09:35:53 AM      0.00      0.00      0.00      0.00      0.00      0.00      0.00      0.00
09:35:58 AM      0.00      0.00      0.00      0.00      0.00      0.00      0.00      0.00
09:36:03 AM      0.00      0.00      0.00      0.00      0.00      0.00      0.00      0.00
09:36:08 AM      0.00      0.00      0.00      0.00      0.00      0.00      0.00      0.00
09:36:13 AM      0.00      0.00      0.00      0.00      0.00      0.00      0.00      0.00
09:36:18 AM      0.00      0.00      0.00      0.00      0.00      0.00      0.00      0.00
09:36:23 AM      0.00      0.00      0.00      0.00      0.00      0.00      0.00      0.00
09:36:28 AM      0.00      0.00      0.00      0.00      0.00      0.00      0.00      0.00
09:36:33 AM      0.00      0.00      0.00      0.00      0.00      0.00      0.00      0.00
09:36:38 AM      0.00      0.00      0.00      0.00      0.00      0.00      0.00      0.00
09:36:43 AM      0.00      0.00      0.00      0.00      0.00      0.00      0.00      0.00
09:36:48 AM      0.00      0.00      0.00      0.00      0.00      0.00      0.00      0.00
09:36:53 AM      0.00      0.00      0.00      0.00      0.00      0.00      0.00      0.00
09:36:58 AM      0.00      0.00      0.00      0.00      0.00      0.00      0.00      0.00
09:37:03 AM      0.00      0.00      0.00      0.00      0.00      0.00      0.00      0.00
09:37:08 AM      0.00      0.00      0.00      0.00      0.00      0.00      0.00      0.00
09:37:13 AM      0.00      0.00      0.00      0.00      0.00      0.00      0.00      0.00
09:37:18 AM      0.00      0.00      0.00      0.00      0.00      0.00      0.00      0.00
09:37:23 AM      0.00      0.00      0.00      0.00      0.00      0.00      0.00      0.00
09:37:28 AM      0.00      0.00      0.00      0.00      0.00      0.00      0.00      0.00
09:37:33 AM      0.00      0.00      0.00      0.00      0.00      0.00      0.00      0.00
09:37:38 AM      0.00      0.00      0.00      0.00      0.00      0.00      0.00      0.00
09:37:43 AM      0.00      0.00      0.00      0.00      0.00      0.00      0.00      0.00
09:37:48 AM      0.00      0.00      0.00      0.00      0.00      0.00      0.00      0.00
09:37:53 AM      0.00      0.00      0.00      0.00      0.00      0.00      0.00      0.00
09:37:58 AM      0.00      0.00      0.00      0.00      0.00      0.00      0.00      0.00
09:38:03 AM      0.00      0.00      0.00      0.00      0.00      0.00      0.00      0.00
09:38:08 AM      0.00      0.00      0.00      0.00      0.00      0.00      0.00      0.00
09:38:13 AM      0.00      0.00      0.00      0.00      0.00      0.00      0.00      0.00
09:38:18 AM      0.00      0.00      0.00      0.00      0.00      0.00      0.00      0.00
09:38:23 AM      0.00      0.00      0.00      0.00      0.00      0.00      0.00      0.00
09:38:28 AM      0.00      0.00      0.00      0.00      0.00      0.00      0.00      0.00
09:38:33 AM      0.00      0.00      0.00      0.00      0.00      0.00      0.00      0.00
09:38:38 AM      0.00      0.00      0.00      0.00      0.00      0.00      0.00      0.00
09:38:43 AM      0.00      0.00      0.00      0.00      0.00      0.00      0.00      0.00
09:38:48 AM      0.00      0.00      0.00      0.00      0.00      0.00      0.00      0.00
09:38:53 AM      0.00      0.00      0.00      0.00      0.00      0.00      0.00      0.00
09:38:58 AM      0.00      0.00      0.00      0.00      0.00      0.00      0.00      0.00
09:39:03 AM      0.00      0.00      0.00      0.00      0.00      0.00      0.00      0.00
09:39:08 AM      0.00      0.00      0.00      0.00      0.00      0.00      0.00      0.00
09:39:13 AM      0.00      0.00      0.00      0.00      0.00      0.00      0.00      0.00
09:39:18 AM      0.00      0.00      0.00      0.00      0.00      0.00      0.00      0.00
09:39:23 AM      0.00      0.00      0.00      0.00      0.00      0.00      0.00      0.00
09:39:28 AM      0.00      0.00      0.00      0.00      0.00      0.00      0.00      0.00
09:39:33 AM      0.00      0.00      0.00      0.00      0.00      0.00      0.00      0.00
09:39:38 AM      0.00      0.00      0.00      0.00      0.00      0.00      0.00      0.00
09:39:43 AM      0.00      0.00      0.00      0.00      0.00      0.00      0.00      0.00
09:39:48 AM      0.00      0.00      0.00      0.00      0.00      0.00      0.00      0.00
09:39:53 AM      0.00      0.00      0.00      0.00      0.00      0.00      0.00      0.00
09:39:58 AM      0.00      0.00      0.00      0.00      0.00      0.00      0.00      0.00
09:40:03 AM      0.00      0.00      0.00      0.00      0.00      0.00      0.00      0.00
09:40:08 AM      0.00      0.00      0.00      0.00      0.00      0.00      0.00      0.00
09:40:13 AM      0.00      0.00      0.00      0.00      0.00      0.00      0.00      0.00
09:40:18 AM      0.00      0.00      0.00      0.00      0.00      0.00      0.00      0.00
09:40:23 AM      0.00      0.00      0.00      0.00      0.00      0.00      0.00      0.00
09:40:28 AM      0.00      0.00      0.00      0.00      0.00      0.00      0.00      0.00
09:40:33 AM      0.00      0.00      0.00      0.00      0.00      0.00      0.00      0.00
09:40:38 AM      0.00      0.00      0.00      0.00      0.00      0.00      0.00      0.00
09:40:43 AM      0.00      0.00      0.00      0.00      0.00      0.00      0.00      0.00
09:40:48 AM      0.00      0.00      0.00      0.00      0.00      0.00      0.00      0.00
09:40:53 AM      0.00      0.00      0.00      0.00      0.00      0.00      0.00      0.00
09:40:58 AM      0.00      0.00      0.00      0.00      0.00      0.00      0.00      0.00
09:41:03 AM      0.00      0.00      0.00      0.00      0.00      0.00      0.00      0.00
09:41:08 AM      0.00      0.00      0.00      0.00      0.00      0.00      0.00      0.00
09:41:13 AM      0.00      0.00      0.00      0.00      0.00      0.00      0.00      0.00
09:41:18 AM      0.00      0.00      0.00      0.00      0.00      0.00      0.00      0.00
09:41:23 AM      0.00      0.00      0.00      0.00      0.00      0.00      0.00      0.00
09:41:28 AM      0.00      0.00      0.00      0.00      0.00      0.00      0.00      0.00
09:41:33 AM      0.00      0.00      0.00      0.00      0.00      0.00      0.00      0.00
09:41:38 AM      0.00      0.00      0.00      0.00      0.00      0.00      0.00      0.00
09:41:43 AM      0.00      0.00      0.00      0.00      0.00      0.00      0.00      0.00
09:41:48 AM      0.00      0.00      0.00      0.00      0.00      0.00      0.00      0.00
09:41:53 AM      0.00      0.00      0.00      0.00      0.00      0.00      0.00      0.00
09:41:58 AM      0.00      0.00      0.00      0.00      0.00      0.00      0.00      0.00
09:42:03 AM      0.00      0.00      0.00      0.00      0.00      0.00      0.00      0.00
09:42:08 AM      0.00      0.00      0.00      0.00      0.00      0.00      0.00      0.00
09:42:13 AM      0.00      0.00      0.00      0.00      0.00      0.00      0.00      0.00
09:42:18 AM      0.00      0.00      0.00      0.00      0.00      0.00      0.00      0.00
09:42:23 AM      0.00      0.00      0.00      0.00      0.00      0.00      0.00      0.00
09:42:28 AM      0.00      0.00      0.00      0.00      0.00      0.00      0.00      0.00
09:42:33 AM      0.00      0.00      0.00      0.00      0.00      0.00      0.00      0.00
09:42:38 AM      0.00      0.00      0.00      0.00      0.00      0.00      0.00      0.00
09:42:43 AM      0.00      0.00      0.00      0.00      0.00      0.00      0.00      0.00
09:42:48 AM      0.00      0.00      0.00      0.00      0.00      0.00      0.00      0.00
09:42:53 AM      0.00      0.00      0.00      0.00      0.00      0.00      0.00      0.00
09:42:58 AM      0.00      0.00      0.00      0.00      0.00      0.00      0.00      0.00
09:43:03 AM      0.00      0.00      0.00      0.00      0.00      0.00      0.00      0.00
09:43:08 AM      0.00      0.00      0.00      0.00      0.00      0.00      0.00      0.00
09:43:13 AM      0.00      0.00      0.00      0.00      0.00      0.00      0.00      0.00
09:43:18 AM      0.00      0.00      0.00      0.00      0.00      0.00      0.00      0.00
09:43:23 AM      0.00      0.00      0.00      0.00      0.00      0.00      0.00      0.00
09:43:28 AM      0.00      0.00      0.00      0.00      0.00      0.00      0.00      0.00
09:43:33 AM      0.00      0.00      0.00      0.00      0.00      0.00      0.00      0.00
09:43:38 AM      0.00      0.00      0.00      0.00      0.00      0.00      0.00      0.00
09:43:43 AM      0.00      0.00      0.00      0.00      0.00      0.00      0.00      0.00
09:43:48 AM      0.00      0.00      0.00      0.00      0.00      0.00      0.00      0.00
09:43:53 AM      1.48      0.31      0.06      4.46      1.48      0.31      0.06      4.45
09:43:58 AM      0.81      0.28      0.06      0.00      0.81      0.28      0.06      0.00
09:44:03 AM      0.54      0.26      0.06      0.00      0.54      0.26      0.06      0.00
09:44:08 AM      0.29      0.24      0.06      0.00      0.29      0.24      0.06      0.00
09:44:13 AM      0.19      0.22      0.06      0.00      0.19      0.22      0.06      0.00
09:44:18 AM      0.10      0.20      0.06      0.00      0.10      0.20      0.06      0.00
09:44:23 AM      0.07      0.18      0.06      0.03      0.07      0.18      0.06      0.03
09:44:28 AM      0.03      0.16      0.05      0.00      0.03      0.16      0.05      0.00
09:44:33 AM      0.02      0.15      0.05      0.00      0.02      0.15      0.05      0.00
09:44:38 AM      0.01      0.14      0.05      0.00      0.01      0.14      0.05      0.00
09:44:43 AM      0.00      0.13      0.05      0.00      0.00      0.13      0.05      0.00
09:44:48 AM      0.00      0.12      0.05      0.00      0.00      0.12      0.05      0.00
09:44:53 AM      0.74      0.27      0.08      2.46      0.74      0.27      0.08      2.46
09:44:58 AM      0.40      0.24      0.08      0.00      0.40      0.24      0.08      0.00
09:45:03 AM      0.27      0.22      0.08      0.00      0.27      0.22      0.08      0.00
09:45:08 AM      0.14      0.20      0.07      0.00      0.14      0.20      0.07      0.00
09:45:13 AM      0.10      0.19      0.07      0.00      0.10      0.19      0.07      0.00
09:45:18 AM      0.05      0.17      0.07      0.00      0.05      0.17      0.07      0.00
09:45:23 AM      1.12      0.35      0.11      2.70      1.12      0.35      0.11      2.70
09:45:28 AM      0.61      0.32      0.11      0.00      0.61      0.32      0.11      0.00
09:45:33 AM      0.41      0.30      0.10      0.00      0.41      0.30      0.10      0.00
09:45:38 AM      0.22      0.27      0.10      0.00      0.22      0.27      0.10      0.00
09:45:43 AM      0.15      0.25      0.10      0.00      0.15      0.25      0.10      0.00
09:45:48 AM      0.08      0.22      0.10      0.00      0.08      0.22      0.10      0.00
09:45:53 AM      1.45      0.50      0.16      3.94      1.45      0.50      0.16      3.94
09:45:58 AM      0.79      0.45      0.15      0.00      0.79      0.45      0.15      0.00
09:46:03 AM      0.53      0.42      0.15      0.00      0.53      0.42      0.15      0.00
09:46:08 AM      0.29      0.38      0.14      0.00      0.29      0.38      0.14      0.00
09:46:13 AM      0.19      0.35      0.14      0.00      0.19      0.35      0.14      0.00
09:46:18 AM      0.10      0.32      0.14      0.00      0.10      0.32      0.14      0.00
09:46:23 AM      0.66      0.42      0.16      2.27      0.66      0.42      0.16      2.26
09:46:28 AM      0.36      0.38      0.16      0.00      0.36      0.38      0.16      0.00
09:46:33 AM      0.24      0.36      0.16      0.00      0.24      0.36      0.16      0.00
09:46:38 AM      0.13      0.32      0.15      0.00      0.13      0.32      0.15      0.00
09:46:43 AM      0.08      0.30      0.15      0.00      0.08      0.30      0.15      0.00
09:46:48 AM      0.04      0.27      0.14      0.00      0.04      0.27      0.14      0.00
09:46:53 AM      4.54      1.10      0.32     10.44      4.54      1.10      0.32     10.44
09:46:58 AM      2.49      0.99      0.31      0.00      2.49      0.99      0.31      0.00
09:47:03 AM      1.67      0.93      0.31      0.00      1.67      0.93      0.31      0.00
09:47:08 AM      0.91      0.84      0.30      0.00      0.91      0.84      0.30      0.00
09:47:13 AM      0.61      0.78      0.30      0.00      0.61      0.78      0.30      0.00
09:47:18 AM      0.33      0.71      0.29      0.00      0.33      0.71      0.29      0.00
09:47:23 AM      0.22      0.66      0.28      0.09      0.22      0.66      0.28      0.09
09:47:28 AM      0.12      0.60      0.28      0.00      0.12      0.60      0.28      0.00
09:47:33 AM      0.08      0.56      0.27      0.00      0.08      0.56      0.27      0.00
09:47:38 AM      0.04      0.50      0.27      0.00      0.04      0.50      0.27      0.00
09:47:43 AM      0.02      0.47      0.26      0.02      0.02      0.47      0.26      0.02
09:47:48 AM      0.01      0.43      0.26      0.00      0.01      0.43      0.26      0.00
09:47:53 AM      0.30      0.46      0.27      1.24      0.30      0.46      0.27      1.24
09:47:58 AM      0.16      0.42      0.26      0.27      0.16      0.42      0.26      0.27
09:48:03 AM      0.11      0.39      0.26      0.00      0.11      0.39      0.26      0.00
09:48:08 AM      0.06      0.35      0.25      0.00      0.06      0.35      0.25      0.00
09:48:13 AM      0.04      0.33      0.25      0.00      0.04      0.33      0.25      0.00
09:48:18 AM      0.02      0.29      0.24      0.00      0.02      0.29      0.24      0.00
09:48:23 AM      0.19      0.31      0.25      0.83      0.19      0.31      0.25      0.83
09:48:28 AM      0.10      0.28      0.24      0.00      0.10      0.28      0.24      0.00
09:48:33 AM      0.07      0.26      0.24      0.00      0.07      0.26      0.24      0.00
09:48:38 AM      0.03      0.23      0.23      0.00      0.03      0.23      0.23      0.00
09:48:43 AM      0.02      0.22      0.23      0.00      0.02      0.22      0.23      0.00
09:48:48 AM      0.01      0.20      0.22      0.00      0.01      0.20      0.22      0.00
09:48:53 AM      2.15      0.57      0.30      5.50      2.15      0.57      0.30      5.50
09:48:58 AM      1.18      0.52      0.29      0.00      1.18      0.52      0.29      0.00
09:49:03 AM      0.79      0.48      0.29      0.13      0.79      0.48      0.29      0.13
09:49:08 AM      0.43      0.44      0.28      0.00      0.43      0.44      0.28      0.00
09:49:13 AM      0.29      0.41      0.28      0.00      0.29      0.41      0.28      0.00
09:49:18 AM      0.15      0.37      0.27      0.00      0.15      0.37      0.27      0.00
09:49:23 AM      3.48      0.97      0.40      8.31      3.48      0.97      0.40      8.31
09:49:28 AM      1.91      0.87      0.39      0.00      1.91      0.87      0.39      0.00
09:49:33 AM      1.28      0.82      0.38      0.00      1.28      0.82      0.38      0.00
09:49:38 AM      0.70      0.74      0.37      0.00      0.70      0.74      0.37      0.00
09:49:43 AM      0.47      0.69      0.37      0.00      0.47      0.69      0.37      0.00
09:49:48 AM      0.25      0.62      0.36      0.00      0.25      0.62      0.36      0.00
09:49:53 AM      0.17      0.58      0.35      0.21      0.17      0.58      0.35      0.21
09:49:58 AM      0.09      0.53      0.34      0.00      0.09      0.53      0.34      0.00
09:50:03 AM      0.06      0.49      0.34      0.00      0.06      0.49      0.34      0.00
09:50:08 AM      0.03      0.44      0.33      0.00      0.03      0.44      0.33      0.00
09:50:13 AM      0.02      0.41      0.33      0.00      0.02      0.41      0.33      0.00
09:50:18 AM      0.01      0.37      0.32      0.00      0.01      0.37      0.32      0.00
09:50:23 AM      1.27      0.58      0.36      3.20      1.27      0.58      0.36      3.20
09:50:28 AM      0.69      0.52      0.35      0.00      0.69      0.52      0.35      0.00
09:50:33 AM      0.46      0.49      0.35      0.00      0.46      0.49      0.35      0.00
09:50:38 AM      0.25      0.44      0.34      0.00      0.25      0.44      0.34      0.00
09:50:43 AM      0.17      0.41      0.34      0.00      0.17      0.41      0.34      0.00
09:50:48 AM      0.09      0.37      0.33      0.00      0.09      0.37      0.33      0.00
09:50:53 AM      2.23      0.74      0.41      4.94      2.23      0.74      0.41      4.94
09:50:58 AM      1.22      0.67      0.40      0.00      1.22      0.67      0.40      0.00
09:51:03 AM      0.82      0.62      0.39      0.00      0.82      0.62      0.39      0.00
09:51:08 AM      0.45      0.56      0.38      0.00      0.45      0.56      0.38      0.00
09:51:13 AM      0.30      0.53      0.38      0.00      0.30      0.53      0.38      0.00
09:51:18 AM      0.16      0.47      0.37      0.00      0.16      0.47      0.37      0.00
09:51:23 AM      0.11      0.44      0.36      0.18      0.11      0.44      0.36      0.18
09:51:28 AM      0.06      0.40      0.35      0.00      0.06      0.40      0.35      0.00
09:51:33 AM      0.03      0.37      0.35      0.00      0.03      0.37      0.35      0.00
09:51:38 AM      0.02      0.34      0.34      0.00      0.02      0.34      0.34      0.00
09:51:43 AM      0.01      0.31      0.34      0.00      0.01      0.31      0.34      0.00
09:51:48 AM      0.00      0.28      0.33      0.00      0.00      0.28      0.33      0.00
09:51:53 AM      3.08      0.82      0.44      7.03      3.08      0.82      0.44      7.03
09:51:58 AM      1.69      0.74      0.43      0.00      1.69      0.74      0.43      0.00
09:52:03 AM      1.13      0.69      0.42      0.00      1.13      0.69      0.42      0.00
09:52:08 AM      0.62      0.63      0.42      0.00      0.62      0.63      0.42      0.00
09:52:13 AM      0.41      0.58      0.41      0.00      0.41      0.58      0.41      0.00
09:52:18 AM      0.22      0.53      0.40      0.00      0.22      0.53      0.40      0.00
09:52:23 AM      0.69      0.59      0.42      1.60      0.69      0.59      0.42      1.60
09:52:28 AM      0.38      0.53      0.41      0.00      0.38      0.53      0.41      0.00
09:52:33 AM      0.25      0.50      0.40      0.00      0.25      0.50      0.40      0.00
09:52:38 AM      0.14      0.45      0.39      0.00      0.14      0.45      0.39      0.00
09:52:43 AM      0.09      0.42      0.39      0.00      0.09      0.42      0.39      0.00
09:52:48 AM      0.05      0.38      0.38      0.00      0.05      0.38      0.38      0.00
09:52:53 AM      2.20      0.75      0.45      5.07      2.20      0.75      0.45      5.07
09:52:58 AM      1.21      0.68      0.44      0.32      1.21      0.68      0.44      0.32
09:53:03 AM      0.81      0.63      0.44      0.00      0.81      0.63      0.44      0.00
09:53:08 AM      0.44      0.57      0.43      0.00      0.44      0.57      0.43      0.00
09:53:13 AM      0.29      0.53      0.42      0.00      0.29      0.53      0.42      0.00
09:53:18 AM      0.16      0.48      0.41      0.00      0.16      0.48      0.41      0.00
09:53:23 AM      1.37      0.68      0.45      3.23      1.37      0.68      0.45      3.23
09:53:28 AM      0.75      0.61      0.44      0.00      0.75      0.61      0.44      0.00
09:53:33 AM      0.50      0.57      0.44      0.00      0.50      0.57      0.44      0.00
09:53:38 AM      0.27      0.52      0.43      0.00      0.27      0.52      0.43      0.00
09:53:43 AM      0.18      0.48      0.42      0.00      0.18      0.48      0.42      0.00
09:53:48 AM      0.10      0.44      0.41      0.00      0.10      0.44      0.41      0.00
09:53:53 AM      0.43      0.47      0.42      1.01      0.43      0.47      0.42      1.01
09:53:58 AM      0.23      0.43      0.41      0.00      0.23      0.43      0.41      0.00
09:54:03 AM      0.15      0.40      0.41      0.00      0.15      0.40      0.41      0.00
09:54:08 AM      0.08      0.36      0.40      0.00      0.08      0.36      0.40      0.00
09:54:13 AM      0.05      0.34      0.39      0.00      0.05      0.34      0.39      0.00
09:54:18 AM      0.03      0.30      0.38      0.00      0.03      0.30      0.38      0.00
09:54:23 AM      0.74      0.41      0.40      1.77      0.74      0.41      0.40      1.77
09:54:28 AM      0.40      0.37      0.39      0.00      0.40      0.37      0.39      0.00
09:54:33 AM      0.27      0.35      0.39      0.00      0.27      0.35      0.39      0.00
09:54:38 AM      0.14      0.31      0.38      0.00      0.14      0.31      0.38      0.00
09:54:43 AM      0.10      0.29      0.37      0.08      0.10      0.29      0.37      0.08
09:54:48 AM      0.05      0.26      0.37      0.00      0.05      0.26      0.37      0.00
09:54:53 AM      2.57      0.70      0.46      5.94      2.57      0.70      0.46      5.94
09:54:58 AM      1.41      0.64      0.45      0.00      1.41      0.64      0.45      0.00
09:55:03 AM      0.94      0.60      0.44      0.00      0.94      0.60      0.44      0.00
09:55:08 AM      0.51      0.54      0.43      0.00      0.51      0.54      0.43      0.00
09:55:13 AM      0.34      0.50      0.42      0.00      0.34      0.50      0.42      0.00
09:55:18 AM      0.18      0.45      0.41      0.00      0.18      0.45      0.41      0.00
09:55:23 AM      0.67      0.52      0.43      1.46      0.67      0.52      0.43      1.46
09:55:28 AM      0.36      0.47      0.42      0.00      0.36      0.47      0.42      0.00
09:55:33 AM      0.24      0.44      0.41      0.00      0.24      0.44      0.41      0.00
09:55:38 AM      0.13      0.40      0.40      0.00      0.13      0.40      0.40      0.00
09:55:43 AM      0.09      0.37      0.40      0.00      0.09      0.37      0.40      0.00
09:55:48 AM      0.04      0.33      0.39      0.00      0.04      0.33      0.39      0.00
09:55:53 AM      3.65      0.97      0.52      8.33      3.65      0.97      0.52      8.33
09:55:58 AM      2.00      0.87      0.51      0.00      2.00      0.87      0.51      0.00
09:56:03 AM      1.34      0.82      0.50      0.00      1.34      0.82      0.50      0.00
09:56:08 AM      0.73      0.74      0.49      0.00      0.73      0.74      0.49      0.00
09:56:13 AM      0.49      0.69      0.48      0.00      0.49      0.69      0.48      0.00
09:56:18 AM      0.27      0.62      0.47      0.00      0.27      0.62      0.47      0.00
09:56:23 AM      0.54      0.65      0.48      1.07      0.54      0.65      0.48      1.07
09:56:28 AM      0.29      0.59      0.47      0.00      0.29      0.59      0.47      0.00
09:56:33 AM      0.19      0.55      0.46      0.53      0.19      0.55      0.46      0.53
09:56:38 AM      0.23      0.53      0.46      0.00      0.23      0.53      0.46      0.00
09:56:43 AM      0.15      0.49      0.45      0.00      0.15      0.49      0.45      0.00
09:56:48 AM      0.08      0.44      0.44      0.00      0.08      0.44      0.44      0.00
09:56:53 AM      1.14      0.61      0.48      2.77      1.14      0.61      0.48      2.77
09:56:58 AM      0.62      0.55      0.47      0.00      0.62      0.55      0.47      0.00
09:57:03 AM      0.41      0.51      0.46      0.00      0.41      0.51      0.46      0.00
09:57:08 AM      0.22      0.46      0.45      0.00      0.22      0.46      0.45      0.00
09:57:13 AM      0.15      0.43      0.44      0.00      0.15      0.43      0.44      0.00
09:57:18 AM      0.08      0.39      0.43      0.00      0.08      0.39      0.43      0.00
09:57:23 AM      1.14      0.56      0.47      2.49      1.14      0.56      0.47      2.48
09:57:28 AM      0.62      0.51      0.46      0.00      0.62      0.51      0.46      0.00
09:57:33 AM      0.41      0.47      0.45      0.00      0.41      0.47      0.45      0.00
09:57:38 AM      0.22      0.43      0.44      0.00      0.22      0.43      0.44      0.00
09:57:43 AM      0.15      0.40      0.43      0.00      0.15      0.40      0.43      0.00
09:57:48 AM      0.08      0.36      0.42      0.00      0.08      0.36      0.42      0.00
09:57:53 AM      0.41      0.40      0.43      1.05      0.41      0.40      0.43      1.05
09:57:58 AM      0.22      0.36      0.42      0.00      0.22      0.36      0.42      0.00
09:58:03 AM      0.15      0.34      0.42      0.00      0.15      0.34      0.42      0.00
09:58:08 AM      0.08      0.31      0.41      0.00      0.08      0.31      0.41      0.00
09:58:13 AM      0.05      0.28      0.40      0.00      0.05      0.28      0.40      0.00
09:58:18 AM      0.03      0.26      0.39      0.00      0.03      0.26      0.39      0.00
09:58:23 AM      0.56      0.34      0.41      1.21      0.56      0.34      0.41      1.21
09:58:28 AM      0.30      0.30      0.40      0.00      0.30      0.30      0.40      0.00
09:58:33 AM      0.20      0.28      0.39      0.00      0.20      0.28      0.39      0.00
09:58:38 AM      0.11      0.26      0.38      0.00      0.11      0.26      0.38      0.00
09:58:43 AM      0.07      0.24      0.38      0.00      0.07      0.24      0.38      0.00
09:58:48 AM      0.04      0.21      0.37      0.00      0.04      0.21      0.37      0.00
09:58:53 AM      0.93      0.36      0.40      2.22      0.93      0.36      0.40      2.22
09:58:58 AM      0.51      0.33      0.39      0.22      0.51      0.33      0.39      0.22
09:59:03 AM      0.34      0.31      0.38      0.00      0.34      0.31      0.38      0.00
09:59:08 AM      0.18      0.28      0.37      0.00      0.18      0.28      0.37      0.00
09:59:13 AM      0.12      0.26      0.37      0.00      0.12      0.26      0.37      0.00
09:59:18 AM      0.06      0.23      0.36      0.00      0.06      0.23      0.36      0.00
09:59:23 AM      0.77      0.35      0.38      1.92      0.77      0.35      0.38      1.92
09:59:28 AM      0.42      0.31      0.37      0.00      0.42      0.31      0.37      0.00
09:59:33 AM      0.28      0.29      0.37      0.00      0.28      0.29      0.37      0.00
09:59:38 AM      0.15      0.26      0.36      0.00      0.15      0.26      0.36      0.00
09:59:43 AM      0.10      0.25      0.35      0.00      0.10      0.25      0.35      0.00
09:59:48 AM      0.05      0.22      0.34      0.00      0.05      0.22      0.34      0.00
09:59:53 AM      1.12      0.40      0.38      2.97      1.12      0.40      0.38      2.97
09:59:58 AM      0.61      0.36      0.37      0.04      0.61      0.36      0.37      0.04
10:00:03 AM      0.41      0.34      0.37      0.00      0.41      0.34      0.37      0.00
10:00:08 AM      0.22      0.31      0.36      0.00      0.22      0.31      0.36      0.00
10:00:13 AM      0.15      0.29      0.35      0.00      0.15      0.29      0.35      0.00
10:00:18 AM      0.08      0.26      0.34      0.00      0.08      0.26      0.34      0.00
10:00:23 AM      0.96      0.40      0.37      2.30      0.96      0.40      0.37      2.30
10:00:28 AM      0.52      0.36      0.37      0.00      0.52      0.36      0.37      0.00
10:00:33 AM      0.35      0.34      0.36      0.00      0.35      0.34      0.36      0.00
10:00:38 AM      0.19      0.31      0.35      0.00      0.19      0.31      0.35      0.00
10:00:43 AM      0.12      0.29      0.35      0.00      0.12      0.29      0.35      0.00
10:00:48 AM      0.07      0.26      0.34      0.00      0.07      0.26      0.34      0.00
10:00:53 AM      1.49      0.50      0.39      4.08      1.49      0.50      0.39      4.08
10:00:58 AM      1.06      0.52      0.39      0.00      1.06      0.52      0.39      0.00
10:01:03 AM      0.71      0.48      0.39      0.00      0.71      0.48      0.39      0.00
10:01:08 AM      0.39      0.43      0.38      0.00      0.39      0.43      0.38      0.00
10:01:13 AM      0.26      0.41      0.37      0.00      0.26      0.41      0.37      0.00
10:01:18 AM      0.14      0.37      0.37      0.00      0.14      0.37      0.37      0.00
10:01:23 AM      1.72      0.64      0.42      9.08      1.72      0.64      0.42      9.07
10:01:28 AM      2.52      0.97      0.50      0.00      2.52      0.97      0.50      0.00
10:01:33 AM      1.69      0.91      0.49      0.00      1.69      0.91      0.49      0.00
10:01:38 AM      1.05      0.85      0.49      0.70      1.05      0.85      0.49      0.68
10:01:43 AM      0.70      0.80      0.48      0.00      0.70      0.80      0.48      0.00
10:01:48 AM      0.38      0.72      0.47      0.00      0.38      0.72      0.47      0.00
10:01:53 AM      0.25      0.67      0.46      0.01      0.25      0.67      0.46      0.01
10:01:58 AM      0.14      0.61      0.45      0.01      0.14      0.61      0.45      0.01
10:02:03 AM      0.09      0.57      0.45      0.00      0.09      0.57      0.45      0.00
10:02:08 AM      0.05      0.51      0.44      0.00      0.05      0.51      0.44      0.00
10:02:13 AM      0.03      0.48      0.43      0.00      0.03      0.48      0.43      0.00
10:02:18 AM      0.01      0.43      0.42      0.00      0.01      0.43      0.42      0.00
10:02:23 AM      0.01      0.40      0.41      0.18      0.01      0.40      0.41      0.18
10:02:28 AM      0.00      0.36      0.41      0.00      0.00      0.36      0.41      0.00
10:02:33 AM      0.00      0.34      0.40      0.00      0.00      0.34      0.40      0.00
10:02:38 AM      0.00      0.31      0.39      0.00      0.00      0.31      0.39      0.00
10:02:43 AM      0.00      0.29      0.39      0.00      0.00      0.29      0.39      0.00
10:02:48 AM      0.00      0.26      0.38      0.00      0.00      0.26      0.38      0.00
10:02:53 AM      0.36      0.31      0.38      6.16      0.36      0.31      0.38      6.16
10:02:58 AM      1.65      0.64      0.46      0.00      1.65      0.64      0.46      0.00
10:03:03 AM      1.10      0.60      0.45      0.00      1.10      0.60      0.45      0.00
10:03:08 AM      0.60      0.54      0.44      0.00      0.60      0.54      0.44      0.00
10:03:13 AM      0.40      0.51      0.43      0.00      0.40      0.51      0.43      0.00
10:03:18 AM      0.22      0.46      0.42      0.00      0.22      0.46      0.42      0.00
10:03:23 AM      0.14      0.43      0.42      2.23      0.14      0.43      0.42      2.23
10:03:28 AM      0.56      0.51      0.44      0.00      0.56      0.51      0.44      0.00
10:03:33 AM      0.38      0.48      0.43      0.00      0.38      0.48      0.43      0.00
10:03:38 AM      0.20      0.43      0.42      0.00      0.20      0.43      0.42      0.00
10:03:43 AM      0.13      0.40      0.41      0.00      0.13      0.40      0.41      0.00
10:03:48 AM      0.07      0.36      0.40      0.00      0.07      0.36      0.40      0.00
10:03:53 AM      0.41      0.40      0.41      4.75      0.41      0.40      0.41      4.75
10:03:58 AM      1.31      0.64      0.46      0.00      1.31      0.64      0.46      0.00
10:04:03 AM      0.88      0.60      0.46      0.00      0.88      0.60      0.46      0.00
10:04:08 AM      0.48      0.54      0.45      0.00      0.48      0.54      0.45      0.00
10:04:13 AM      0.32      0.50      0.44      0.00      0.32      0.50      0.44      0.00
10:04:18 AM      0.17      0.45      0.43      0.00      0.17      0.45      0.43      0.00
10:04:23 AM      0.11      0.42      0.42      6.76      0.11      0.42      0.42      6.76
10:04:28 AM      1.88      0.84      0.52      0.00      1.88      0.84      0.52      0.00
10:04:33 AM      1.26      0.79      0.51      0.00      1.26      0.79      0.51      0.00
10:04:38 AM      0.69      0.71      0.50      0.00      0.69      0.71      0.50      0.00
10:04:43 AM      0.46      0.67      0.49      0.11      0.46      0.67      0.49      0.11
10:04:48 AM      0.25      0.60      0.48      0.00      0.25      0.60      0.48      0.00
10:04:53 AM      0.16      0.56      0.47      1.29      0.16      0.56      0.47      1.29
10:04:58 AM      0.45      0.60      0.48      0.00      0.45      0.60      0.48      0.00
10:05:03 AM      0.30      0.56      0.48      0.00      0.30      0.56      0.48      0.00
10:05:08 AM      0.16      0.51      0.47      0.00      0.16      0.51      0.47      0.00
10:05:13 AM      0.11      0.47      0.46      0.00      0.11      0.47      0.46      0.00
10:05:18 AM      0.06      0.43      0.45      0.00      0.06      0.43      0.45      0.00
10:05:23 AM      0.04      0.40      0.44      2.74      0.04      0.40      0.44      2.74
10:05:28 AM      0.75      0.54      0.47      0.00      0.75      0.54      0.47      0.00
10:05:33 AM      0.50      0.51      0.47      0.00      0.50      0.51      0.47      0.00
10:05:38 AM      0.27      0.46      0.46      0.00      0.27      0.46      0.46      0.00
10:05:43 AM      0.18      0.43      0.45      0.00      0.18      0.43      0.45      0.00
10:05:48 AM      0.10      0.39      0.44      0.00      0.10      0.39      0.44      0.00
10:05:53 AM      0.06      0.36      0.43      2.64      0.06      0.36      0.43      2.64
10:05:58 AM      0.76      0.51      0.46      0.32      0.76      0.51      0.46      0.32
10:06:03 AM      0.51      0.47      0.46      0.00      0.51      0.47      0.46      0.00
10:06:08 AM      0.28      0.43      0.45      0.00      0.28      0.43      0.45      0.00
10:06:13 AM      0.18      0.40      0.44      0.00      0.18      0.40      0.44      0.00
10:06:18 AM      0.10      0.36      0.43      0.00      0.10      0.36      0.43      0.00
10:06:23 AM      0.06      0.34      0.42      2.75      0.06      0.34      0.42      2.75
10:06:28 AM      0.76      0.49      0.45      0.00      0.76      0.49      0.45      0.00
10:06:33 AM      0.51      0.45      0.45      0.00      0.51      0.45      0.45      0.00
10:06:38 AM      0.28      0.41      0.44      0.00      0.28      0.41      0.44      0.00
10:06:43 AM      0.18      0.38      0.43      0.00      0.18      0.38      0.43      0.00
10:06:48 AM      0.10      0.35      0.42      0.00      0.10      0.35      0.42      0.00
10:06:53 AM      0.06      0.32      0.41      4.27      0.06      0.32      0.41      4.27
10:06:58 AM      1.25      0.60      0.47      0.00      1.25      0.60      0.47      0.00
10:07:03 AM      0.83      0.56      0.47      0.00      0.83      0.56      0.47      0.00
10:07:08 AM      0.45      0.50      0.46      0.00      0.45      0.50      0.46      0.00
10:07:13 AM      0.30      0.47      0.45      0.00      0.30      0.47      0.45      0.00
10:07:18 AM      0.16      0.43      0.44      0.00      0.16      0.43      0.44      0.00
10:07:23 AM      0.11      0.40      0.43      1.96      0.11      0.40      0.43      1.96
10:07:28 AM      0.66      0.51      0.46      0.04      0.66      0.51      0.46      0.04
10:07:33 AM      0.44      0.48      0.45      0.00      0.44      0.48      0.45      0.00
10:07:38 AM      0.24      0.43      0.44      0.00      0.24      0.43      0.44      0.00
10:07:43 AM      0.16      0.40      0.43      0.00      0.16      0.40      0.43      0.00
10:07:48 AM      0.08      0.36      0.42      0.00      0.08      0.36      0.42      0.00
10:07:53 AM      0.05      0.34      0.42      4.42      0.05      0.34      0.42      4.42
10:07:58 AM      1.36      0.64      0.48      0.01      1.36      0.64      0.48      0.01
10:08:03 AM      0.91      0.60      0.48      0.00      0.91      0.60      0.48      0.00
10:08:08 AM      0.50      0.54      0.47      0.00      0.50      0.54      0.47      0.00
10:08:13 AM      0.33      0.51      0.46      0.00      0.33      0.51      0.46      0.00
10:08:18 AM      0.18      0.46      0.45      0.00      0.18      0.46      0.45      0.00
10:08:23 AM      0.12      0.43      0.44      1.88      0.12      0.43      0.44      1.88
10:08:28 AM      0.55      0.51      0.46      0.00      0.55      0.51      0.46      0.00
10:08:33 AM      0.37      0.48      0.45      0.00      0.37      0.48      0.45      0.00
10:08:38 AM      0.20      0.43      0.44      0.00      0.20      0.43      0.44      0.00
10:08:43 AM      0.13      0.40      0.43      0.00      0.13      0.40      0.43      0.00
10:08:48 AM      0.07      0.36      0.42      0.30      0.07      0.36      0.42      0.30
10:08:53 AM      0.04      0.34      0.42      2.64      0.04      0.34      0.42      2.64
10:08:58 AM      1.48      0.67      0.49      2.44      1.48      0.67      0.49      2.43
10:09:03 AM      0.99      0.63      0.48      0.00      0.99      0.63      0.48      0.00
10:09:08 AM      0.54      0.57      0.47      0.00      0.54      0.57      0.47      0.00
10:09:13 AM      0.36      0.53      0.47      0.00      0.36      0.53      0.47      0.00
10:09:18 AM      0.20      0.48      0.46      0.00      0.20      0.48      0.46      0.00
10:09:23 AM      0.13      0.45      0.45      1.04      0.13      0.45      0.45      1.04
10:09:28 AM      0.31      0.46      0.45      0.03      0.31      0.46      0.45      0.03
10:09:33 AM      0.21      0.43      0.45      0.00      0.21      0.43      0.45      0.00
10:09:38 AM      0.11      0.39      0.44      0.00      0.11      0.39      0.44      0.00
10:09:43 AM      0.07      0.37      0.43      0.00      0.07      0.37      0.43      0.00
10:09:48 AM      0.04      0.33      0.42      0.03      0.04      0.33      0.42      0.03
10:09:53 AM      0.02      0.31      0.41      0.66      0.02      0.31      0.41      0.66
10:09:58 AM      0.74      0.46      0.45      2.12      0.74      0.46      0.45      2.11
10:10:03 AM      0.49      0.43      0.44      0.00      0.49      0.43      0.44      0.00
10:10:08 AM      0.27      0.39      0.43      0.00      0.27      0.39      0.43      0.00
10:10:13 AM      0.18      0.36      0.42      0.00      0.18      0.36      0.42      0.00
10:10:18 AM      0.10      0.33      0.41      0.00      0.10      0.33      0.41      0.00
10:10:23 AM      0.06      0.31      0.41      0.82      0.06      0.31      0.41      0.82
10:10:28 AM      0.76      0.46      0.44      1.81      0.76      0.46      0.44      1.81
10:10:33 AM      0.51      0.43      0.43      0.00      0.51      0.43      0.43      0.00
10:10:38 AM      0.34      0.40      0.43      0.00      0.34      0.40      0.43      0.00
10:10:43 AM      0.18      0.36      0.42      0.00      0.18      0.36      0.42      0.00
10:10:48 AM      0.12      0.34      0.41      0.00      0.12      0.34      0.41      0.00
10:10:53 AM      0.06      0.30      0.40      0.86      0.06      0.30      0.40      0.86
10:10:58 AM      2.56      0.82      0.51      5.95      2.56      0.82      0.51      5.95
10:11:03 AM      1.40      0.74      0.50      0.00      1.40      0.74      0.50      0.00
10:11:08 AM      0.94      0.69      0.49      0.00      0.94      0.69      0.49      0.00
10:11:13 AM      0.51      0.63      0.48      0.00      0.51      0.63      0.48      0.00
10:11:18 AM      0.34      0.58      0.47      0.00      0.34      0.58      0.47      0.00
10:11:23 AM      0.18      0.53      0.46      0.25      0.18      0.53      0.46      0.25
10:11:28 AM      1.90      0.87      0.54      4.71      1.90      0.87      0.54      4.71
10:11:33 AM      1.04      0.79      0.53      0.00      1.04      0.79      0.53      0.00
10:11:38 AM      0.70      0.74      0.52      0.00      0.70      0.74      0.52      0.00
10:11:43 AM      0.38      0.67      0.51      0.00      0.38      0.67      0.51      0.00
10:11:48 AM      0.25      0.62      0.50      0.00      0.25      0.62      0.50      0.00
10:11:53 AM      0.14      0.56      0.49      0.00      0.14      0.56      0.49      0.00
10:11:58 AM      0.24      0.56      0.49      0.64      0.24      0.56      0.49      0.64
10:12:03 AM      0.13      0.50      0.48      0.00      0.13      0.50      0.48      0.00
10:12:08 AM      0.08      0.47      0.47      0.00      0.08      0.47      0.47      0.00
10:12:13 AM      0.04      0.42      0.46      0.00      0.04      0.42      0.46      0.00
Average:         0.23      0.22      0.18      0.26      0.23      0.22      0.18      0.26
