Linux 7.0.10-arch1-1 (archlinux) 	05/28/2026 	_x86_64_	(4 CPU)

01:51:45 PM kbmemfree   kbavail kbmemused  %memused kbbuffers  kbcached  kbcommit   %commit  kbactive   kbinact   kbdirty   kbshmem
01:51:50 PM   3924624   4023072   3882744     49.11      2556    312656   8797800     32.01   3684176     95568       360      5372
01:51:55 PM   3924624   4023088   3882728     49.11      2556    312688   8797800     32.01   3684192     95584       392      5372
01:52:00 PM   3924624   4023120   3882696     49.11      2556    312736   8797800     32.01   3684192     95616       216      5372
01:52:05 PM   3920528   4018956   3886860     49.16      2556    312620   8797800     32.01   3684188     95552       216      5372
01:52:10 PM   3920528   4016336   3889480     49.20      2552    310092   8797800     32.01   3683628     93456       276      5364
01:52:15 PM   3932792   4011172   3894644     49.26      2540    292596   8797800     32.01   3672832     86084       272      5336
01:52:20 PM   3932792   4013988   3891828     49.23      2540    295536   8797800     32.01   3675476     86248        48      5336
01:52:25 PM   3932792   4013528   3892288     49.23      2540    295084   8797800     32.01   3675068     86196       136      5336
01:52:30 PM   3932792   4013136   3892680     49.24      2540    294560   8797800     32.01   3674732     86144       136      5336
01:52:35 PM   3932600   4013744   3892072     49.23      2540    295400   8797800     32.01   3675644     86076        60      5336
01:52:40 PM   3932568   4013260   3892556     49.24      2540    295068   8797800     32.01   3675128     86108       104      5336
01:52:45 PM   3932568   4013464   3892352     49.23      2540    295068   8797800     32.01   3675284     86156       104      5336
01:52:50 PM   3932568   4015068   3890748     49.21      2540    296700   8797800     32.01   3676692     86356        56      5336
01:52:55 PM   3932568   4014780   3891036     49.22      2540    296496   8797800     32.01   3676532     86272        96      5336
01:53:00 PM   3932568   4014852   3890964     49.22      2540    296696   8797800     32.01   3676600     86292       184      5336
01:53:05 PM   3932568   4015092   3890724     49.21      2540    296696   8797800     32.01   3676784     86348       188      5336
01:53:10 PM   3932568   4015592   3890224     49.21      2540    297300   8797800     32.01   3677236     86372       140      5336
01:53:15 PM   3932568   4015904   3889912     49.20      2540    297508   8797800     32.01   3677536     86408       144      5336
01:53:20 PM   3932568   4015272   3890544     49.21      2540    296876   8797800     32.01   3677120     86180       140      5336
01:53:25 PM   3932568   4015732   3890084     49.21      2540    297336   8797800     32.01   3677212     86548       108      5336
01:53:30 PM   3933168   4015524   3890292     49.21      2540    296584   8797800     32.01   3676344     86572       148      5336
01:53:35 PM   3933168   4016164   3889652     49.20      2540    297168   8797800     32.01   3676964     86628       164      5336
01:53:40 PM   3933168   4016244   3889572     49.20      2540    297344   8797800     32.01   3677012     86660        20      5336
01:53:45 PM   3932944   4016408   3889408     49.20      2540    297636   8797800     32.01   3677308     86760        24      5336
01:53:50 PM   3932944   4016404   3889412     49.20      2540    297680   8797800     32.01   3677312     86756        68      5336
01:53:55 PM   3932944   4019956   3885860     49.15      2540    301184   8796864     32.01   3680244     87188        20      5336
01:54:00 PM   3932944   4019956   3885860     49.15      2540    301232   8796864     32.01   3680244     87188        68      5336
01:54:05 PM   3932944   4016548   3889268     49.20      2540    297896   8796864     32.01   3677108     86224       100      5336
01:54:10 PM   3932944   4016672   3889144     49.19      2540    297964   8796864     32.01   3677148     86312        68      5336
01:54:15 PM   3932944   4016672   3889144     49.19      2540    297964   8796864     32.01   3677148     86312        68      5336
01:54:20 PM   3932944   4016636   3889180     49.19      2540    297896   8796864     32.01   3677148     86276        72      5336
01:54:25 PM   3932944   4017156   3888660     49.19      2540    298432   8796864     32.01   3677676     86308       140      5336
01:54:30 PM   3932944   4017008   3888808     49.19      2540    298356   8796864     32.01   3677224     86568        64      5336
01:54:35 PM   3932944   4017116   3888700     49.19      2540    298344   8796864     32.01   3677280     86648       108      5336
01:54:40 PM   3932944   4016440   3889376     49.20      2540    297784   8796864     32.01   3676892     86332        44      5336
01:54:45 PM   3933904   4016948   3888868     49.19      2540    297220   8796864     32.01   3676216     86412        60      5336
01:54:50 PM   3933904   4017084   3888732     49.19      2540    297472   8796864     32.01   3676316     86404       144      5336
01:54:55 PM   3933904   4017196   3888620     49.19      2540    297520   8796864     32.01   3676428     86372       124      5336
01:55:00 PM   3933904   4017248   3888568     49.19      2540    297516   8796864     32.01   3674408     86396       120      5336
01:55:05 PM   3933904   4017496   3888320     49.18      2540    297816   8796864     32.01   3674408     86644        24      5336
01:55:10 PM   3933904   4017560   3888256     49.18      2540    297888   8796864     32.01   3674392     86756       112      5336
01:55:15 PM   3933904   4017728   3888088     49.18      2540    298028   8796864     32.01   3674412     86924       212      5336
01:55:20 PM   3933904   4017760   3888056     49.18      2540    298076   8796864     32.01   3674412     86956       104      5336
01:55:25 PM   3933904   4017760   3888056     49.18      2540    298084   8796864     32.01   3674412     86956       112      5336
01:55:30 PM   3933904   4017428   3888388     49.18      2540    297772   8796864     32.01   3674168     86876       112      5336
01:55:35 PM   3933904   4017428   3888388     49.18      2540    297772   8796864     32.01   3674168     86876       112      5336
01:55:40 PM   3933904   4017788   3888028     49.18      2540    298116   8796864     32.01   3674244     87160        28      5336
01:55:45 PM   3933904   4017640   3888176     49.18      2540    298012   8796864     32.01   3674080     87164        76      5336
01:55:50 PM   3933904   4017688   3888128     49.18      2540    297956   8796864     32.01   3673920     87360         0      5336
01:55:55 PM   3933904   4017180   3888636     49.19      2540    297532   8796864     32.01   3673932     86828        20      5336
01:56:00 PM   3933904   4017196   3888620     49.19      2540    297604   8796864     32.01   3674380     86376       132      5336
01:56:05 PM   3933904   4017160   3888656     49.19      2540    297508   8796864     32.01   3674256     86440       136      5336
01:56:10 PM   3933904   4017236   3888580     49.19      2540    297504   8796864     32.01   3674300     86472       132      5336
01:56:15 PM   3933904   4017608   3888208     49.18      2540    297948   8796864     32.01   3674300     86844        52      5336
01:56:20 PM   3933904   4017560   3888256     49.18      2540    297876   8796864     32.01   3674180     86916       100      5336
01:56:25 PM   3933652   4017436   3888380     49.18      2540    298048   8796864     32.01   3674344     86948       164      5336
01:56:30 PM   3933652   4017584   3888232     49.18      2540    298108   8796864     32.01   3674404     87036        24      5336
01:56:35 PM   3933652   4017584   3888232     49.18      2540    298152   8796864     32.01   3674404     87036        68      5336
01:56:40 PM   3933652   4017248   3888568     49.19      2540    297860   8796864     32.01   3674312     86744        68      5336
01:56:45 PM   3933652   4017248   3888568     49.19      2540    297860   8796864     32.01   3674312     86744        68      5336
01:56:50 PM   3933652   4017712   3888104     49.18      2540    298316   8796864     32.01   3674424     87116        20      5336
01:56:55 PM   3933652   4017740   3888076     49.18      2540    298368   8796864     32.01   3674424     87144        72      5336
01:57:00 PM   3933652   4017612   3888204     49.18      2540    298180   8796864     32.01   3674264     87188       128      5336
01:57:05 PM   3933652   4017612   3888204     49.18      2540    298228   8796864     32.01   3674264     87188        68      5336
01:57:10 PM   3933652   4017708   3888108     49.18      2540    298304   8796864     32.01   3674316     87236       136      5336
01:57:15 PM   3933652   4017884   3887932     49.18      2540    298404   8796864     32.01   3674484     87284       136      5336
01:57:20 PM   3933652   4017884   3887932     49.18      2540    298404   8796864     32.01   3674484     87284       144      5336
01:57:25 PM   3933652   4017368   3888448     49.18      2540    297892   8796864     32.01   3674484     86768       148      5336
01:57:30 PM   3933652   4017520   3888296     49.18      2540    298032   8796864     32.01   3674428     86956       144      5336
01:57:35 PM   3933652   4017320   3888496     49.19      2540    297884   8796864     32.01   3674448     86700        44      5336
01:57:40 PM   3933400   4017284   3888532     49.19      2540    298064   8796864     32.01   3674520     86864       120      5336
01:57:45 PM   3933400   4017280   3888536     49.19      2540    298092   8796864     32.01   3674520     86860       156      5336
01:57:50 PM   3933400   4017280   3888536     49.19      2540    298092   8796864     32.01   3674520     86860       156      5336
01:57:55 PM   3933400   4017048   3888768     49.19      2540    297820   8796864     32.01   3674500     86620       156      5336
01:58:00 PM   3933400   4017456   3888360     49.18      2540    298220   8796864     32.01   3674436     87092        60      5336
01:58:05 PM   3933400   4017176   3888640     49.19      2540    298100   8796864     32.01   3674244     87012       112      5336
01:58:10 PM   3933400   4017428   3888388     49.18      2540    298192   8796864     32.01   3674328     87188        48      5336
01:58:15 PM   3933400   4017424   3888392     49.18      2540    298240   8796864     32.01   3674328     87184       112      5336
01:58:20 PM   3933652   4017556   3888260     49.18      2540    298068   8796864     32.01   3674400     86984       108      5336
01:58:25 PM   3933652   4017612   3888204     49.18      2540    298128   8796864     32.01   3674432     87012       168      5336
01:58:30 PM   3933652   4017612   3888204     49.18      2540    298124   8796864     32.01   3674440     87012       164      5336
01:58:35 PM   3933652   4017908   3887908     49.18      2540    298468   8796864     32.01   3674452     87308        64      5336
01:58:40 PM   3933652   4017908   3887908     49.18      2540    298548   8796864     32.01   3674452     87308       140      5336
01:58:45 PM   3933652   4018076   3887740     49.18      2540    298696   8796864     32.01   3674492     87436       128      5336
01:58:50 PM   3933652   4018076   3887740     49.18      2540    298748   8796864     32.01   3674492     87436       196      5336
01:58:55 PM   3930388   4017900   3887916     49.18      2540    301708   8796864     32.01   3677784     87704       184      5336
01:59:00 PM   3930388   4017920   3887896     49.18      2540    301708   8796864     32.01   3677872     87704       184      5336
01:59:05 PM   3930388   4017940   3887876     49.18      2540    301708   8796864     32.01   3677988     87704       180      5336
01:59:10 PM   3930388   4018288   3887528     49.17      2540    302200   8796864     32.01   3677988     88052       192      5336
01:59:15 PM   3930388   4018428   3887388     49.17      2540    302244   8796864     32.01   3677992     88192       112      5336
01:59:20 PM   3930388   4018476   3887340     49.17      2540    302324   8796864     32.01   3677992     88240       168      5336
01:59:25 PM   3930388   4018652   3887164     49.17      2540    302420   8796864     32.01   3677992     88416       180      5336
01:59:30 PM   3930388   4018656   3887160     49.17      2540    302424   8796864     32.01   3677992     88420       184      5336
01:59:35 PM   3930388   4018656   3887160     49.17      2540    302428   8796864     32.01   3677992     88420       188      5336
01:59:40 PM   3930388   4018900   3886916     49.17      2540    302684   8796864     32.01   3677992     88664        24      5336
01:59:45 PM   3930388   4018916   3886900     49.17      2540    302764   8796864     32.01   3677992     88680        20      5336
01:59:50 PM   3930388   4018916   3886900     49.17      2540    302812   8796864     32.01   3677992     88680        72      5336
01:59:55 PM   3930388   4019044   3886772     49.16      2540    302896   8796864     32.01   3677992     88808       140      5336
02:00:00 PM   3930388   4019044   3886772     49.16      2540    302892   8796864     32.01   3677992     88808       148      5336
02:00:05 PM   3930388   4019124   3886692     49.16      2540    302892   8796864     32.01   3677992     88888       148      5336
02:00:10 PM   3930388   4019124   3886692     49.16      2540    302896   8796864     32.01   3677992     88888       152      5336
02:00:15 PM   3930388   4019124   3886692     49.16      2540    302896   8796864     32.01   3677992     88888       152      5336
02:00:20 PM   3930388   4019248   3886568     49.16      2540    303132   8796864     32.01   3677992     89012        20      5336
02:00:25 PM   3930388   4019444   3886372     49.16      2540    303212   8796864     32.01   3677992     89208       100      5336
02:00:30 PM   3930388   4019496   3886320     49.16      2540    303264   8796864     32.01   3677992     89260       136      5336
02:00:35 PM   3930388   4019556   3886260     49.16      2540    303324   8796864     32.01   3677992     89320       220      5336
02:00:40 PM   3930388   4019556   3886260     49.16      2540    303328   8796864     32.01   3677992     89320       224      5336
02:00:45 PM   3930388   4019556   3886260     49.16      2540    303324   8796864     32.01   3677992     89320       220      5336
02:00:50 PM   3930388   4019716   3886100     49.15      2540    303532   8796864     32.01   3677992     89480       108      5336
02:00:55 PM   3930388   4019768   3886048     49.15      2540    303536   8796864     32.01   3677992     89532        64      5336
02:01:00 PM   3930388   4019848   3885968     49.15      2540    303664   8796864     32.01   3677996     89612       192      5336
02:01:05 PM   3930388   4019928   3885888     49.15      2540    303700   8796864     32.01   3677996     89692       168      5336
02:01:10 PM   3930388   4019928   3885888     49.15      2540    303700   8796864     32.01   3677996     89692       184      5336
02:01:15 PM   3930388   4019928   3885888     49.15      2540    303696   8796864     32.01   3677996     89692       180      5336
02:01:20 PM   3930388   4020144   3885672     49.15      2540    303952   8796864     32.01   3677996     89900        68      5336
02:01:25 PM   3930388   4020192   3885624     49.15      2540    303952   8796864     32.01   3677996     89948        68      5336
02:01:30 PM   3930388   4020192   3885624     49.15      2540    304084   8796864     32.01   3677996     89948       188      5336
02:01:35 PM   3930388   4020352   3885464     49.15      2540    304112   8796864     32.01   3677996     90108       220      5336
02:01:40 PM   3930388   4020352   3885464     49.15      2540    304116   8796864     32.01   3677996     90108       208      5336
02:01:45 PM   3930388   4020352   3885464     49.15      2540    304112   8796864     32.01   3677996     90108       220      5336
02:01:50 PM   3930136   4020224   3885592     49.15      2540    304304   8796864     32.01   3677996     90232       108      5336
02:01:55 PM   3930136   4020224   3885592     49.15      2540    304304   8796864     32.01   3677996     90232       108      5336
02:02:00 PM   3930136   4020292   3885524     49.15      2540    304352   8796864     32.01   3677996     90300       108      5336
02:02:05 PM   3930136   4020296   3885520     49.15      2540    304468   8796864     32.01   3677996     90304       180      5336
02:02:10 PM   3930136   4020456   3885360     49.15      2540    304472   8796864     32.01   3677996     90464       188      5336
02:02:15 PM   3930136   4020456   3885360     49.15      2540    304468   8796864     32.01   3677996     90464       164      5336
02:02:20 PM   3929896   4020348   3885468     49.15      2540    304676   8796864     32.01   3678000     90588        56      5336
02:02:25 PM   3929896   4020396   3885420     49.15      2540    304756   8796864     32.01   3678000     90636       140      5336
02:02:30 PM   3929896   4020512   3885304     49.14      2540    304756   8796864     32.01   3678000     90752        64      5336
02:02:35 PM   3929896   4020512   3885304     49.14      2540    304760   8796864     32.01   3678000     90752        68      5336
02:02:40 PM   3929896   4020592   3885224     49.14      2540    304916   8796864     32.01   3678000     90832       220      5336
02:02:45 PM   3929896   4020592   3885224     49.14      2540    304916   8796864     32.01   3678000     90832       224      5336
02:02:50 PM   3929896   4020680   3885136     49.14      2540    304924   8796864     32.01   3678000     90920       164      5336
02:02:55 PM   3929896   4020804   3885012     49.14      2540    305084   8796864     32.01   3678000     91044        20      5336
02:03:00 PM   3929896   4020840   3884976     49.14      2540    305132   8796864     32.01   3678000     91080        68      5336
02:03:05 PM   3929896   4020840   3884976     49.14      2540    305132   8796864     32.01   3678000     91080        20      5336
02:03:10 PM   3929896   4020888   3884928     49.14      2540    305132   8796864     32.01   3678004     91128        20      5336
02:03:15 PM   3929896   4020888   3884928     49.14      2540    305260   8796864     32.01   3678004     91128       144      5336
02:03:20 PM   3929896   4021016   3884800     49.14      2540    305260   8796864     32.01   3678004     91256       148      5336
02:03:25 PM   3929896   4021016   3884800     49.14      2540    305260   8796864     32.01   3678004     91256       132      5336
02:03:30 PM   3929896   4021140   3884676     49.14      2540    305420   8796864     32.01   3678004     91380        20      5336
02:03:35 PM   3929896   4021140   3884676     49.14      2540    305420   8796864     32.01   3678004     91380        20      5336
02:03:40 PM   3929896   4021176   3884640     49.14      2540    305420   8796864     32.01   3678004     91416        20      5336
02:03:45 PM   3929896   4021176   3884640     49.14      2540    305468   8796864     32.01   3678004     91416        68      5336
02:03:50 PM   3929672   4021000   3884816     49.14      2540    305468   8796864     32.01   3678004     91464        68      5336
02:03:55 PM   3923876   4018016   3887800     49.18      2540    308316   8797284     32.01   3680356     92088       276      5336
02:04:00 PM   3923876   4018080   3887736     49.18      2540    308316   8797284     32.01   3680364     92152       276      5336
02:04:05 PM   3923876   4018080   3887736     49.18      2540    308316   8797284     32.01   3680364     92152       272      5336
02:04:10 PM   3923876   4018080   3887736     49.18      2540    308320   8797284     32.01   3680364     92152       276      5336
02:04:15 PM   3923704   4018080   3887736     49.18      2540    308488   8797284     32.01   3680364     92324       444      5336
02:04:20 PM   3923624   4018180   3887636     49.17      2540    308668   8797284     32.01   3680372     92504       160      5336
02:04:25 PM   3923624   4018196   3887620     49.17      2540    308756   8797284     32.01   3680372     92520       152      5336
02:04:30 PM   3923624   4018348   3887468     49.17      2540    308836   8797284     32.01   3680372     92672       228      5336
02:04:35 PM   3923624   4018348   3887468     49.17      2540    308836   8797284     32.01   3680372     92672       228      5336
02:04:40 PM   3923624   4018352   3887464     49.17      2540    308840   8797284     32.01   3680372     92676       212      5336
02:04:45 PM   3923624   4018352   3887464     49.17      2540    308840   8797284     32.01   3680372     92676        56      5336
02:04:50 PM   3923372   4018400   3887416     49.17      2540    309212   8797284     32.01   3680372     92976        24      5336
02:04:55 PM   3923372   4018400   3887416     49.17      2540    309212   8797284     32.01   3680372     92976        24      5336
02:05:00 PM   3926444   4021520   3884296     49.13      2540    309340   8797284     32.01   3680372     93024       144      5336
02:05:05 PM   3926444   4021672   3884144     49.13      2540    309340   8797284     32.01   3680372     93176       148      5336
02:05:10 PM   3926444   4021676   3884140     49.13      2540    309344   8797284     32.01   3680372     93180       152      5336
02:05:15 PM   3926444   4021672   3884144     49.13      2540    309340   8797284     32.01   3680372     93176       132      5336
02:05:20 PM   3926272   4021500   3884316     49.13      2540    309344   8797284     32.01   3680372     93176        24      5336
02:05:25 PM   3926192   4021468   3884348     49.13      2540    309388   8797284     32.01   3680372     93224        68      5336
02:05:30 PM   3926192   4021592   3884224     49.13      2540    309612   8797284     32.01   3680372     93348        20      5336
02:05:35 PM   3926192   4021724   3884092     49.13      2540    309772   8797284     32.01   3680372     93480       144      5336
02:05:40 PM   3926192   4021772   3884044     49.13      2540    309840   8797284     32.01   3680376     93528       224      5336
02:05:45 PM   3926192   4021916   3883900     49.13      2540    309836   8797284     32.01   3680376     93672       224      5336
02:05:50 PM   3926192   4021916   3883900     49.13      2540    309836   8797284     32.01   3680376     93672        48      5336
02:05:55 PM   3926192   4021916   3883900     49.13      2540    309884   8797284     32.01   3680376     93672       112      5336
02:06:00 PM   3926192   4021964   3883852     49.13      2540    309884   8797284     32.01   3680376     93720       112      5336
02:06:05 PM   3926192   4022104   3883712     49.12      2540    310040   8797284     32.01   3680376     93860        68      5336
02:06:10 PM   3926192   4022120   3883696     49.12      2540    310072   8797284     32.01   3680376     93876       148      5336
02:06:15 PM   3926192   4022148   3883668     49.12      2540    310080   8797284     32.01   3680380     93904       180      5336
02:06:20 PM   3926192   4022160   3883656     49.12      2540    310080   8797284     32.01   3680380     93916       180      5336
02:06:25 PM   3926192   4022160   3883656     49.12      2540    310080   8797284     32.01   3680380     93916       164      5336
02:06:30 PM   3926192   4022160   3883656     49.12      2540    310088   8797284     32.01   3680380     93916        68      5336
02:06:35 PM   3925940   4022120   3883696     49.12      2540    310292   8797284     32.01   3680380     94128        28      5336
02:06:40 PM   3925940   4022120   3883696     49.12      2540    310296   8797284     32.01   3680380     94128        32      5336
02:06:45 PM   3925940   4022132   3883684     49.12      2540    310328   8797284     32.01   3680380     94140       152      5336
02:06:50 PM   3925940   4022132   3883684     49.12      2540    310328   8797284     32.01   3680380     94140       156      5336
02:06:55 PM   3925940   4022156   3883660     49.12      2540    310328   8797284     32.01   3680380     94164       156      5336
02:07:00 PM   3925940   4022156   3883660     49.12      2540    310336   8797284     32.01   3680380     94164       164      5336
02:07:05 PM   3925940   4022160   3883656     49.12      2540    310336   8797284     32.01   3680384     94168        24      5336
02:07:10 PM   3925940   4022160   3883656     49.12      2540    310384   8797284     32.01   3680384     94168        72      5336
02:07:15 PM   3925688   4022124   3883692     49.12      2540    310548   8797284     32.01   3680392     94384        24      5336
02:07:20 PM   3925688   4022124   3883692     49.12      2540    310592   8797284     32.01   3680392     94384       144      5336
02:07:25 PM   3925688   4022220   3883596     49.12      2540    310644   8797284     32.01   3680392     94480       228      5336
02:07:30 PM   3925688   4022216   3883600     49.12      2540    310644   8797284     32.01   3680392     94476       228      5336
02:07:35 PM   3925688   4022216   3883600     49.12      2540    310640   8797284     32.01   3680396     94476       204      5336
02:07:40 PM   3925688   4022216   3883600     49.12      2540    310644   8797284     32.01   3680396     94476        64      5336
02:07:45 PM   3925688   4022264   3883552     49.12      2540    310688   8797284     32.01   3680396     94524       108      5336
02:07:50 PM   3925184   4022008   3883808     49.13      2540    311016   8797284     32.01   3680396     94772        68      5336
02:07:55 PM   3925184   4022088   3883728     49.12      2540    311092   8797284     32.01   3680396     94852       148      5336
02:08:00 PM   3925184   4022088   3883728     49.12      2540    311088   8797284     32.01   3680396     94852       148      5336
02:08:05 PM   3925184   4022160   3883656     49.12      2540    311088   8797284     32.01   3680396     94924       148      5336
02:08:10 PM   3925184   4022160   3883656     49.12      2540    311088   8797284     32.01   3680396     94924       132      5336
02:08:15 PM   3925184   4022204   3883612     49.12      2540    311132   8797284     32.01   3680396     94968        68      5336
02:08:20 PM   3924932   4022204   3883612     49.12      2540    311416   8797284     32.01   3680396     95220        72      5336
02:08:25 PM   3924932   4022232   3883584     49.12      2540    311412   8797284     32.01   3680396     95248        68      5336
02:08:30 PM   3924932   4022232   3883584     49.12      2540    311488   8797284     32.01   3680396     95248       148      5336
02:08:35 PM   3924932   4022232   3883584     49.12      2540    311484   8797284     32.01   3680396     95248       148      5336
02:08:40 PM   3924932   4022304   3883512     49.12      2540    311484   8797284     32.01   3680396     95320       148      5336
02:08:45 PM   3924932   4022328   3883488     49.12      2540    311508   8797284     32.01   3680396     95344        52      5336
02:08:50 PM   3924680   4022200   3883616     49.12      2540    311696   8797284     32.01   3680396     95468        20      5336
02:08:55 PM   3924176   4021760   3884056     49.13      2540    311696   8796864     32.01   3680320     95532        20      5336
02:09:00 PM   3924176   4021760   3884056     49.13      2540    311716   8796864     32.01   3680320     95532        68      5336
02:09:05 PM   3924176   4021816   3884000     49.13      2540    311772   8796864     32.01   3680320     95588       148      5336
02:09:10 PM   3924176   4021832   3883984     49.13      2540    311772   8796864     32.01   3680320     95604       152      5336
02:09:15 PM   3924176   4021832   3883984     49.13      2540    311772   8796864     32.01   3680320     95604        64      5336
02:09:20 PM   3924176   4021872   3883944     49.13      2540    311904   8796864     32.01   3680320     95644       204      5336
02:09:25 PM   3924176   4021872   3883944     49.13      2540    311904   8796864     32.01   3680320     95644       220      5336
02:09:30 PM   3924176   4021968   3883848     49.13      2540    311904   8796864     32.01   3680320     95740       228      5336
02:09:35 PM   3924176   4022092   3883724     49.12      2540    312080   8796864     32.01   3680320     95864        68      5336
02:09:40 PM   3924176   4022144   3883672     49.12      2540    312168   8796864     32.01   3682364     95916       200      5336
02:09:45 PM   3924176   4022176   3883640     49.12      2540    312188   8796864     32.01   3682364     95948       232      5336
02:09:50 PM   3924176   4022256   3883560     49.12      2540    312288   8796864     32.01   3682364     96028        72      5336
02:09:55 PM   3924176   4022288   3883528     49.12      2540    312368   8796864     32.01   3682364     96060       132      5336
02:10:00 PM   3924176   4022436   3883380     49.12      2540    312372   8796864     32.01   3682364     96208       152      5336
02:10:05 PM   3924176   4022436   3883380     49.12      2540    312372   8796864     32.01   3682364     96208       152      5336
02:10:10 PM   3923924   4022340   3883476     49.12      2540    312580   8796864     32.01   3682364     96364        68      5336
02:10:15 PM   3923924   4022436   3883380     49.12      2540    312704   8796864     32.01   3682368     96460       196      5336
02:10:20 PM   3923924   4022516   3883300     49.12      2540    312704   8796864     32.01   3682368     96540        72      5336
02:10:25 PM   3923924   4022516   3883300     49.12      2540    312704   8796864     32.01   3682368     96540        72      5336
02:10:30 PM   3925972   4024604   3881212     49.09      2540    312792   8796864     32.01   3682368     96580       172      5336
02:10:35 PM   3925972   4024604   3881212     49.09      2540    312792   8796864     32.01   3682368     96580       188      5336
02:10:40 PM   3925972   4024652   3881164     49.09      2540    312836   8796864     32.01   3682368     96628       152      5336
02:10:45 PM   3925720   4024532   3881284     49.09      2540    312992   8796864     32.01   3682372     96760        20      5336
02:10:50 PM   3925720   4024600   3881216     49.09      2540    313092   8796864     32.01   3682372     96828       144      5336
02:10:55 PM   3925720   4024600   3881216     49.09      2540    313092   8796864     32.01   3682372     96828       148      5336
02:11:00 PM   3925720   4024700   3881116     49.09      2540    313096   8796864     32.01   3682372     96928        24      5336
02:11:05 PM   3925720   4024700   3881116     49.09      2540    313136   8796864     32.01   3682372     96928        68      5336
02:11:10 PM   3925720   4024824   3880992     49.09      2540    313220   8796864     32.01   3682372     97052       152      5336
02:11:15 PM   3925720   4024824   3880992     49.09      2540    313216   8796864     32.01   3682372     97052       148      5336
02:11:20 PM   3925720   4024824   3880992     49.09      2540    313216   8796864     32.01   3682372     97052       148      5336
02:11:25 PM   3925216   4024320   3881496     49.10      2540    313396   8796864     32.01   3682372     97052        96      5336
02:11:30 PM   3925216   4024548   3881268     49.09      2540    313444   8796864     32.01   3682372     97280       148      5336
02:11:35 PM   3925216   4024548   3881268     49.09      2540    313444   8796864     32.01   3682372     97280        20      5336
02:11:40 PM   3925216   4024548   3881268     49.09      2540    313444   8796864     32.01   3682372     97280        20      5336
02:11:45 PM   3925216   4024548   3881268     49.09      2540    313524   8796864     32.01   3682372     97280        84      5336
02:11:50 PM   3925216   4024676   3881140     49.09      2540    313572   8796864     32.01   3682372     97408       148      5336
02:11:55 PM   3925216   4024676   3881140     49.09      2540    313572   8796864     32.01   3682372     97408       148      5336
02:12:00 PM   3924964   4024640   3881176     49.09      2540    313788   8796864     32.01   3682372     97624        64      5336
02:12:05 PM   3924964   4024640   3881176     49.09      2540    313788   8796864     32.01   3682372     97624        68      5336
02:12:10 PM   3924964   4024640   3881176     49.09      2540    313792   8796864     32.01   3682372     97624        72      5336
02:12:15 PM   3924964   4024688   3881128     49.09      2540    313836   8796864     32.01   3682372     97672        68      5336
02:12:20 PM   3924712   4024488   3881328     49.09      2540    313888   8796864     32.01   3682372     97724       204      5336
02:12:25 PM   3924712   4024492   3881324     49.09      2540    313892   8796864     32.01   3682372     97728       224      5336
02:12:30 PM   3924712   4024524   3881292     49.09      2540    313924   8796864     32.01   3682372     97760       224      5336
02:12:35 PM   3924712   4024524   3881292     49.09      2540    313924   8796864     32.01   3682372     97760       140      5336
02:12:40 PM   3924712   4024540   3881276     49.09      2540    313940   8796864     32.01   3682372     97776       224      5336
02:12:45 PM   3924712   4024540   3881276     49.09      2540    313940   8796864     32.01   3682372     97776        64      5336
02:12:50 PM   3924712   4024540   3881276     49.09      2540    313952   8796864     32.01   3682372     97776       104      5336
02:12:55 PM   3924712   4024552   3881264     49.09      2540    313952   8796864     32.01   3682372     97788       164      5336
02:13:00 PM   3924712   4024552   3881264     49.09      2540    313952   8796864     32.01   3682372     97788       180      5336
02:13:05 PM   3924712   4024564   3881252     49.09      2540    313956   8796864     32.01   3682372     97792        24      5336
02:13:10 PM   3924712   4024564   3881252     49.09      2540    313960   8796864     32.01   3682372     97792       104      5336
02:13:15 PM   3924712   4024564   3881252     49.09      2540    313956   8796864     32.01   3682372     97792       224      5336
02:13:20 PM   3924712   4024564   3881252     49.09      2540    313956   8796864     32.01   3682372     97792        68      5336
02:13:25 PM   3924712   4024564   3881252     49.09      2540    313956   8796864     32.01   3682372     97792        68      5336
02:13:30 PM   3924712   4024564   3881252     49.09      2540    313956   8796864     32.01   3682372     97792       176      5336
02:13:35 PM   3924712   4024564   3881252     49.09      2540    313956   8796864     32.01   3682372     97792       224      5336
02:13:40 PM   3924712   4024564   3881252     49.09      2540    313956   8796864     32.01   3682372     97792        64      5336
02:13:45 PM   3924712   4024568   3881248     49.09      2540    313960   8796864     32.01   3682372     97796       176      5336
02:13:50 PM   3924712   4024564   3881252     49.09      2540    313960   8796864     32.01   3682372     97792       184      5336
02:13:55 PM   3924540   4024392   3881424     49.10      2540    313956   8796864     32.01   3682032     97792       180      5336
02:14:00 PM   3924460   4024308   3881508     49.10      2540    313968   8796864     32.01   3682252     97792       192      5336
02:14:05 PM   3924460   4024320   3881496     49.10      2540    313964   8796864     32.01   3682368     97800       132      5336
02:14:10 PM   3924460   4024320   3881496     49.10      2540    313968   8796864     32.01   3682368     97800       152      5336
02:14:15 PM   3924460   4024320   3881496     49.10      2540    313964   8796864     32.01   3682372     97800        20      5336
02:14:20 PM   3924460   4024320   3881496     49.10      2540    313964   8796864     32.01   3682372     97800       144      5336
02:14:25 PM   3924460   4024320   3881496     49.10      2540    313964   8796864     32.01   3682372     97800       148      5336
02:14:30 PM   3924460   4024320   3881496     49.10      2540    313968   8796864     32.01   3682372     97800       152      5336
02:14:35 PM   3924460   4024320   3881496     49.10      2540    313964   8796864     32.01   3682372     97800        20      5336
02:14:40 PM   3924460   4024320   3881496     49.10      2540    313968   8796864     32.01   3682372     97800        88      5336
02:14:45 PM   3924460   4024320   3881496     49.10      2540    313964   8796864     32.01   3682372     97800       220      5336
02:14:50 PM   3924460   4024320   3881496     49.10      2540    313964   8796864     32.01   3682372     97800       224      5336
02:14:55 PM   3924460   4024320   3881496     49.10      2540    313964   8796864     32.01   3682372     97800       140      5336
02:15:00 PM   3924460   4024320   3881496     49.10      2540    313968   8796864     32.01   3682372     97800       196      5336
02:15:05 PM   3924460   4024324   3881492     49.10      2540    313968   8796864     32.01   3682372     97804       196      5336
02:15:10 PM   3924460   4024324   3881492     49.10      2540    313972   8796864     32.01   3682372     97804       200      5336
02:15:15 PM   3924460   4024324   3881492     49.10      2540    313968   8796864     32.01   3682372     97804       104      5336
02:15:20 PM   3924460   4024324   3881492     49.10      2540    313968   8796864     32.01   3682372     97804       164      5336
02:15:25 PM   3924460   4024324   3881492     49.10      2540    313968   8796864     32.01   3682372     97804       180      5336
02:15:30 PM   3924460   4024324   3881492     49.10      2540    313988   8796864     32.01   3682372     97804        20      5336
02:15:35 PM   3924460   4024340   3881476     49.10      2540    313984   8796864     32.01   3682372     97820        68      5336
02:15:40 PM   3924460   4024340   3881476     49.10      2540    313984   8796864     32.01   3682372     97820        68      5336
02:15:45 PM   3924460   4024340   3881476     49.10      2540    313984   8796864     32.01   3682372     97820        20      5336
02:15:50 PM   3924460   4024340   3881476     49.10      2540    313988   8796864     32.01   3682372     97820       148      5336
02:15:55 PM   3924460   4024340   3881476     49.10      2540    313984   8796864     32.01   3682372     97820       208      5336
02:16:00 PM   3924460   4024340   3881476     49.10      2540    313984   8796864     32.01   3682372     97820       224      5336
02:16:05 PM   3924460   4024340   3881476     49.10      2540    313984   8796864     32.01   3682372     97820       140      5336
02:16:10 PM   3924460   4024340   3881476     49.10      2540    313992   8796864     32.01   3682372     97820       152      5336
02:16:15 PM   3924460   4024340   3881476     49.10      2540    313992   8796864     32.01   3682372     97820       200      5336
02:16:20 PM   3924460   4024344   3881472     49.10      2540    313988   8796864     32.01   3682372     97824        72      5336
02:16:25 PM   3924460   4024344   3881472     49.10      2540    313988   8796864     32.01   3682372     97824        72      5336
02:16:30 PM   3924460   4024344   3881472     49.10      2540    313988   8796864     32.01   3682372     97824       132      5336
02:16:35 PM   3924460   4024344   3881472     49.10      2540    313988   8796864     32.01   3682372     97824        20      5336
02:16:40 PM   3924460   4024344   3881472     49.10      2540    313992   8796864     32.01   3682372     97824       100      5336
02:16:45 PM   3924460   4024344   3881472     49.10      2540    313988   8796864     32.01   3682372     97824       148      5336
02:16:50 PM   3924460   4024344   3881472     49.10      2540    313988   8796864     32.01   3682372     97824        20      5336
02:16:55 PM   3924460   4024344   3881472     49.10      2540    313988   8796864     32.01   3682372     97824        20      5336
02:17:00 PM   3924460   4024344   3881472     49.10      2540    313988   8796864     32.01   3682372     97824        68      5336
02:17:05 PM   3924208   4024092   3881724     49.10      2540    313988   8796864     32.01   3682372     97824       132      5336
02:17:10 PM   3924208   4024092   3881724     49.10      2540    313992   8796864     32.01   3682372     97824        24      5336
02:17:15 PM   3924208   4024092   3881724     49.10      2540    313988   8796864     32.01   3682372     97824       144      5336
02:17:20 PM   3924208   4024092   3881724     49.10      2540    313988   8796864     32.01   3682372     97824       196      5336
02:17:25 PM   3924208   4024092   3881724     49.10      2540    313988   8796864     32.01   3682372     97824       240      5336
02:17:30 PM   3924208   4024092   3881724     49.10      2540    313988   8796864     32.01   3682372     97824        68      5336
02:17:35 PM   3924208   4024096   3881720     49.10      2540    313992   8796864     32.01   3682372     97828       120      5336
02:17:40 PM   3924208   4024104   3881712     49.10      2540    314000   8796864     32.01   3682372     97836       212      5336
02:17:45 PM   3924208   4024104   3881712     49.10      2540    314000   8796864     32.01   3682372     97836        68      5336
02:17:50 PM   3924208   4024104   3881712     49.10      2540    314000   8796864     32.01   3682372     97836       192      5336
02:17:55 PM   3924208   4024104   3881712     49.10      2540    314004   8796864     32.01   3682372     97836       200      5336
02:18:00 PM   3924208   4024108   3881708     49.10      2540    314004   8796864     32.01   3682372     97840       200      5336
02:18:05 PM   3924208   4024108   3881708     49.10      2540    314004   8796864     32.01   3682372     97840        24      5336
02:18:10 PM   3924208   4024108   3881708     49.10      2540    314008   8796864     32.01   3682372     97840        28      5336
02:18:15 PM   3924208   4024112   3881704     49.10      2540    314008   8796864     32.01   3682376     97844       140      5336
02:18:20 PM   3924208   4024108   3881708     49.10      2540    314004   8796864     32.01   3682376     97840        72      5336
02:18:25 PM   3924208   4024108   3881708     49.10      2540    314004   8796864     32.01   3682376     97840        72      5336
02:18:30 PM   3924208   4024108   3881708     49.10      2540    314004   8796864     32.01   3682376     97840       148      5336
02:18:35 PM   3924208   4024108   3881708     49.10      2540    314004   8796864     32.01   3682376     97840       148      5336
02:18:40 PM   3924208   4024108   3881708     49.10      2540    314004   8796864     32.01   3682376     97840       148      5336
02:18:45 PM   3924208   4024108   3881708     49.10      2540    314004   8796864     32.01   3682376     97840        20      5336
02:18:50 PM   3924208   4024232   3881584     49.10      2540    314164   8796864     32.01   3682380     97964         4      5336
02:18:55 PM   3924208   4024232   3881584     49.10      2540    314164   8796864     32.01   3682380     97964        20      5336
02:19:00 PM   3923704   4023844   3881972     49.10      2540    314296   8796864     32.01   3682380     98080       148      5336
02:19:05 PM   3923704   4023844   3881972     49.10      2540    314292   8796864     32.01   3682380     98080       148      5336
02:19:10 PM   3923704   4023896   3881920     49.10      2540    314300   8796864     32.01   3682380     98132       156      5336
02:19:15 PM   3923704   4023896   3881920     49.10      2540    314296   8796864     32.01   3682380     98132       152      5336
02:19:20 PM   3923704   4023944   3881872     49.10      2540    314344   8796864     32.01   3682380     98180        72      5336
02:19:25 PM   3923704   4023944   3881872     49.10      2540    314428   8796864     32.01   3682380     98180       136      5336
02:19:30 PM   3923704   4024216   3881600     49.10      2540    314616   8796864     32.01   3682380     98452        68      5336
02:19:35 PM   3923704   4024216   3881600     49.10      2540    314696   8796864     32.01   3682380     98452       144      5336
02:19:40 PM   3923704   4024296   3881520     49.10      2540    314696   8796864     32.01   3682380     98532       148      5336
02:19:45 PM   3923704   4024296   3881520     49.10      2540    314696   8796864     32.01   3682380     98532       148      5336
02:19:50 PM   3923704   4024344   3881472     49.10      2540    314792   8796864     32.01   3682380     98580        68      5336
02:19:55 PM   3923704   4024392   3881424     49.10      2540    314796   8796864     32.01   3682380     98628        72      5336
02:20:00 PM   3923704   4024560   3881256     49.09      2540    315096   8796864     32.01   3682380     98796        52      5336
02:20:05 PM   3923532   4024524   3881292     49.09      2540    315096   8796864     32.01   3682380     98932        68      5336
02:20:10 PM   3923452   4024444   3881372     49.10      2540    315184   8796864     32.01   3682380     98932       152      5336
02:20:15 PM   3923452   4024528   3881288     49.09      2540    315180   8796864     32.01   3682380     99016       152      5336
02:20:20 PM   3923200   4024276   3881540     49.10      2540    315228   8796864     32.01   3682380     99016        72      5336
02:20:25 PM   3923200   4024324   3881492     49.10      2540    315228   8796864     32.01   3682380     99064        72      5336
02:20:30 PM   3923200   4024324   3881492     49.10      2540    315228   8796864     32.01   3682380     99064        72      5336
02:20:35 PM   3923200   4024548   3881268     49.09      2540    315584   8796864     32.01   3682380     99288       180      5336
02:20:40 PM   3923200   4024628   3881188     49.09      2540    315612   8796864     32.01   3682380     99368       224      5336
02:20:45 PM   3923200   4024708   3881108     49.09      2540    315616   8796864     32.01   3682380     99448       224      5336
02:20:50 PM   3923200   4024708   3881108     49.09      2540    315616   8796864     32.01   3682380     99448       232      5336
02:20:55 PM   3923200   4024708   3881108     49.09      2540    315612   8796864     32.01   3682380     99448        68      5336
02:21:00 PM   3923200   4024708   3881108     49.09      2540    315660   8796864     32.01   3682380     99448       116      5336
02:21:05 PM   3922948   4024748   3881068     49.09      2540    316028   8796864     32.01   3682380     99740       100      5336
02:21:10 PM   3922948   4024792   3881024     49.09      2540    316108   8796864     32.01   3682380     99784       164      5336
02:21:15 PM   3922696   4024700   3881116     49.09      2540    316124   8796864     32.01   3682384     99944       236      5336
02:21:20 PM   3922696   4024700   3881116     49.09      2540    316128   8796864     32.01   3682384     99944       236      5336
02:21:25 PM   3922696   4024724   3881092     49.09      2540    316132   8796864     32.01   3682384     99968       244      5336
02:21:30 PM   3922696   4024724   3881092     49.09      2540    316132   8796864     32.01   3682384     99968       244      5336
02:21:35 PM   3921940   4024216   3881600     49.10      2540    316424   8796864     32.01   3682384    100216        72      5336
02:21:40 PM   3921940   4024256   3881560     49.10      2540    316468   8796864     32.01   3682384    100256       116      5336
02:21:45 PM   3921940   4024304   3881512     49.10      2540    316500   8796864     32.01   3682384    100304       108      5336
02:21:50 PM   3921940   4024304   3881512     49.10      2540    316584   8796864     32.01   3682384    100304       184      5336
02:21:55 PM   3921940   4024416   3881400     49.10      2540    316584   8796864     32.01   3682384    100416       180      5336
02:22:00 PM   3921940   4024416   3881400     49.10      2540    316584   8796864     32.01   3682384    100416       184      5336
02:22:05 PM   3921940   4024416   3881400     49.10      2540    316580   8796864     32.01   3682388    100416       180      5336
02:22:10 PM   3921688   4024412   3881404     49.10      2540    316932   8796864     32.01   3682388    100664        20      5336
02:22:15 PM   3921688   4024568   3881248     49.09      2540    316988   8796864     32.01   3682392    100820        76      5336
02:22:20 PM   2236700   2339612   5566204     70.41      2540    317016   8796864     32.01   5359784    100852       144      5336
02:22:25 PM   2235868   2338972   5566844     70.41      2540    317208   8796864     32.01   5359824    101044       216      5336
02:22:30 PM   2235868   2338972   5566844     70.41      2540    317208   8796864     32.01   5359824    101044       228      5336
02:22:35 PM   2235868   2338972   5566844     70.41      2540    317208   8796864     32.01   5359824    101044       232      5336
02:22:40 PM   2235868   2338972   5566844     70.41      2540    317260   8796864     32.01   5359824    101044       108      5336
02:22:45 PM   2235616   2339108   5566708     70.41      2540    317596   8796864     32.01   5359824    101432        60      5336
02:22:50 PM    552288    655780   7250036     91.71      2540    317644   8796864     32.01   7035708    101432        72      5336
02:22:55 PM    552288    655828   7249988     91.70      2540    317644   8796864     32.01   7035812    101480        72      5336
02:23:00 PM    552288    655908   7249908     91.70      2540    317724   8796864     32.01   7035812    101560       132      5336
02:23:05 PM    552288    655908   7249908     91.70      2540    317724   8796864     32.01   7035812    101560       144      5336
02:23:10 PM    552372    655992   7249824     91.70      2540    317724   8796864     32.01   7035812    101560        20      5336
02:23:15 PM    552372    656040   7249776     91.70      2540    317772   8796864     32.01   7035812    101608        68      5336
02:23:20 PM    176436    118500   7787316     98.50        24    145340   8796864     32.01   5673760   1862592        24      5236
02:23:25 PM    551476    493668   7412148     93.76        24    145704   8796864     32.01   5280728   1862664       148      5236
02:23:30 PM    903660    845936   7059880     89.30        24    145720   8796864     32.01   4908072   1862800       152      5236
02:23:35 PM   1085444   1027728   6878088     87.00        24    145800   8796864     32.01   4740180   1862800       216      5236
02:23:40 PM   1099700   1042024   6863792     86.82        24    145796   8796864     32.01   4721772   1862880       224      5236
02:23:45 PM   1153948   1096272   6809544     86.13        24    145852   8796864     32.01   4668524   1862880        68      5236
02:23:50 PM    538072    480576   7425240     93.92        24    146204   8796864     32.01   5279800   1862936       116      5236
02:23:55 PM    537316    480000   7425816     93.93        28    146588   8796864     32.01   5279800   1863292       148      5236
02:24:00 PM    530764    475064   7430752     93.99        28    149764   8796864     32.01   5285868   1861164       152      5236
02:24:05 PM    530764    475064   7430752     93.99        28    149764   8796864     32.01   5285868   1861164       152      5236
02:24:10 PM    530764    475076   7430740     93.99        28    149796   8796864     32.01   5285912   1861184       168      5236
02:24:15 PM    530764    475092   7430724     93.99        28    149796   8796864     32.01   5285924   1861216       180      5236
02:24:20 PM    124620     66176   7839640     99.16        28    144256   8796864     32.01   6212200   1351256       184      5236
02:24:25 PM    123892     65596   7840220     99.17        28    144592   8796864     32.01   6212200   1351552        20      5236
02:24:30 PM    123892     65644   7840172     99.17        28    144644   8796864     32.01   6212212   1351644        72      5236
02:24:35 PM    123892     65644   7840172     99.17        28    144644   8796864     32.01   6212212   1351644        72      5236
02:24:40 PM    123892     65644   7840172     99.17        28    144644   8796864     32.01   6212212   1351644        72      5236
02:24:45 PM    123892     65644   7840172     99.17        28    144724   8796864     32.01   6212212   1351644       136      5236
02:24:50 PM    122068     23984   7881832     99.70        16     64240   8796864     32.01   3336280   4232400       160      4252
02:24:55 PM    119828     22488   7883328     99.72        16     65648   8796864     32.01   3337736   4232432        20      4252
02:25:00 PM    223640    128632   7777184     98.37        28     70356   8796864     32.01   3368792   4115044        72      4252
02:25:05 PM    223640    128656   7777160     98.37        28     70352   8796864     32.01   3368848   4115040        68      4252
02:25:10 PM    219696    124772   7781044     98.42        28     70360   8796864     32.01   3370116   4114512        76      4252
02:25:15 PM    219696    124856   7780960     98.42        28     70536   8796864     32.01   3370288   4114512        80      4252
02:25:20 PM    186676     91960   7813856     98.84        28     70844   8796864     32.01   3400028   4113644       132      4252
02:25:25 PM    186424     91856   7813960     98.84        28     71120   8796864     32.01   3400280   4113708       144      4252
02:25:30 PM    185600     91116   7814700     98.85        28     71296   8796864     32.01   3401768   4113044        20      4252
02:25:35 PM    181568     88000   7817816     98.89        28     73252   8796864     32.01   3403560   4113112       112      4252
02:25:40 PM    180604     87140   7818676     98.90        28     73280   8796864     32.01   3404980   4112540       144      4252
02:25:45 PM    180352     86888   7818928     98.90        28     73284   8796864     32.01   3404980   4112540       148      4252
02:25:50 PM    212124    118716   7787100     98.50        28     73440   8796864     32.01   4695708   2797236        48      4252
02:25:55 PM    211900    118492   7787324     98.50        28     73456   8796864     32.01   4695708   2797236        68      4252
02:26:00 PM    203456    110080   7795736     98.61        28     73460   8796864     32.01   4697368   2796340        72      4252
02:26:05 PM    203204    109952   7795864     98.61        28     73728   8796864     32.01   4697368   2796584        20      4252
02:26:10 PM    199108    105868   7799948     98.66        28     73732   8796864     32.01   4697800   2796360        24      4252
02:26:15 PM    199108    105868   7799948     98.66        28     73776   8796864     32.01   4697800   2796360        68      4252
02:26:20 PM    146480     50924   7854892     99.36        28     67048   8796864     32.01   2436440   5126016       128      2204
02:26:25 PM    145420     49924   7855892     99.37        28     67192   8796864     32.01   2436560   5126016       148      2204
02:26:30 PM    145420     49936   7855880     99.37        28     67192   8796864     32.01   2436568   5126032       148      2204
02:26:35 PM    145420     49936   7855880     99.37        28     67192   8796864     32.01   2436584   5126032       148      2204
02:26:40 PM    145168     49684   7856132     99.37        28     67192   8796864     32.01   2436588   5126032       148      2204
02:26:45 PM    145168     49744   7856072     99.37        28     67352   8796864     32.01   2436588   5126156        20      2204
02:26:50 PM    122060     19568   7886248     99.75        28     51088   8796864     32.01   4044324   3533236        24       132
02:26:55 PM    121500     19080   7886736     99.76        28     51356   8796864     32.01   4044360   3533232       132       132
02:27:00 PM    120996     18828   7886988     99.76        28     51780   8796864     32.01   4046680   3533308       148       132
02:27:05 PM    116264     16504   7889312     99.79        28     56764   8796864     32.01   4053088   3532060       148       132
02:27:10 PM    116064     16516   7889300     99.79        28     57084   8796864     32.01   4053772   3532112       148       132
02:27:15 PM    115056     16024   7889792     99.80        28     58088   8796864     32.01   4054868   3532112       148       132
02:27:20 PM    134560     33580   7872236     99.58        28     54184   8796864     32.01   4730556   2836192       224       132
02:27:25 PM    124492     25888   7879928     99.67        28     58948   8796864     32.01   4735072   2836612       148       132
02:27:30 PM    124252     25664   7880152     99.68        28     59032   8796864     32.01   4735072   2836644       212       132
02:27:35 PM    124252     25708   7880108     99.67        28     59028   8796864     32.01   4735076   2836736       228       132
02:27:40 PM    124252     25708   7880108     99.67        28     59028   8796864     32.01   4735076   2836736       228       132
02:27:45 PM    124252     25708   7880108     99.67        28     59028   8796864     32.01   4735080   2836736       228       132
02:27:50 PM    119328     12548   7893268     99.84        28     42800   8796864     32.01   2825004   4761900       196       132
02:27:55 PM    115416     10060   7895756     99.87        28     45700   8796864     32.01   2827692   4762236        24       132
02:28:00 PM    115192      9848   7895968     99.88        28     45748   8796864     32.01   2827744   4762236        72       132
02:28:05 PM    115192      9936   7895880     99.87        28     45832   8796864     32.01   2827744   4762416       132       132
02:28:10 PM    115192      9936   7895880     99.87        28     45828   8796864     32.01   2827744   4762416       148       132
02:28:15 PM    115192      9936   7895880     99.87        28     45828   8796864     32.01   2827744   4762416       148       132
02:28:20 PM    183108     68816   7837000     99.13        16     28388   8796864     32.01   4468320   3046344       128       132
02:28:25 PM    165916     52008   7853808     99.34        16     28896   8796864     32.01   4472684   3044120       148       132
02:28:30 PM    165160     53180   7852636     99.33        16     32752   8796864     32.01   4476540   3044120       148       132
02:28:35 PM    162964     51056   7854760     99.35        28     32880   8796864     32.01   4479944   3042072        20       132
02:28:40 PM    162964     51116   7854700     99.35        28     33168   8796864     32.01   4480068   3042072        20       132
02:28:45 PM    153996     49524   7856292     99.37        28     47944   8796864     32.01   4498256   3039656        20       132
02:28:50 PM    140068     35552   7870264     99.55        28     47748   8796864     32.01   4917944   2636004         4       132
02:28:55 PM    133348     28896   7876920     99.63        28     47796   8796864     32.01   4920692   2634404        68       132
02:29:00 PM    152812     55944   7849872     99.29        28     63048   8796864     32.01   4939192   2599880        72       132
02:29:05 PM    146416     49604   7856212     99.37        28     63068   8796864     32.01   4940444   2599304        68       132
02:29:10 PM    146416     49604   7856212     99.37        28     63068   8796864     32.01   4940444   2599304        68       132
02:29:15 PM    143792     46980   7858836     99.41        28     63068   8796864     32.01   4943784   2596904        68       132
02:29:20 PM    204496    105212   7800604     98.67        28     59308   8796864     32.01   1362572   6120604        72       132
02:29:25 PM    204244    105268   7800548     98.67        28     59836   8796864     32.01   1363208   6120752       132       132
02:29:30 PM    204244    105268   7800548     98.67        28     59944   8796864     32.01   1363208   6120752       152       132
02:29:35 PM    204244    105324   7800492     98.67        28     59944   8796864     32.01   1363320   6120752       152       132
02:29:40 PM    204244    105324   7800492     98.67        28     59944   8796864     32.01   1363324   6120752       152       132
02:29:45 PM    203740    104844   7800972     98.67        28     59992   8796864     32.01   1363452   6120800       200       132
02:29:50 PM    118068      9664   7896152     99.88        28     42300   8796864     32.01   2872096   4688724        48       128
02:29:55 PM    117844      9552   7896264     99.88        28     42368   8796864     32.01   2872140   4688952        68       128
02:30:00 PM    117844      9552   7896264     99.88        28     42372   8796864     32.01   2872152   4688952        72       128
02:30:05 PM    117844      9552   7896264     99.88        28     42368   8796864     32.01   2872240   4688952        68       128
02:30:10 PM    117844      9552   7896264     99.88        28     42368   8796864     32.01   2872240   4688952        68       128
02:30:15 PM    117592      9748   7896068     99.88        28     43260   8796864     32.01   2873132   4688984        68       128
02:30:20 PM    134412     23520   7882296     99.70        28     37168   8796864     32.01   3111616   4443728        72       128
02:30:25 PM    121792     10972   7894844     99.86        28     37392   8796864     32.01   3121568   4435272       128       128
02:30:30 PM    121792     11016   7894800     99.86        28     37400   8796864     32.01   3121612   4435240       156       128
02:30:35 PM    121792     11016   7894800     99.86        28     37396   8796864     32.01   3121628   4435240       152       128
02:30:40 PM    125472     14692   7891124     99.81        28     37396   8796864     32.01   3133672   4423908       152       128
02:30:45 PM    125472     14692   7891124     99.81        28     37396   8796864     32.01   3133672   4423908       152       128
02:30:50 PM    167164     56408   7849408     99.29        28     37568   8796864     32.01   3206224   4316624         0       128
02:30:55 PM    167164     56408   7849408     99.29        28     37572   8796864     32.01   3206224   4316624        20       128
02:31:00 PM    166200     56820   7848996     99.28        28     40192   8796864     32.01   3220292   4308880        68       128
02:31:05 PM    166200     56820   7848996     99.28        28     40196   8796864     32.01   3220292   4308880        72       128
02:31:10 PM    163588     54212   7851604     99.31        28     40196   8796864     32.01   3228644   4301020        72       128
02:31:15 PM    163364     53988   7851828     99.32        28     40196   8796864     32.01   3228672   4301020        72       128
02:31:20 PM    125940      6700   7899116     99.92        16     20736   8796864     32.01   2161284   5414272        32       128
02:31:25 PM    216496    101192   7804624     98.72        16     28368   8796864     32.01   2192908   5289304       144       128
02:31:30 PM    216432    101136   7804680     98.72        16     28388   8796864     32.01   2192960   5289324       164       128
02:31:35 PM    215756    100584   7805232     98.73        28     28672   8796864     32.01   2193168   5289572        20       128
02:31:40 PM    215676    100552   7805264     98.73        28     28720   8796864     32.01   2193308   5289668        68       128
02:31:45 PM    215676    100552   7805264     98.73        28     28720   8796864     32.01   2193308   5289668        68       128
02:31:50 PM    182916     68008   7837808     99.14        28     29276   8796864     32.01   2226320   5289668        72       128
02:31:55 PM    182916     68020   7837796     99.14        28     29272   8796864     32.01   2226364   5289668        20       128
02:32:00 PM    182916     68132   7837684     99.14        28     29400   8796864     32.01   2226632   5289796       128       128
02:32:05 PM    164268     57148   7848668     99.28        28     44740   8796864     32.01   2242440   5289848       148       128
02:32:10 PM    164016     56992   7848824     99.28        28     44916   8796864     32.01   2242492   5290024        20       128
02:32:15 PM    164016     57016   7848800     99.28        28     45068   8796864     32.01   2242572   5290072        68       128
02:32:20 PM    137472     32720   7873096     99.59        28     49460   8796864     32.01   4568148   2992680       148       128
02:32:25 PM    136756     32336   7873480     99.59        28     50192   8796864     32.01   4568864   2992712       100       128
02:32:30 PM    124864     22196   7883620     99.72        28     53632   8796864     32.01   4573752   2991876        20       128
02:32:35 PM    124784     22156   7883660     99.72        28     53908   8796864     32.01   4573836   2991880       204       128
02:32:40 PM    118056     15528   7890288     99.80        28     53908   8796864     32.01   4576464   2990576       224       128
02:32:45 PM    117804     15336   7890480     99.81        28     54100   8796864     32.01   4576468   2990700        64       128
02:32:50 PM    204328     93064   7812752     98.82        16     36544   8796864     32.01   2232856   5259472        68       128
02:32:55 PM    192244     85104   7820712     98.92        16     44928   8796864     32.01   2241892   5259488        68       128
02:33:00 PM    190652     84456   7821360     98.93        16     46728   8796864     32.01   2246944   5259492        24       128
02:33:05 PM    190652     84532   7821284     98.93        16     46772   8796864     32.01   2247072   5259536        68       128
02:33:10 PM    190652     84576   7821240     98.93        16     46896   8796864     32.01   2247088   5259620       128       128
02:33:15 PM    190652     84596   7821220     98.93        16     46896   8796864     32.01   2247136   5259620       148       128
02:33:20 PM    143412     37568   7868248     99.52        24     47376   8796864     32.01   3187596   4368108        24       128
02:33:25 PM    133364     30352   7875464     99.62        24     53064   8796864     32.01   3193216   4368216       156       128
02:33:30 PM    133364     30396   7875420     99.62        24     53064   8796864     32.01   3193296   4368252       156       128
02:33:35 PM    133364     30392   7875424     99.62        24     53108   8796864     32.01   3193300   4368248       120       128
02:33:40 PM    133364     30392   7875424     99.62        24     53108   8796864     32.01   3193300   4368248       120       128
02:33:45 PM    130856     28820   7876996     99.64        24     55016   8796864     32.01   3195464   4368396       180       128
02:33:50 PM    119628     15480   7890336     99.80         8     50804   8796864     32.01   5838552   1733328       204       128
02:33:55 PM    119376     15548   7890268     99.80        20     51396   8796864     32.01   5838852   1733920        68       128
02:34:00 PM    147436     51124   7854692     99.35        20     66380   8796864     32.01   5939304   1610776       128       128
02:34:05 PM    147244     50928   7854888     99.36        20     66376   8796864     32.01   5939312   1610772       148       128
02:34:10 PM    145448     49664   7856152     99.37        20     67440   8796864     32.01   5940332   1610836       232       128
02:34:15 PM    145448     49668   7856148     99.37        20     67444   8796864     32.01   5940368   1610840       236       128
02:34:20 PM    140260     25228   7880588     99.68        12     29020   8796864     32.01   3269168   4294480         0       128
02:34:25 PM    127860     14748   7891068     99.81        20     32780   8796864     32.01   3277920   4290428       244       128
02:34:30 PM    111904      3044   7902772     99.96        20     41356   8796864     32.01   3286360   4290512        28       128
02:34:35 PM    115952      7148   7898668     99.91        20     41480   8796864     32.01   3402928   4167060        80       128
02:34:40 PM    212620    105320   7800496     98.67        20     44404   8796864     32.01   3406148   4065624       104       128
02:34:45 PM    214100    106816   7799000     98.65        20     44448   8796864     32.01   3443288   4029500       148       128
02:34:50 PM    136232     29116   7876700     99.63        20     44848   8796864     32.01   3626528   3927248       152       128
02:34:55 PM    127816     20736   7885080     99.74        20     44844   8796864     32.01   3627604   3926884       148       128
02:35:00 PM    124036     18320   7887496     99.77        20     47576   8796864     32.01   3633412   3926888       152       128
02:35:05 PM    117092     11500   7894316     99.85        20     47924   8796864     32.01   3634880   3926684        20       128
02:35:10 PM    117092     11560   7894256     99.85        20     48052   8796864     32.01   3634980   3926804       128       128
02:35:15 PM    125060     19580   7886236     99.75        20     48052   8796864     32.01   3636484   3926424       148       128
02:35:20 PM    168308     61324   7844492     99.22        20     45048   8796864     32.01   4603272   2925748       152       128
02:35:25 PM    168084     61104   7844712     99.23        20     45044   8796864     32.01   4603416   2925756       148       128
02:35:30 PM    168084     61104   7844712     99.23        20     45044   8796864     32.01   4603428   2925756       148       128
02:35:35 PM    168084     61104   7844712     99.23        20     45044   8796864     32.01   4603472   2925756        20       128
02:35:40 PM    167580     60724   7845092     99.23        20     45316   8796864     32.01   4603472   2926004        20       128
02:35:45 PM    167580     60776   7845040     99.23        20     45400   8796864     32.01   4603472   2926112        80       128
02:35:50 PM    117568      2008   7903808     99.97        12     27896   8796864     32.01   3147364   4425272         0       128
02:35:55 PM    212236    102552   7803264     98.70        12     39644   8796864     32.01   3160840   4322356        68       124
02:36:00 PM    212236    102552   7803264     98.70        12     39648   8796864     32.01   3160844   4322356        72       124
02:36:05 PM    204928     99240   7806576     98.74        12     47816   8796864     32.01   3169044   4322424       156       128
02:36:10 PM    204928     99264   7806552     98.74        12     47812   8796864     32.01   3169080   4322452       152       128
02:36:15 PM    204676     99268   7806548     98.74        20     48188   8796864     32.01   3169288   4322772       128       128
02:36:20 PM    155896     50056   7855760     99.37        12     47336   8796864     32.01   3390300   4155464         0       128
02:36:25 PM    147480     41704   7864112     99.47        12     47464   8796864     32.01   3397352   4149340        68       128
02:36:30 PM    147480     41704   7864112     99.47        12     47468   8796864     32.01   3397364   4149340        72       128
02:36:35 PM    139036     33260   7872556     99.58        12     47464   8796864     32.01   3403636   4144008        68       128
02:36:40 PM    139036     33264   7872552     99.58        12     47468   8796864     32.01   3403656   4143884        72       128
02:36:45 PM    145864     40188   7865628     99.49        20     47768   8796864     32.01   3423092   4125880        20       128
02:36:50 PM    129472     23880   7881936     99.70        20     47900   8796864     32.01   4091904   3472276         0       128
02:36:55 PM    129248     23716   7882100     99.70        20     47944   8796864     32.01   4091920   3472420        68       128
02:37:00 PM    128240     22708   7883108     99.71        20     47948   8796864     32.01   4094656   3472420        72       128
02:37:05 PM    116804     14736   7891080     99.81        20     54876   8796864     32.01   4101924   3472452       152       128
02:37:10 PM    116676     14768   7891048     99.81        20     55192   8796864     32.01   4102512   3472488       148       128
02:37:15 PM    116676     14768   7891048     99.81        20     55192   8796864     32.01   4102596   3472488       148       128
02:37:20 PM    203824     89552   7816264     98.87        20     30640   8796864     32.01   3464736   4031668         0       128
02:37:25 PM    191400     81368   7824448     98.97        20     38940   8796864     32.01   3473284   4031820       144       128
02:37:30 PM    183336     74924   7830892     99.05        20     42256   8796864     32.01   3476712   4031828       152       128
02:37:35 PM    183184     74932   7830884     99.05        20     42504   8796864     32.01   3477072   4031824       148       128
02:37:40 PM    184224     76016   7829800     99.04        20     42588   8796864     32.01   3477124   4031908       152       128
02:37:45 PM    184224     76016   7829800     99.04        20     42588   8796864     32.01   3477124   4031908       152       128
02:37:50 PM    128336     13516   7892300     99.83        20     29440   8796864     32.01   4258672   3308664        76       128
02:37:55 PM    175036     66084   7839732     99.16        20     41188   8796864     32.01   4296456   3224064         0       128
02:38:00 PM    174812     65904   7839912     99.17        20     41192   8796864     32.01   4296524   3224148        24       128
02:38:05 PM    174812     65904   7839912     99.17        20     41236   8796864     32.01   4296524   3224148        68       128
02:38:10 PM    174812     65928   7839888     99.17        20     41236   8796864     32.01   4296524   3224196        68       128
02:38:15 PM    174812     65928   7839888     99.17        20     41236   8796864     32.01   4296536   3224196        68       128
02:38:20 PM    151848     41248   7864568     99.48        20     37808   8796864     32.01   4118256   3426884        76       128
02:38:25 PM    151624     41024   7864792     99.48        20     37804   8796864     32.01   4118264   3426884        24       128
02:38:30 PM    144484     33924   7871892     99.57        20     37888   8796864     32.01   4119256   3426836        84       128
02:38:35 PM    139696     30880   7874936     99.61        20     41460   8796864     32.01   4122492   3427116       120       128
02:38:40 PM    133456     24684   7881132     99.69        20     41460   8796864     32.01   4123852   3427000       120       128
02:38:45 PM    128444     24188   7881628     99.69        20     50572   8796864     32.01   4133200   3427052       120       128
02:38:50 PM    160796     42412   7863404     99.46         8     22360   8796864     32.01   2988968   4539940       124       124
02:38:55 PM    160796     42536   7863280     99.46         8     22624   8796864     32.01   2989252   4539956       120       124
02:39:00 PM    141812     33416   7872400     99.58         8     42136   8796864     32.01   3012128   4540008        76       124
02:39:05 PM    131584     27344   7878472     99.65        20     50588   8796864     32.01   3022348   4541000         0       124
02:39:10 PM    131584     27376   7878440     99.65        20     50588   8796864     32.01   3022348   4541068        20       124
02:39:15 PM    130828     27024   7878792     99.66        20     51484   8796864     32.01   3023120   4541116        68       124
02:39:20 PM    140908     29864   7875952     99.62        20     37176   8796864     32.01   2638728   4910440       156       128
02:39:25 PM    140180     30676   7875140     99.61        20     40052   8796864     32.01   2642192   4910436       156       128
02:39:30 PM    140180     30708   7875108     99.61        20     40064   8796864     32.01   2642452   4910432       156       128
02:39:35 PM    140180     30812   7875004     99.61        20     40272   8796864     32.01   2642892   4910480       124       128
02:39:40 PM    139928     30600   7875216     99.61        20     40352   8796864     32.01   2642976   4910560       184       128
02:39:45 PM    139676     30412   7875404     99.62        20     40576   8796864     32.01   2642996   4910684        76       128
02:39:50 PM    170000     60636   7845180     99.23        20     40404   8796864     32.01   2745788   4777168        76       128
02:39:55 PM    169876     60648   7845168     99.23        20     40552   8796864     32.01   2746268   4777244       100       128
02:40:00 PM    169876     60688   7845128     99.23        20     40656   8796864     32.01   2746532   4777252       176       132
02:40:05 PM    169876     60688   7845128     99.23        20     40652   8796864     32.01   2746536   4777252       172       132
02:40:10 PM    169876     60696   7845120     99.23        20     40652   8796864     32.01   2746544   4777268        76       132
02:40:15 PM    169876     60696   7845120     99.23        20     40780   8796864     32.01   2746556   4777268       176       132
02:40:20 PM    126448     10576   7895240     99.87         8     27352   8796864     32.01   5433172   2127600       200       132
02:40:25 PM    125972     10196   7895620     99.87        20     27540   8796864     32.01   5433316   2127720        68       132
02:40:30 PM    112552    112552   7793264     98.58        20     33264   8796864     32.01   5442580   2125792       176       132
02:40:35 PM    112652    112652   7793164     98.58        20     33344   8796864     32.01   5442544   2125872       188       132
02:40:40 PM    110716    110716   7795100     98.60        20     33344   8796864     32.01   5443828   2125104       188       132
02:40:45 PM    110716    110716   7795100     98.60        20     33344   8796864     32.01   5443828   2125104        76       132
02:40:50 PM    204416     89324   7816492     98.87         8     28944   8796864     32.01    635844   6855788       184       132
02:40:55 PM    191844     80384   7825432     98.98         8     36260   8796864     32.01    643096   6855816       204       132
02:41:00 PM    188316     77236   7828580     99.02        20     36924   8796864     32.01    646804   6856124        80       132
02:41:05 PM    187560     76912   7828904     99.03        20     37860   8796864     32.01    647584   6856220       120       132
02:41:10 PM    187560     76936   7828880     99.03        20     37864   8796864     32.01    647600   6856272       124       132
02:41:15 PM    187560     76984   7828832     99.03        20     37860   8796864     32.01    647660   6856316       120       132
02:41:20 PM    146736     36192   7869624     99.54        20     37928   8796864     32.01    688456   6856316        28       132
02:41:25 PM    146736     36192   7869624     99.54        20     38052   8796864     32.01    688588   6856316       128       132
02:41:30 PM    146736     36192   7869624     99.54        20     38052   8796864     32.01    688588   6856316       148       132
02:41:35 PM    146736     36320   7869496     99.54        20     38228   8796864     32.01    688588   6856568        20       132
02:41:40 PM    146736     36344   7869472     99.54        20     38276   8796864     32.01    688620   6856620        68       132
02:41:45 PM    146736     36368   7869448     99.54        20     38276   8796864     32.01    688620   6856668        68       132
02:41:50 PM    117868      6152   7899664     99.92         8     35588   8796864     32.01   1687764   5879648        72       132
02:41:55 PM    117644      5924   7899892     99.93         8     35584   8796864     32.01   1687820   5879600        20       132
02:42:00 PM    112856      2748   7903068     99.97         8     38916   8796864     32.01   1691044   5879600       184       132
02:42:05 PM    215176    110600   7795216     98.60         8     50140   8796864     32.01   4103512   3364420       236       132
02:42:10 PM    215272    110796   7795020     98.60        20     50284   8796864     32.01   4103788   3364356       236       128
02:42:15 PM    215192    110880   7794936     98.60        20     50384   8796864     32.01   4103976   3364628       124       128
02:42:20 PM    141644     37336   7868480     99.53        20     50420   8796864     32.01   3264848   4284556         0       128
02:42:25 PM    140560     36400   7869416     99.54        20     50768   8796864     32.01   3265420   4284680       148       128
02:42:30 PM    136556     34116   7871700     99.57        20     54300   8796864     32.01   3268828   4284744       104       128
02:42:35 PM    134584     32228   7873588     99.59        20     54296   8796864     32.01   3270020   4284252       100       128
02:42:40 PM    134584     32228   7873588     99.59        20     54328   8796864     32.01   3270036   4284252       148       128
02:42:45 PM    134180     31956   7873860     99.60        20     54556   8796864     32.01   3275292   4280212        72       128
02:42:50 PM    154572     43828   7861988     99.45        20     37744   8796864     32.01   3751876   3777620       116       128
02:42:55 PM    157212     48584   7857232     99.39        20     41812   8796864     32.01   3763420   3771980         0       128
02:43:00 PM    144864     40248   7865568     99.49        20     49792   8796864     32.01   3774456   3771992        24       128
02:43:05 PM    140272     35680   7870136     99.55        20     49836   8796864     32.01   3779900   3767292        68       128
02:43:10 PM    140272     35688   7870128     99.55        20     49836   8796864     32.01   3779908   3767304        68       128
02:43:15 PM    131020     26436   7879380     99.67        20     49836   8796864     32.01   3783420   3764804        68       128
02:43:20 PM    144944     27188   7878628     99.66        20     23640   8796864     32.01   1920056   5618084        80       128
02:43:25 PM    144640     27044   7878772     99.66        20     23816   8796864     32.01   1920520   5618068       100       128
02:43:30 PM    140860     24568   7881248     99.69        20     26540   8796864     32.01   1923124   5618068       108       128
02:43:35 PM    133048     22296   7883520     99.72        20     37536   8796864     32.01   1934176   5618148       244       128
02:43:40 PM    133048     22312   7883504     99.72        20     37544   8796864     32.01   1934176   5618176       260       128
02:43:45 PM    121204     17812   7888004     99.77        20     52224   8796864     32.01   1949096   5618224       256       128
02:43:50 PM    119792     16088   7889728     99.80        20     51604   8796864     32.01   2037764   5531776       260       128
02:43:55 PM    119036     15524   7890292     99.80        20     51984   8796864     32.01   2037804   5532176       140       128
02:44:00 PM    119036     15524   7890292     99.80        20     51984   8796864     32.01   2037804   5532176       160       128
02:44:05 PM    169520     68868   7836948     99.13        20     57716   8796864     32.01   5051028   2476484       196       128
02:44:10 PM    169520     68868   7836948     99.13        20     57720   8796864     32.01   5051064   2476484       200       128
02:44:15 PM    167756     67908   7837908     99.14        20     59308   8796864     32.01   5052664   2476504       200       128
02:44:20 PM    138508     33088   7872728     99.58        20     48128   8796864     32.01   5754692   1799416        28       128
02:44:25 PM    133324     28164   7877652     99.64        20     48684   8796864     32.01   5760204   1795904        68       128
02:44:30 PM    133324     30456   7875360     99.61        20     53316   8796864     32.01   5764808   1795904        72       128
02:44:35 PM    133132     30300   7875516     99.62        20     53344   8796864     32.01   5764856   1795936       152       128
02:44:40 PM    131336     29496   7876320     99.63        20     55368   8796864     32.01   5766840   1795936       152       128
02:44:45 PM    131336     29496   7876320     99.63        20     55368   8796864     32.01   5766840   1795936       152       128
02:44:50 PM    155084     32200   7873616     99.59         8     13400   8796864     32.01   3196752   4339696       156       128
02:44:55 PM    148148     29124   7876692     99.63         8     21048   8796864     32.01   3204432   4339876        56       128
02:45:00 PM    133784     20800   7885016     99.74        20     33068   8796864     32.01   3219300   4340208        76       128
02:45:05 PM    125216     16232   7889584     99.79        20     41256   8796864     32.01   3227224   4340432       172       128
02:45:10 PM    125216     16340   7889476     99.79        20     41252   8796864     32.01   3227428   4340464       172       128
02:45:15 PM    122696     14752   7891064     99.81        20     43296   8796864     32.01   3229336   4340464       172       128
02:45:20 PM    148344     38064   7867752     99.52         8     38484   8796864     32.01   4524864   3027596       176       128
02:45:25 PM    139300     31616   7874200     99.60         8     43752   8796864     32.01   4530044   3027644       172       128
02:45:30 PM    139300     31664   7874152     99.60         8     43916   8796864     32.01   4530148   3027676       140       128
02:45:35 PM    139048     31608   7874208     99.60        20     44236   8796864     32.01   4530248   3028068        80       128
02:45:40 PM    139048     31708   7874108     99.60        20     44328   8796864     32.01   4530280   3028264        68       128
02:45:45 PM    139048     31708   7874108     99.60        20     44328   8796864     32.01   4530280   3028264        68       128
02:45:50 PM    189624     82884   7822932     98.95        20     45532   8796864     32.01   4574412   2935172        68       128
02:45:55 PM    189364     82636   7823180     98.95        20     45556   8796864     32.01   4574676   2935096        68       128
02:46:00 PM    189364     82636   7823180     98.95        20     45604   8796864     32.01   4574764   2935096        68       128
02:46:05 PM    189364     82640   7823176     98.95        20     45688   8796864     32.01   4574776   2935100       128       128
02:46:10 PM    189112     82532   7823284     98.96        20     45848   8796864     32.01   4574780   2935388        20       128
02:46:15 PM    189112     82532   7823284     98.96        20     45896   8796864     32.01   4574848   2935388        68       128
02:46:20 PM    145272     31900   7873916     99.60         8     32396   8796864     32.01   2440152   5112304        72       128
02:46:25 PM    140936     29184   7876632     99.63         8     35520   8796864     32.01   2444056   5112300        68       128
02:46:30 PM    137408     26464   7879352     99.67         8     37236   8796864     32.01   2445788   5112304        24       128
02:46:35 PM    137408     26540   7879276     99.66         8     37284   8796864     32.01   2445948   5112352        72       128
02:46:40 PM    137408     26580   7879236     99.66         8     37364   8796864     32.01   2445960   5112432       128       128
02:46:45 PM    137408     26580   7879236     99.66        20     37524   8796864     32.01   2445988   5112432       148       128
02:46:50 PM    131084     11964   7893852     99.85        20     20800   8796864     32.01   3368328   4189228        68       128
02:46:55 PM    114972      2260   7903556     99.97        20     33692   8796864     32.01   3381232   4189180       156       128
02:47:00 PM    133704     22044   7883772     99.72        20     35724   8796864     32.01   3408640   4147436       152       128
02:47:05 PM    118344     13300   7892516     99.83        20     49028   8796864     32.01   3422292   4147508       128       128
02:47:10 PM    118092     13100   7892716     99.83        20     49056   8796864     32.01   3422424   4147536       156       128
02:47:15 PM    118092     13140   7892676     99.83        20     49136   8796864     32.01   3422532   4147616       216       128
02:47:20 PM    136080     30868   7874948     99.61        20     48616   8796864     32.01   3905996   3645924       128       128
02:47:25 PM    135324     30360   7875456     99.62        20     49260   8796864     32.01   3906488   3645928       172       128
02:47:30 PM    135324     30456   7875360     99.61        20     49308   8796864     32.01   3906624   3646016       176       128
02:47:35 PM    135324     30516   7875300     99.61        20     49524   8796864     32.01   3906760   3646012       172       128
02:47:40 PM    133560     29488   7876328     99.63        20     51008   8796864     32.01   3908256   3646016       128       128
02:47:45 PM    133560     29556   7876260     99.63        20     51036   8796864     32.01   3908332   3646092       156       128
02:47:50 PM    197592     81088   7824728     98.97         8     26132   8796864     32.01   2160892   5337740        52       128
02:47:55 PM    186252     73988   7831828     99.06         8     34564   8796864     32.01   2169740   5337760        68       128
02:48:00 PM    186000     74184   7831632     99.06         8     35420   8796864     32.01   2170760   5337760        68       128
02:48:05 PM    174408     66408   7839408     99.16         8     43164   8796864     32.01   2178400   5337760        68       128
02:48:10 PM    174408     66408   7839408     99.16         8     43164   8796864     32.01   2178400   5337760        68       128
02:48:15 PM    170376     64100   7841716     99.19         8     46500   8796864     32.01   2181864   5337764        72       128
02:48:20 PM    209260    100612   7805204     98.73        20     41920   8796864     32.01   1715592   5770508        96       128
02:48:25 PM    192804     86516   7819300     98.91        20     46464   8796864     32.01   1720676   5770572       152       128
02:48:30 PM    191824     86076   7819740     98.91        20     47544   8796864     32.01   1721804   5770600       236       128
02:48:35 PM    195152     89404   7816412     98.87        20     47548   8796864     32.01   1721820   5770600       240       128
02:48:40 PM    195152     89404   7816412     98.87        20     47548   8796864     32.01   1721848   5770600       240       128
02:48:45 PM    187844     86684   7819132     98.90        20     56788   8796864     32.01   1731416   5770672       240       128
02:48:50 PM    133576     29224   7876592     99.63         8     50416   8796864     32.01   3335360   4228152         0       128
02:48:55 PM    133548     29328   7876488     99.63         8     50612   8796864     32.01   3335664   4228188        68       128
02:49:00 PM    123972     24180   7881636     99.69         8     59488   8796864     32.01   3347436   4228188        72       128
02:49:05 PM    215700    111568   7794248     98.59         8     50876   8796864     32.01   2115824   5371288        68       128
02:49:10 PM    212140    109492   7796324     98.62         8     53772   8796864     32.01   2118876   5371336        68       128
02:49:15 PM    208360    106848   7798968     98.65         8     56028   8796864     32.01   2121212   5371336        68       128
02:49:20 PM    133264     31952   7873864     99.60         8     56428   8796864     32.01   2194596   5371336        24       128
02:49:25 PM    131780     31416   7874400     99.60        20     58392   8796864     32.01   2196172   5371732       104       128
02:49:30 PM    128000     29148   7876668     99.63        20     61336   8796864     32.01   2199140   5371812       160       128
02:49:35 PM    128000     29148   7876668     99.63        20     61336   8796864     32.01   2199140   5371812       160       128
02:49:40 PM    128000     29148   7876668     99.63        20     61336   8796864     32.01   2199140   5371816       160       128
02:49:45 PM    127748     28896   7876920     99.63        20     61336   8796864     32.01   2199144   5371816       160       128
02:49:50 PM    138992     26636   7879180     99.66         8     34436   8796864     32.01   6792200    762536       164       128
02:49:55 PM    134028     22896   7882920     99.71         8     36864   8796864     32.01   6796852    762536        80       128
02:50:00 PM    132828     21856   7883960     99.72        20     37184   8796864     32.01   6796928    762776        80       128
02:50:05 PM    132796     21884   7883932     99.72        20     37216   8796864     32.01   6796924    762904       100       128
02:50:10 PM    132796     21884   7883932     99.72        20     37216   8796864     32.01   6796924    762904       100       128
02:50:15 PM    132544     21656   7884160     99.73        20     37264   8796864     32.01   6796952    762952       148       128
02:50:20 PM    140092     22532   7883284     99.71        20     23984   8796864     32.01   1427880   6126336       152       124
02:50:25 PM    115940    115940   7789876     98.53        20     26440   8796864     32.01   1481496   6096968       148       124
02:50:30 PM    189020     76300   7829516     99.03        20     33712   8796864     32.01   1496008   6013744        24       124
02:50:35 PM    185016     74596   7831220     99.06        20     38236   8796864     32.01   1501044   6013872       128       124
02:50:40 PM    180984     72556   7833260     99.08        20     42224   8796864     32.01   1505288   6013952       236       128
02:50:45 PM    180984     72572   7833244     99.08        20     42228   8796864     32.01   1505476   6013956       240       128
02:50:50 PM    134980     26692   7879124     99.66        20     42472   8796864     32.01   1551824   6013960       244       128
02:50:55 PM    134868     26656   7879160     99.66        20     42624   8796864     32.01   1552128   6013956       240       128
02:51:00 PM    132852     24660   7881156     99.69        20     42676   8796864     32.01   1554764   6013960       244       128
02:51:05 PM    132600     24560   7881256     99.69        20     43096   8796864     32.01   1554796   6014252       136       128
02:51:10 PM    132600     24624   7881192     99.69        20     43208   8796864     32.01   1554840   6014380       160       128
02:51:15 PM    132600     24624   7881192     99.69        20     43212   8796864     32.01   1554840   6014380       184       128
02:51:20 PM    130464     15344   7890472     99.81         8     28776   8796864     32.01   4211348   3352668        12       128
02:51:25 PM    161640     47460   7858356     99.40         8     30796   8796864     32.01   4256216   3280240        68       128
02:51:30 PM    157892     45176   7860640     99.43         8     33628   8796864     32.01   4259060   3280336        68       128
02:51:35 PM    156716     44232   7861584     99.44        20     34120   8796864     32.01   4259216   3280648        20       128
02:51:40 PM    156716     44252   7861564     99.44        20     34120   8796820     32.01   4259212   3280684        20       128
02:51:45 PM    156716     44252   7861564     99.44        20     34120   8796820     32.01   4259212   3280684        20       128
Average:      2100936   2101869   5803947     73.41      1343    186251   8796931     32.01   3622147   1973769       119      3111
