Linux 7.0.10-arch1-1 (archlinux) 	05/28/2026 	_x86_64_	(4 CPU)

04:00:27 PM  %smem-10  %smem-60 %smem-300     %smem  %fmem-10  %fmem-60 %fmem-300     %fmem
04:00:32 PM      0.00      0.00      0.00      0.00      0.00      0.00      0.00      0.00
04:00:37 PM      0.00      0.00      0.00      0.00      0.00      0.00      0.00      0.00
04:00:42 PM      0.00      0.00      0.00      0.00      0.00      0.00      0.00      0.00
04:00:47 PM      0.00      0.00      0.00      0.00      0.00      0.00      0.00      0.00
04:00:52 PM      0.00      0.00      0.00      0.00      0.00      0.00      0.00      0.00
04:00:57 PM      0.00      0.00      0.00      0.00      0.00      0.00      0.00      0.00
04:01:02 PM      0.00      0.00      0.00      0.00      0.00      0.00      0.00      0.00
04:01:07 PM      0.00      0.00      0.00      0.00      0.00      0.00      0.00      0.00
04:01:12 PM      0.00      0.00      0.00      0.00      0.00      0.00      0.00      0.00
04:01:17 PM      0.00      0.00      0.00      0.00      0.00      0.00      0.00      0.00
04:01:22 PM      0.00      0.00      0.00      0.00      0.00      0.00      0.00      0.00
04:01:27 PM      0.00      0.00      0.00      0.00      0.00      0.00      0.00      0.00
04:01:32 PM      0.00      0.00      0.00      0.00      0.00      0.00      0.00      0.00
04:01:37 PM      0.00      0.00      0.00      0.00      0.00      0.00      0.00      0.00
04:01:42 PM      0.00      0.00      0.00      0.00      0.00      0.00      0.00      0.00
04:01:47 PM      0.00      0.00      0.00      0.00      0.00      0.00      0.00      0.00
04:01:52 PM      0.00      0.00      0.00      0.00      0.00      0.00      0.00      0.00
04:01:57 PM      0.00      0.00      0.00      0.00      0.00      0.00      0.00      0.00
04:02:02 PM      0.00      0.00      0.00      0.00      0.00      0.00      0.00      0.00
04:02:07 PM      0.00      0.00      0.00      0.00      0.00      0.00      0.00      0.00
04:02:12 PM      0.00      0.00      0.00      0.00      0.00      0.00      0.00      0.00
04:02:17 PM      0.00      0.00      0.00      0.00      0.00      0.00      0.00      0.00
04:02:22 PM      0.00      0.00      0.00      0.00      0.00      0.00      0.00      0.00
04:02:27 PM      0.00      0.00      0.00      0.00      0.00      0.00      0.00      0.00
04:02:32 PM      0.00      0.00      0.00      0.00      0.00      0.00      0.00      0.00
04:02:37 PM      0.00      0.00      0.00      0.00      0.00      0.00      0.00      0.00
04:02:42 PM      0.00      0.00      0.00      0.00      0.00      0.00      0.00      0.00
04:02:47 PM      0.00      0.00      0.00      0.00      0.00      0.00      0.00      0.00
04:02:52 PM      0.00      0.00      0.00      0.00      0.00      0.00      0.00      0.00
04:02:57 PM      0.00      0.00      0.00      0.00      0.00      0.00      0.00      0.00
04:03:02 PM      0.00      0.00      0.00      0.00      0.00      0.00      0.00      0.00
04:03:07 PM      0.00      0.00      0.00      0.00      0.00      0.00      0.00      0.00
04:03:12 PM      0.00      0.00      0.00      0.00      0.00      0.00      0.00      0.00
04:03:17 PM      0.00      0.00      0.00      0.00      0.00      0.00      0.00      0.00
04:03:22 PM      0.00      0.00      0.00      0.00      0.00      0.00      0.00      0.00
04:03:27 PM      0.00      0.00      0.00      0.00      0.00      0.00      0.00      0.00
04:03:32 PM      0.00      0.00      0.00      0.00      0.00      0.00      0.00      0.00
04:03:37 PM      0.00      0.00      0.00      0.00      0.00      0.00      0.00      0.00
04:03:42 PM      0.00      0.00      0.00      0.00      0.00      0.00      0.00      0.00
04:03:47 PM      0.00      0.00      0.00      0.00      0.00      0.00      0.00      0.00
04:03:52 PM      0.00      0.00      0.00      0.00      0.00      0.00      0.00      0.00
04:03:57 PM      0.00      0.00      0.00      0.00      0.00      0.00      0.00      0.00
04:04:02 PM      0.00      0.00      0.00      0.00      0.00      0.00      0.00      0.00
04:04:07 PM      0.00      0.00      0.00      0.00      0.00      0.00      0.00      0.00
04:04:12 PM      0.00      0.00      0.00      0.00      0.00      0.00      0.00      0.00
04:04:17 PM      0.00      0.00      0.00      0.00      0.00      0.00      0.00      0.00
04:04:22 PM      0.00      0.00      0.00      0.00      0.00      0.00      0.00      0.00
04:04:27 PM      0.00      0.00      0.00      0.00      0.00      0.00      0.00      0.00
04:04:32 PM      0.00      0.00      0.00      0.00      0.00      0.00      0.00      0.00
04:04:37 PM      0.00      0.00      0.00      0.00      0.00      0.00      0.00      0.00
04:04:42 PM      0.00      0.00      0.00      0.00      0.00      0.00      0.00      0.00
04:04:47 PM      0.00      0.00      0.00      0.00      0.00      0.00      0.00      0.00
04:04:52 PM      0.00      0.00      0.00      0.00      0.00      0.00      0.00      0.00
04:04:57 PM      0.00      0.00      0.00      0.00      0.00      0.00      0.00      0.00
04:05:02 PM      0.00      0.00      0.00      0.00      0.00      0.00      0.00      0.00
04:05:07 PM      0.00      0.00      0.00      0.00      0.00      0.00      0.00      0.00
04:05:12 PM      0.00      0.00      0.00      0.00      0.00      0.00      0.00      0.00
04:05:17 PM      0.00      0.00      0.00      0.00      0.00      0.00      0.00      0.00
04:05:22 PM      0.00      0.00      0.00      0.00      0.00      0.00      0.00      0.00
04:05:27 PM      0.00      0.00      0.00      0.00      0.00      0.00      0.00      0.00
04:05:32 PM      0.00      0.00      0.00      0.00      0.00      0.00      0.00      0.00
04:05:37 PM      0.00      0.00      0.00      0.00      0.00      0.00      0.00      0.00
04:05:42 PM      0.00      0.00      0.00      0.00      0.00      0.00      0.00      0.00
04:05:47 PM      0.00      0.00      0.00      0.00      0.00      0.00      0.00      0.00
04:05:52 PM      0.00      0.00      0.00      0.00      0.00      0.00      0.00      0.00
04:05:57 PM      0.00      0.00      0.00      0.00      0.00      0.00      0.00      0.00
04:06:02 PM      0.00      0.00      0.00      0.00      0.00      0.00      0.00      0.00
04:06:07 PM      0.00      0.00      0.00      0.00      0.00      0.00      0.00      0.00
04:06:12 PM      0.00      0.00      0.00      0.00      0.00      0.00      0.00      0.00
04:06:17 PM      0.00      0.00      0.00      0.00      0.00      0.00      0.00      0.00
04:06:22 PM      0.00      0.00      0.00      0.00      0.00      0.00      0.00      0.00
04:06:27 PM      0.00      0.00      0.00      0.00      0.00      0.00      0.00      0.00
04:06:32 PM      0.00      0.00      0.00      0.00      0.00      0.00      0.00      0.00
04:06:37 PM      0.00      0.00      0.00      0.00      0.00      0.00      0.00      0.00
04:06:42 PM      0.00      0.00      0.00      0.00      0.00      0.00      0.00      0.00
04:06:47 PM      0.00      0.00      0.00      0.00      0.00      0.00      0.00      0.00
04:06:52 PM      0.00      0.00      0.00      0.00      0.00      0.00      0.00      0.00
04:06:57 PM      0.00      0.00      0.00      0.00      0.00      0.00      0.00      0.00
04:07:02 PM      0.00      0.00      0.00      0.00      0.00      0.00      0.00      0.00
04:07:07 PM      0.00      0.00      0.00      0.00      0.00      0.00      0.00      0.00
04:07:12 PM      0.00      0.00      0.00      0.00      0.00      0.00      0.00      0.00
04:07:17 PM      0.00      0.00      0.00      0.00      0.00      0.00      0.00      0.00
04:07:22 PM      0.00      0.00      0.00      0.00      0.00      0.00      0.00      0.00
04:07:27 PM      0.00      0.00      0.00      0.00      0.00      0.00      0.00      0.00
04:07:32 PM      0.00      0.00      0.00      0.00      0.00      0.00      0.00      0.00
04:07:37 PM      0.00      0.00      0.00      0.00      0.00      0.00      0.00      0.00
04:07:42 PM      0.00      0.00      0.00      0.00      0.00      0.00      0.00      0.00
04:07:47 PM      0.00      0.00      0.00      0.00      0.00      0.00      0.00      0.00
04:07:52 PM      0.00      0.00      0.00      0.00      0.00      0.00      0.00      0.00
04:07:57 PM      0.00      0.00      0.00      0.00      0.00      0.00      0.00      0.00
04:08:02 PM      0.00      0.00      0.00      0.00      0.00      0.00      0.00      0.00
04:08:07 PM      0.00      0.00      0.00      0.00      0.00      0.00      0.00      0.00
04:08:12 PM      0.00      0.00      0.00      0.00      0.00      0.00      0.00      0.00
04:08:17 PM      0.00      0.00      0.00      0.00      0.00      0.00      0.00      0.00
04:08:22 PM      0.00      0.00      0.00      0.00      0.00      0.00      0.00      0.00
04:08:27 PM      0.00      0.00      0.00      0.00      0.00      0.00      0.00      0.00
04:08:32 PM      0.00      0.00      0.00      0.00      0.00      0.00      0.00      0.00
04:08:37 PM      0.00      0.00      0.00      0.00      0.00      0.00      0.00      0.00
04:08:42 PM      0.00      0.00      0.00      0.00      0.00      0.00      0.00      0.00
04:08:47 PM      0.00      0.00      0.00      0.00      0.00      0.00      0.00      0.00
04:08:52 PM      0.00      0.00      0.00      0.00      0.00      0.00      0.00      0.00
04:08:57 PM      0.00      0.00      0.00      0.00      0.00      0.00      0.00      0.00
04:09:02 PM      0.00      0.00      0.00      0.00      0.00      0.00      0.00      0.00
04:09:07 PM      0.00      0.00      0.00      0.00      0.00      0.00      0.00      0.00
04:09:12 PM      0.00      0.00      0.00      0.00      0.00      0.00      0.00      0.00
04:09:17 PM      0.00      0.00      0.00      0.00      0.00      0.00      0.00      0.00
04:09:22 PM      0.00      0.00      0.00      0.00      0.00      0.00      0.00      0.00
04:09:27 PM      0.00      0.00      0.00      0.00      0.00      0.00      0.00      0.00
04:09:32 PM      0.00      0.00      0.00      0.00      0.00      0.00      0.00      0.00
04:09:37 PM      0.00      0.00      0.00      0.00      0.00      0.00      0.00      0.00
04:09:42 PM      0.00      0.00      0.00      0.00      0.00      0.00      0.00      0.00
04:09:47 PM      0.00      0.00      0.00      0.00      0.00      0.00      0.00      0.00
04:09:52 PM      0.00      0.00      0.00      0.00      0.00      0.00      0.00      0.00
04:09:57 PM      0.00      0.00      0.00      0.00      0.00      0.00      0.00      0.00
04:10:02 PM      0.00      0.00      0.00      0.00      0.00      0.00      0.00      0.00
04:10:07 PM      0.00      0.00      0.00      0.00      0.00      0.00      0.00      0.00
04:10:12 PM      0.00      0.00      0.00      0.00      0.00      0.00      0.00      0.00
04:10:17 PM      0.00      0.00      0.00      0.00      0.00      0.00      0.00      0.00
04:10:22 PM      0.00      0.00      0.00      0.00      0.00      0.00      0.00      0.00
04:10:27 PM      0.00      0.00      0.00      0.00      0.00      0.00      0.00      0.00
04:10:32 PM      0.00      0.00      0.00      0.00      0.00      0.00      0.00      0.00
04:10:37 PM      0.00      0.00      0.00      0.00      0.00      0.00      0.00      0.00
04:10:42 PM      0.00      0.00      0.00      0.00      0.00      0.00      0.00      0.00
04:10:47 PM      0.00      0.00      0.00      0.00      0.00      0.00      0.00      0.00
04:10:52 PM      0.00      0.00      0.00      0.00      0.00      0.00      0.00      0.00
04:10:57 PM      0.00      0.00      0.00      0.00      0.00      0.00      0.00      0.00
04:11:02 PM      0.00      0.00      0.00      0.00      0.00      0.00      0.00      0.00
04:11:07 PM      0.00      0.00      0.00      0.00      0.00      0.00      0.00      0.00
04:11:12 PM      0.00      0.00      0.00      0.00      0.00      0.00      0.00      0.00
04:11:17 PM      0.00      0.00      0.00      0.00      0.00      0.00      0.00      0.00
04:11:22 PM      0.00      0.00      0.00      0.00      0.00      0.00      0.00      0.00
04:11:27 PM      0.00      0.00      0.00      0.00      0.00      0.00      0.00      0.00
04:11:32 PM      0.00      0.00      0.00      0.00      0.00      0.00      0.00      0.00
04:11:37 PM      0.00      0.00      0.00      0.00      0.00      0.00      0.00      0.00
04:11:42 PM      0.00      0.00      0.00      0.00      0.00      0.00      0.00      0.00
04:11:47 PM      0.00      0.00      0.00      0.00      0.00      0.00      0.00      0.00
04:11:52 PM      0.00      0.00      0.00      0.00      0.00      0.00      0.00      0.00
04:11:57 PM      0.00      0.00      0.00      0.00      0.00      0.00      0.00      0.00
04:12:02 PM      0.00      0.00      0.00      0.00      0.00      0.00      0.00      0.00
04:12:07 PM      0.00      0.00      0.00      0.00      0.00      0.00      0.00      0.00
04:12:12 PM      0.00      0.00      0.00      0.00      0.00      0.00      0.00      0.00
04:12:17 PM      0.00      0.00      0.00      0.00      0.00      0.00      0.00      0.00
04:12:22 PM      0.00      0.00      0.00      0.00      0.00      0.00      0.00      0.00
04:12:27 PM      0.00      0.00      0.00      0.00      0.00      0.00      0.00      0.00
04:12:32 PM      0.00      0.00      0.00      0.00      0.00      0.00      0.00      0.00
04:12:37 PM      0.00      0.00      0.00      0.00      0.00      0.00      0.00      0.00
04:12:42 PM      0.00      0.00      0.00      0.00      0.00      0.00      0.00      0.00
04:12:47 PM      0.00      0.00      0.00      0.00      0.00      0.00      0.00      0.00
04:12:52 PM      0.00      0.00      0.00      0.00      0.00      0.00      0.00      0.00
04:12:57 PM      0.00      0.00      0.00      0.00      0.00      0.00      0.00      0.00
04:13:02 PM      0.00      0.00      0.00      0.00      0.00      0.00      0.00      0.00
04:13:07 PM      0.00      0.00      0.00      0.00      0.00      0.00      0.00      0.00
04:13:12 PM      0.00      0.00      0.00      0.00      0.00      0.00      0.00      0.00
04:13:17 PM      0.00      0.00      0.00      0.00      0.00      0.00      0.00      0.00
04:13:22 PM      0.00      0.00      0.00      0.00      0.00      0.00      0.00      0.00
04:13:27 PM      0.00      0.00      0.00      0.00      0.00      0.00      0.00      0.00
04:13:32 PM      0.00      0.00      0.00      0.00      0.00      0.00      0.00      0.00
04:13:37 PM      0.00      0.00      0.00      0.00      0.00      0.00      0.00      0.00
04:13:42 PM      0.00      0.00      0.00      0.00      0.00      0.00      0.00      0.00
04:13:47 PM      0.00      0.00      0.00      0.00      0.00      0.00      0.00      0.00
04:13:52 PM      0.00      0.00      0.00      0.00      0.00      0.00      0.00      0.00
04:13:57 PM      0.00      0.00      0.00      0.00      0.00      0.00      0.00      0.00
04:14:02 PM      0.00      0.00      0.00      0.00      0.00      0.00      0.00      0.00
04:14:07 PM      0.00      0.00      0.00      0.00      0.00      0.00      0.00      0.00
04:14:12 PM      0.00      0.00      0.00      0.00      0.00      0.00      0.00      0.00
04:14:17 PM      0.00      0.00      0.00      0.00      0.00      0.00      0.00      0.00
04:14:22 PM      0.00      0.00      0.00      0.00      0.00      0.00      0.00      0.00
04:14:27 PM      0.00      0.00      0.00      0.00      0.00      0.00      0.00      0.00
04:14:32 PM      0.00      0.00      0.00      0.00      0.00      0.00      0.00      0.00
04:14:37 PM      0.00      0.00      0.00      0.00      0.00      0.00      0.00      0.00
04:14:42 PM      0.00      0.00      0.00      0.00      0.00      0.00      0.00      0.00
04:14:47 PM      0.00      0.00      0.00      0.00      0.00      0.00      0.00      0.00
04:14:52 PM      0.00      0.00      0.00      0.00      0.00      0.00      0.00      0.00
04:14:57 PM      0.00      0.00      0.00      0.00      0.00      0.00      0.00      0.00
04:15:02 PM      0.00      0.00      0.00      0.00      0.00      0.00      0.00      0.00
04:15:07 PM      0.00      0.00      0.00      0.00      0.00      0.00      0.00      0.00
04:15:12 PM      0.00      0.00      0.00      0.00      0.00      0.00      0.00      0.00
04:15:17 PM      0.00      0.00      0.00      0.00      0.00      0.00      0.00      0.00
04:15:22 PM      0.00      0.00      0.00      0.00      0.00      0.00      0.00      0.00
04:15:27 PM      0.00      0.00      0.00      0.00      0.00      0.00      0.00      0.00
04:15:32 PM      0.00      0.00      0.00      0.00      0.00      0.00      0.00      0.00
04:15:37 PM      0.00      0.00      0.00      0.00      0.00      0.00      0.00      0.00
04:15:42 PM      0.00      0.00      0.00      0.00      0.00      0.00      0.00      0.00
04:15:47 PM      0.00      0.00      0.00      0.00      0.00      0.00      0.00      0.00
04:15:52 PM      0.00      0.00      0.00      0.00      0.00      0.00      0.00      0.00
04:15:57 PM      0.00      0.00      0.00      0.00      0.00      0.00      0.00      0.00
04:16:02 PM      0.00      0.00      0.00      0.00      0.00      0.00      0.00      0.00
04:16:07 PM      0.00      0.00      0.00      0.00      0.00      0.00      0.00      0.00
04:16:12 PM      0.00      0.00      0.00      0.00      0.00      0.00      0.00      0.00
04:16:17 PM      0.00      0.00      0.00      0.00      0.00      0.00      0.00      0.00
04:16:22 PM      0.00      0.00      0.00      0.00      0.00      0.00      0.00      0.00
04:16:27 PM      0.00      0.00      0.00      0.00      0.00      0.00      0.00      0.00
04:16:32 PM      0.00      0.00      0.00      0.00      0.00      0.00      0.00      0.00
04:16:37 PM      0.00      0.00      0.00      0.00      0.00      0.00      0.00      0.00
04:16:42 PM      0.00      0.00      0.00      0.00      0.00      0.00      0.00      0.00
04:16:47 PM      0.00      0.00      0.00      0.00      0.00      0.00      0.00      0.00
04:16:52 PM      0.00      0.00      0.00      0.00      0.00      0.00      0.00      0.00
04:16:57 PM      0.00      0.00      0.00      0.00      0.00      0.00      0.00      0.00
04:17:02 PM      0.00      0.00      0.00      0.00      0.00      0.00      0.00      0.00
04:17:07 PM      0.00      0.00      0.00      0.00      0.00      0.00      0.00      0.00
04:17:12 PM      0.00      0.00      0.00      0.00      0.00      0.00      0.00      0.00
04:17:17 PM      0.00      0.00      0.00      0.00      0.00      0.00      0.00      0.00
04:17:22 PM      0.00      0.00      0.00      0.00      0.00      0.00      0.00      0.00
04:17:27 PM      0.00      0.00      0.00      0.00      0.00      0.00      0.00      0.00
04:17:32 PM      0.00      0.00      0.00      0.00      0.00      0.00      0.00      0.00
04:17:37 PM      0.00      0.00      0.00      0.00      0.00      0.00      0.00      0.00
04:17:42 PM      0.00      0.00      0.00      0.00      0.00      0.00      0.00      0.00
04:17:47 PM      0.00      0.00      0.00      0.00      0.00      0.00      0.00      0.00
04:17:52 PM      0.00      0.00      0.00      0.00      0.00      0.00      0.00      0.00
04:17:57 PM      0.00      0.00      0.00      0.00      0.00      0.00      0.00      0.00
04:18:02 PM      0.00      0.00      0.00      0.00      0.00      0.00      0.00      0.00
04:18:07 PM      0.00      0.00      0.00      0.00      0.00      0.00      0.00      0.00
04:18:12 PM      0.00      0.00      0.00      0.00      0.00      0.00      0.00      0.00
04:18:17 PM      0.00      0.00      0.00      0.00      0.00      0.00      0.00      0.00
04:18:22 PM      0.00      0.00      0.00      0.00      0.00      0.00      0.00      0.00
04:18:27 PM      0.00      0.00      0.00      0.00      0.00      0.00      0.00      0.00
04:18:32 PM      0.00      0.00      0.00      0.00      0.00      0.00      0.00      0.00
04:18:37 PM      0.00      0.00      0.00      0.00      0.00      0.00      0.00      0.00
04:18:42 PM      0.00      0.00      0.00      0.00      0.00      0.00      0.00      0.00
04:18:47 PM      0.00      0.00      0.00      0.00      0.00      0.00      0.00      0.00
04:18:52 PM      0.00      0.00      0.00      0.00      0.00      0.00      0.00      0.00
04:18:57 PM      0.00      0.00      0.00      0.00      0.00      0.00      0.00      0.00
04:19:02 PM      0.00      0.00      0.00      0.00      0.00      0.00      0.00      0.00
04:19:07 PM      0.00      0.00      0.00      0.00      0.00      0.00      0.00      0.00
04:19:12 PM      0.00      0.00      0.00      0.00      0.00      0.00      0.00      0.00
04:19:17 PM      0.00      0.00      0.00      0.00      0.00      0.00      0.00      0.00
04:19:22 PM      0.00      0.00      0.00      0.00      0.00      0.00      0.00      0.00
04:19:27 PM      0.00      0.00      0.00      0.00      0.00      0.00      0.00      0.00
04:19:32 PM      0.00      0.00      0.00      0.00      0.00      0.00      0.00      0.00
04:19:37 PM      0.00      0.00      0.00      0.00      0.00      0.00      0.00      0.00
04:19:42 PM      0.00      0.00      0.00      0.00      0.00      0.00      0.00      0.00
04:19:47 PM      0.00      0.00      0.00      0.00      0.00      0.00      0.00      0.00
04:19:52 PM      0.00      0.00      0.00      0.00      0.00      0.00      0.00      0.00
04:19:57 PM      0.00      0.00      0.00      0.00      0.00      0.00      0.00      0.00
04:20:02 PM      0.00      0.00      0.00      0.00      0.00      0.00      0.00      0.00
04:20:07 PM      0.00      0.00      0.00      0.00      0.00      0.00      0.00      0.00
04:20:12 PM      0.00      0.00      0.00      0.00      0.00      0.00      0.00      0.00
04:20:17 PM      0.00      0.00      0.00      0.00      0.00      0.00      0.00      0.00
04:20:22 PM      0.00      0.00      0.00      0.00      0.00      0.00      0.00      0.00
04:20:27 PM      0.00      0.00      0.00      0.00      0.00      0.00      0.00      0.00
04:20:32 PM      0.00      0.00      0.00      0.00      0.00      0.00      0.00      0.00
04:20:37 PM      0.00      0.00      0.00      0.00      0.00      0.00      0.00      0.00
04:20:42 PM      0.00      0.00      0.00      0.00      0.00      0.00      0.00      0.00
04:20:47 PM      0.00      0.00      0.00      0.00      0.00      0.00      0.00      0.00
04:20:52 PM      0.00      0.00      0.00      0.00      0.00      0.00      0.00      0.00
04:20:57 PM      0.00      0.00      0.00      0.00      0.00      0.00      0.00      0.00
04:21:02 PM      0.00      0.00      0.00      0.00      0.00      0.00      0.00      0.00
04:21:07 PM      0.00      0.00      0.00      0.00      0.00      0.00      0.00      0.00
04:21:12 PM      0.00      0.00      0.00      0.00      0.00      0.00      0.00      0.00
04:21:17 PM      0.00      0.00      0.00      0.00      0.00      0.00      0.00      0.00
04:21:22 PM      0.00      0.00      0.00      0.00      0.00      0.00      0.00      0.00
04:21:27 PM      0.00      0.00      0.00      0.00      0.00      0.00      0.00      0.00
04:21:32 PM      0.00      0.00      0.00      0.00      0.00      0.00      0.00      0.00
04:21:37 PM      0.00      0.00      0.00      0.00      0.00      0.00      0.00      0.00
04:21:42 PM      0.00      0.00      0.00      0.00      0.00      0.00      0.00      0.00
04:21:47 PM      0.00      0.00      0.00      0.00      0.00      0.00      0.00      0.00
04:21:52 PM      0.00      0.00      0.00      0.00      0.00      0.00      0.00      0.00
04:21:57 PM      0.00      0.00      0.00      0.00      0.00      0.00      0.00      0.00
04:22:02 PM      0.00      0.00      0.00      0.00      0.00      0.00      0.00      0.00
04:22:07 PM      0.00      0.00      0.00      0.00      0.00      0.00      0.00      0.00
04:22:12 PM      0.00      0.00      0.00      0.00      0.00      0.00      0.00      0.00
04:22:17 PM      0.00      0.00      0.00      0.00      0.00      0.00      0.00      0.00
04:22:22 PM      0.00      0.00      0.00      0.00      0.00      0.00      0.00      0.00
04:22:27 PM      0.00      0.00      0.00      0.00      0.00      0.00      0.00      0.00
04:22:32 PM      0.00      0.00      0.00      0.00      0.00      0.00      0.00      0.00
04:22:37 PM      0.00      0.00      0.00      0.00      0.00      0.00      0.00      0.00
04:22:42 PM      0.00      0.00      0.00      0.00      0.00      0.00      0.00      0.00
04:22:47 PM      0.00      0.00      0.00      0.00      0.00      0.00      0.00      0.00
04:22:52 PM      0.00      0.00      0.00      0.00      0.00      0.00      0.00      0.00
04:22:57 PM      0.00      0.00      0.00      0.00      0.00      0.00      0.00      0.00
04:23:02 PM      0.00      0.00      0.00      0.00      0.00      0.00      0.00      0.00
04:23:07 PM      0.00      0.00      0.00      0.00      0.00      0.00      0.00      0.00
04:23:12 PM      0.00      0.00      0.00      0.00      0.00      0.00      0.00      0.00
04:23:17 PM      0.00      0.00      0.00      0.00      0.00      0.00      0.00      0.00
04:23:22 PM      0.00      0.00      0.00      0.00      0.00      0.00      0.00      0.00
04:23:27 PM      0.00      0.00      0.00      0.00      0.00      0.00      0.00      0.00
04:23:32 PM      0.00      0.00      0.00      0.00      0.00      0.00      0.00      0.00
04:23:37 PM      0.00      0.00      0.00      0.00      0.00      0.00      0.00      0.00
04:23:42 PM      0.00      0.00      0.00      0.00      0.00      0.00      0.00      0.00
04:23:47 PM      0.00      0.00      0.00      0.00      0.00      0.00      0.00      0.00
04:23:52 PM      0.00      0.00      0.00      0.00      0.00      0.00      0.00      0.00
04:23:57 PM      0.00      0.00      0.00      0.00      0.00      0.00      0.00      0.00
04:24:02 PM      0.00      0.00      0.00      0.00      0.00      0.00      0.00      0.00
04:24:07 PM      0.00      0.00      0.00      0.00      0.00      0.00      0.00      0.00
04:24:12 PM      0.00      0.00      0.00      0.00      0.00      0.00      0.00      0.00
04:24:17 PM      0.00      0.00      0.00      0.00      0.00      0.00      0.00      0.00
04:24:22 PM      0.00      0.00      0.00      0.00      0.00      0.00      0.00      0.00
04:24:27 PM      0.00      0.00      0.00      0.00      0.00      0.00      0.00      0.00
04:24:32 PM      0.00      0.00      0.00      0.00      0.00      0.00      0.00      0.00
04:24:37 PM      0.00      0.00      0.00      0.00      0.00      0.00      0.00      0.00
04:24:42 PM      0.00      0.00      0.00      0.00      0.00      0.00      0.00      0.00
04:24:47 PM      0.00      0.00      0.00      0.00      0.00      0.00      0.00      0.00
04:24:52 PM      0.00      0.00      0.00      0.00      0.00      0.00      0.00      0.00
04:24:57 PM      0.00      0.00      0.00      0.00      0.00      0.00      0.00      0.00
04:25:02 PM      0.00      0.00      0.00      0.00      0.00      0.00      0.00      0.00
04:25:07 PM      0.00      0.00      0.00      0.00      0.00      0.00      0.00      0.00
04:25:12 PM      0.00      0.00      0.00      0.00      0.00      0.00      0.00      0.00
04:25:17 PM      0.00      0.00      0.00      0.00      0.00      0.00      0.00      0.00
04:25:22 PM      0.00      0.00      0.00      0.00      0.00      0.00      0.00      0.00
04:25:27 PM      0.00      0.00      0.00      0.00      0.00      0.00      0.00      0.00
04:25:32 PM      0.00      0.00      0.00      0.00      0.00      0.00      0.00      0.00
04:25:37 PM      0.00      0.00      0.00      0.00      0.00      0.00      0.00      0.00
04:25:42 PM      0.00      0.00      0.00      0.00      0.00      0.00      0.00      0.00
04:25:47 PM      0.00      0.00      0.00      0.00      0.00      0.00      0.00      0.00
04:25:52 PM      0.00      0.00      0.00      0.00      0.00      0.00      0.00      0.00
04:25:57 PM      0.00      0.00      0.00      0.00      0.00      0.00      0.00      0.00
04:26:02 PM      0.00      0.00      0.00      0.00      0.00      0.00      0.00      0.00
04:26:07 PM      0.00      0.00      0.00      0.00      0.00      0.00      0.00      0.00
04:26:12 PM      0.00      0.00      0.00      0.00      0.00      0.00      0.00      0.00
04:26:17 PM      0.00      0.00      0.00      0.00      0.00      0.00      0.00      0.00
04:26:22 PM      0.00      0.00      0.00      0.00      0.00      0.00      0.00      0.00
04:26:27 PM      0.00      0.00      0.00      0.00      0.00      0.00      0.00      0.00
04:26:32 PM      0.00      0.00      0.00      0.00      0.00      0.00      0.00      0.00
04:26:37 PM      0.00      0.00      0.00      0.00      0.00      0.00      0.00      0.00
04:26:42 PM      0.00      0.00      0.00      0.00      0.00      0.00      0.00      0.00
04:26:47 PM      0.00      0.00      0.00      0.00      0.00      0.00      0.00      0.00
04:26:52 PM      0.00      0.00      0.00      0.00      0.00      0.00      0.00      0.00
04:26:57 PM      0.00      0.00      0.00      0.00      0.00      0.00      0.00      0.00
04:27:02 PM      0.00      0.00      0.00      0.00      0.00      0.00      0.00      0.00
04:27:07 PM      0.00      0.00      0.00      0.00      0.00      0.00      0.00      0.00
04:27:12 PM      0.00      0.00      0.00      0.00      0.00      0.00      0.00      0.00
04:27:17 PM      0.00      0.00      0.00      0.00      0.00      0.00      0.00      0.00
04:27:22 PM      0.00      0.00      0.00      0.00      0.00      0.00      0.00      0.00
04:27:27 PM      0.00      0.00      0.00      0.00      0.00      0.00      0.00      0.00
04:27:32 PM      0.00      0.00      0.00      0.00      0.00      0.00      0.00      0.00
04:27:37 PM      0.00      0.00      0.00      0.00      0.00      0.00      0.00      0.00
04:27:42 PM      0.00      0.00      0.00      0.00      0.00      0.00      0.00      0.00
04:27:47 PM      0.00      0.00      0.00      0.00      0.00      0.00      0.00      0.00
04:27:52 PM      0.00      0.00      0.00      0.00      0.00      0.00      0.00      0.00
04:27:57 PM      0.00      0.00      0.00      0.00      0.00      0.00      0.00      0.00
04:28:02 PM      0.00      0.00      0.00      0.00      0.00      0.00      0.00      0.00
04:28:07 PM      0.00      0.00      0.00      0.00      0.00      0.00      0.00      0.00
04:28:12 PM      0.00      0.00      0.00      0.00      0.00      0.00      0.00      0.00
04:28:17 PM      0.00      0.00      0.00      0.00      0.00      0.00      0.00      0.00
04:28:22 PM      0.00      0.00      0.00      0.00      0.00      0.00      0.00      0.00
04:28:27 PM      0.00      0.00      0.00      0.00      0.00      0.00      0.00      0.00
04:28:32 PM      0.00      0.00      0.00      0.00      0.00      0.00      0.00      0.00
04:28:37 PM      0.00      0.00      0.00      0.00      0.00      0.00      0.00      0.00
04:28:42 PM      0.00      0.00      0.00      0.00      0.00      0.00      0.00      0.00
04:28:47 PM      0.00      0.00      0.00      0.00      0.00      0.00      0.00      0.00
04:28:52 PM      0.00      0.00      0.00      0.00      0.00      0.00      0.00      0.00
04:28:57 PM      0.00      0.00      0.00      0.00      0.00      0.00      0.00      0.00
04:29:02 PM      0.00      0.00      0.00      0.00      0.00      0.00      0.00      0.00
04:29:07 PM      0.00      0.00      0.00      0.00      0.00      0.00      0.00      0.00
04:29:12 PM      0.00      0.00      0.00      0.00      0.00      0.00      0.00      0.00
04:29:17 PM      0.00      0.00      0.00      0.00      0.00      0.00      0.00      0.00
04:29:22 PM      0.00      0.00      0.00      0.00      0.00      0.00      0.00      0.00
04:29:27 PM      0.00      0.00      0.00      0.00      0.00      0.00      0.00      0.00
04:29:32 PM      0.00      0.00      0.00      0.00      0.00      0.00      0.00      0.00
04:29:37 PM      0.00      0.00      0.00      0.00      0.00      0.00      0.00      0.00
04:29:42 PM      0.00      0.00      0.00      0.00      0.00      0.00      0.00      0.00
04:29:47 PM      0.00      0.00      0.00      0.00      0.00      0.00      0.00      0.00
04:29:52 PM      0.00      0.00      0.00      0.00      0.00      0.00      0.00      0.00
04:29:57 PM      0.00      0.00      0.00      0.00      0.00      0.00      0.00      0.00
04:30:02 PM      0.00      0.00      0.00      0.00      0.00      0.00      0.00      0.00
04:30:07 PM      0.00      0.00      0.00      0.00      0.00      0.00      0.00      0.00
04:30:12 PM      0.00      0.00      0.00      0.00      0.00      0.00      0.00      0.00
04:30:17 PM      0.00      0.00      0.00      0.00      0.00      0.00      0.00      0.00
04:30:22 PM      0.00      0.00      0.00      0.00      0.00      0.00      0.00      0.00
04:30:27 PM      0.00      0.00      0.00      0.00      0.00      0.00      0.00      0.00
04:30:32 PM      0.00      0.00      0.00      0.00      0.00      0.00      0.00      0.00
04:30:37 PM      0.00      0.00      0.00      0.00      0.00      0.00      0.00      0.00
04:30:42 PM      0.00      0.00      0.00      0.00      0.00      0.00      0.00      0.00
04:30:47 PM      0.00      0.00      0.00      0.00      0.00      0.00      0.00      0.00
04:30:52 PM      0.00      0.00      0.00      0.00      0.00      0.00      0.00      0.00
04:30:57 PM      0.00      0.00      0.00      0.00      0.00      0.00      0.00      0.00
04:31:02 PM      0.00      0.00      0.00      0.00      0.00      0.00      0.00      0.00
04:31:07 PM      0.00      0.00      0.00      0.00      0.00      0.00      0.00      0.00
04:31:12 PM      0.00      0.00      0.00      0.00      0.00      0.00      0.00      0.00
04:31:17 PM      0.00      0.00      0.00      0.00      0.00      0.00      0.00      0.00
04:31:22 PM      0.00      0.00      0.00      0.00      0.00      0.00      0.00      0.00
04:31:27 PM      0.00      0.00      0.00      0.00      0.00      0.00      0.00      0.00
04:31:32 PM      0.00      0.00      0.00      0.00      0.00      0.00      0.00      0.00
04:31:37 PM      0.00      0.00      0.00      0.00      0.00      0.00      0.00      0.00
04:31:42 PM      0.00      0.00      0.00      0.00      0.00      0.00      0.00      0.00
04:31:47 PM      0.00      0.00      0.00      0.00      0.00      0.00      0.00      0.00
04:31:52 PM      0.00      0.00      0.00      0.00      0.00      0.00      0.00      0.00
04:31:57 PM      0.00      0.00      0.00      0.00      0.00      0.00      0.00      0.00
04:32:02 PM      0.00      0.00      0.00      0.00      0.00      0.00      0.00      0.00
04:32:07 PM      0.00      0.00      0.00      0.00      0.00      0.00      0.00      0.00
04:32:12 PM      0.00      0.00      0.00      0.00      0.00      0.00      0.00      0.00
04:32:17 PM      0.00      0.00      0.00      0.00      0.00      0.00      0.00      0.00
04:32:22 PM      0.00      0.00      0.00      0.00      0.00      0.00      0.00      0.00
04:32:27 PM      0.00      0.00      0.00      0.00      0.00      0.00      0.00      0.00
04:32:32 PM      0.00      0.00      0.00      0.00      0.00      0.00      0.00      0.00
04:32:37 PM      0.00      0.00      0.00      0.00      0.00      0.00      0.00      0.00
04:32:42 PM      0.00      0.00      0.00      0.00      0.00      0.00      0.00      0.00
04:32:47 PM      0.00      0.00      0.00      0.00      0.00      0.00      0.00      0.00
04:32:52 PM      0.00      0.00      0.00      0.00      0.00      0.00      0.00      0.00
04:32:57 PM      0.00      0.00      0.00      0.00      0.00      0.00      0.00      0.00
04:33:02 PM      0.00      0.00      0.00      0.00      0.00      0.00      0.00      0.00
04:33:07 PM      0.44      0.09      0.02      1.40      0.44      0.09      0.02      1.39
04:33:12 PM      0.29      0.08      0.01      0.00      0.29      0.08      0.01      0.00
04:33:17 PM      0.16      0.07      0.01      0.00      0.16      0.07      0.01      0.00
04:33:22 PM      0.10      0.07      0.01      0.00      0.10      0.07      0.01      0.00
04:33:27 PM      0.05      0.06      0.01      0.00      0.05      0.06      0.01      0.00
04:33:32 PM      0.03      0.06      0.01      0.00      0.03      0.06      0.01      0.00
04:33:37 PM      0.02      0.05      0.01      0.00      0.02      0.05      0.01      0.00
04:33:42 PM      0.01      0.05      0.01      0.00      0.01      0.05      0.01      0.00
04:33:47 PM      0.00      0.04      0.01      0.00      0.00      0.04      0.01      0.00
04:33:52 PM      0.00      0.04      0.00      0.00      0.00      0.04      0.00      0.00
04:33:57 PM      0.00      0.03      0.00      0.00      0.00      0.03      0.00      0.00
04:34:02 PM      0.00      0.03      0.00      0.00      0.00      0.03      0.00      0.00
04:34:07 PM      0.14      0.06      0.01      0.43      0.14      0.06      0.01      0.43
04:34:12 PM      0.09      0.05      0.01      0.00      0.09      0.05      0.01      0.00
04:34:17 PM      0.05      0.05      0.01      0.00      0.05      0.05      0.01      0.00
04:34:22 PM      0.03      0.04      0.00      0.00      0.03      0.04      0.00      0.00
04:34:27 PM      0.01      0.04      0.00      0.00      0.01      0.04      0.00      0.00
04:34:32 PM      0.01      0.03      0.00      0.00      0.01      0.03      0.00      0.00
04:34:37 PM      1.62      0.35      0.07      4.28      1.62      0.35      0.07      4.27
04:34:42 PM      1.08      0.33      0.07      0.00      1.08      0.33      0.07      0.00
04:34:47 PM      0.59      0.30      0.07      0.00      0.59      0.30      0.07      0.00
04:34:52 PM      0.39      0.28      0.06      0.00      0.39      0.28      0.06      0.00
04:34:57 PM      0.21      0.25      0.06      0.00      0.21      0.25      0.06      0.00
04:35:02 PM      0.14      0.23      0.06      0.00      0.14      0.23      0.06      0.00
04:35:07 PM      0.37      0.27      0.07      0.84      0.37      0.27      0.07      0.84
04:35:12 PM      0.25      0.25      0.07      0.00      0.25      0.25      0.07      0.00
04:35:17 PM      0.13      0.23      0.07      0.00      0.13      0.23      0.07      0.00
04:35:22 PM      0.09      0.21      0.07      0.00      0.09      0.21      0.07      0.00
04:35:27 PM      0.04      0.19      0.07      0.00      0.04      0.19      0.07      0.00
04:35:32 PM      0.03      0.18      0.06      0.00      0.03      0.18      0.06      0.00
04:35:37 PM      0.31      0.22      0.08      1.04      0.31      0.22      0.08      1.04
04:35:42 PM      0.21      0.21      0.07      0.00      0.21      0.21      0.07      0.00
04:35:47 PM      0.11      0.19      0.07      0.00      0.11      0.19      0.07      0.00
04:35:52 PM      0.07      0.18      0.07      0.00      0.07      0.18      0.07      0.00
04:35:57 PM      0.04      0.16      0.07      0.00      0.04      0.16      0.07      0.00
04:36:02 PM      0.02      0.15      0.07      0.00      0.02      0.15      0.07      0.00
04:36:07 PM      0.31      0.20      0.08      0.86      0.31      0.20      0.08      0.86
04:36:12 PM      0.20      0.18      0.08      0.19      0.20      0.18      0.08      0.19
04:36:17 PM      0.11      0.16      0.07      0.03      0.11      0.16      0.07      0.03
04:36:22 PM      0.07      0.15      0.07      0.00      0.07      0.15      0.07      0.00
04:36:27 PM      0.04      0.14      0.07      0.00      0.04      0.14      0.07      0.00
04:36:32 PM      0.02      0.13      0.07      0.00      0.02      0.13      0.07      0.00
04:36:37 PM      1.03      0.31      0.11      2.90      1.03      0.31      0.11      2.90
04:36:42 PM      0.69      0.29      0.10      0.00      0.69      0.29      0.10      0.00
04:36:47 PM      0.38      0.26      0.10      0.00      0.38      0.26      0.10      0.00
04:36:52 PM      0.25      0.24      0.10      0.00      0.25      0.24      0.10      0.00
04:36:57 PM      0.13      0.22      0.10      0.00      0.13      0.22      0.10      0.00
04:37:02 PM      0.09      0.20      0.09      0.00      0.09      0.20      0.09      0.00
04:37:07 PM      0.34      0.25      0.11      1.08      0.34      0.25      0.11      1.08
04:37:12 PM      0.23      0.23      0.10      0.00      0.23      0.23      0.10      0.00
04:37:17 PM      0.12      0.21      0.10      0.00      0.12      0.21      0.10      0.00
04:37:22 PM      0.08      0.19      0.10      0.00      0.08      0.19      0.10      0.00
04:37:27 PM      0.04      0.17      0.10      0.00      0.04      0.17      0.10      0.00
04:37:32 PM      0.03      0.16      0.09      0.00      0.03      0.16      0.09      0.00
04:37:37 PM      0.16      0.18      0.10      0.79      0.16      0.18      0.10      0.79
04:37:42 PM      0.10      0.17      0.10      0.00      0.10      0.17      0.10      0.00
04:37:47 PM      0.05      0.15      0.09      0.00      0.05      0.15      0.09      0.00
04:37:52 PM      0.03      0.14      0.09      0.00      0.03      0.14      0.09      0.00
04:37:57 PM      0.02      0.12      0.09      0.00      0.02      0.12      0.09      0.00
04:38:02 PM      0.01      0.12      0.09      0.00      0.01      0.12      0.09      0.00
04:38:07 PM      0.33      0.17      0.10      1.01      0.33      0.17      0.10      1.01
04:38:12 PM      0.22      0.16      0.10      0.00      0.22      0.16      0.10      0.00
04:38:17 PM      0.12      0.14      0.09      0.00      0.12      0.14      0.09      0.00
04:38:22 PM      0.08      0.13      0.09      0.00      0.08      0.13      0.09      0.00
04:38:27 PM      0.04      0.12      0.09      0.00      0.04      0.12      0.09      0.00
04:38:32 PM      0.02      0.11      0.09      0.00      0.02      0.11      0.09      0.00
04:38:37 PM      2.18      0.49      0.17      5.04      2.18      0.49      0.17      5.03
04:38:42 PM      1.46      0.46      0.16      0.00      1.46      0.46      0.16      0.00
04:38:47 PM      0.80      0.41      0.16      0.00      0.80      0.41      0.16      0.00
04:38:52 PM      0.53      0.39      0.16      0.00      0.53      0.39      0.16      0.00
04:38:57 PM      0.29      0.35      0.15      0.00      0.29      0.35      0.15      0.00
04:39:02 PM      0.19      0.32      0.15      0.00      0.19      0.32      0.15      0.00
04:39:07 PM      0.10      0.29      0.14      0.13      0.10      0.29      0.14      0.13
04:39:12 PM      0.07      0.27      0.14      0.00      0.07      0.27      0.14      0.00
04:39:17 PM      0.03      0.25      0.14      0.00      0.03      0.25      0.14      0.00
04:39:22 PM      0.02      0.23      0.13      0.00      0.02      0.23      0.13      0.00
04:39:27 PM      0.01      0.21      0.13      0.00      0.01      0.21      0.13      0.00
04:39:32 PM      0.00      0.19      0.13      0.00      0.00      0.19      0.13      0.00
04:39:37 PM      0.91      0.34      0.16      2.10      0.91      0.34      0.16      2.10
04:39:42 PM      0.61      0.31      0.16      0.00      0.61      0.31      0.16      0.00
04:39:47 PM      0.33      0.28      0.15      0.00      0.33      0.28      0.15      0.00
04:39:52 PM      0.22      0.26      0.15      0.00      0.22      0.26      0.15      0.00
04:39:57 PM      0.12      0.24      0.15      0.00      0.12      0.24      0.15      0.00
04:40:02 PM      0.08      0.22      0.14      0.00      0.08      0.22      0.14      0.00
04:40:07 PM      0.95      0.36      0.17      2.05      0.95      0.36      0.17      2.05
04:40:12 PM      0.63      0.34      0.17      0.00      0.63      0.34      0.17      0.00
04:40:17 PM      0.34      0.31      0.17      0.00      0.34      0.31      0.17      0.00
04:40:22 PM      0.23      0.29      0.16      0.00      0.23      0.29      0.16      0.00
04:40:27 PM      0.12      0.26      0.16      0.00      0.12      0.26      0.16      0.00
04:40:32 PM      0.08      0.24      0.16      0.00      0.08      0.24      0.16      0.00
04:40:37 PM      0.04      0.22      0.15      0.31      0.04      0.22      0.15      0.31
04:40:42 PM      0.03      0.20      0.15      0.00      0.03      0.20      0.15      0.00
04:40:47 PM      0.01      0.18      0.14      0.00      0.01      0.18      0.14      0.00
04:40:52 PM      0.01      0.17      0.14      0.00      0.01      0.17      0.14      0.00
04:40:57 PM      0.00      0.15      0.14      0.00      0.00      0.15      0.14      0.00
04:41:02 PM      0.00      0.14      0.14      0.00      0.00      0.14      0.14      0.00
04:41:07 PM      0.72      0.26      0.16      1.97      0.72      0.26      0.16      1.97
04:41:12 PM      0.48      0.24      0.16      0.00      0.48      0.24      0.16      0.00
04:41:17 PM      0.26      0.22      0.15      0.00      0.26      0.22      0.15      0.00
04:41:22 PM      0.17      0.20      0.15      0.00      0.17      0.20      0.15      0.00
04:41:27 PM      0.09      0.18      0.15      0.00      0.09      0.18      0.15      0.00
04:41:32 PM      0.06      0.17      0.14      0.00      0.06      0.17      0.14      0.00
04:41:37 PM      0.76      0.28      0.17      1.75      0.76      0.28      0.17      1.75
04:41:42 PM      0.50      0.26      0.16      0.00      0.50      0.26      0.16      0.00
04:41:47 PM      0.27      0.24      0.16      0.00      0.27      0.24      0.16      0.00
04:41:52 PM      0.18      0.22      0.16      0.00      0.18      0.22      0.16      0.00
04:41:57 PM      0.10      0.20      0.15      0.00      0.10      0.20      0.15      0.00
04:42:02 PM      0.06      0.19      0.15      0.00      0.06      0.19      0.15      0.00
04:42:07 PM      0.03      0.17      0.14      0.01      0.03      0.17      0.14      0.01
04:42:12 PM      0.02      0.16      0.14      0.00      0.02      0.16      0.14      0.00
04:42:17 PM      0.01      0.14      0.14      0.00      0.01      0.14      0.14      0.00
04:42:22 PM      0.00      0.13      0.14      0.00      0.00      0.13      0.14      0.00
04:42:27 PM      0.00      0.12      0.13      0.00      0.00      0.12      0.13      0.00
04:42:32 PM      0.00      0.11      0.13      0.00      0.00      0.11      0.13      0.00
04:42:37 PM      1.26      0.33      0.18      3.07      1.26      0.33      0.18      3.07
04:42:42 PM      0.85      0.30      0.17      0.00      0.85      0.30      0.17      0.00
04:42:47 PM      0.46      0.27      0.17      0.00      0.46      0.27      0.17      0.00
04:42:52 PM      0.31      0.26      0.17      0.00      0.31      0.26      0.17      0.00
04:42:57 PM      0.17      0.23      0.16      0.00      0.17      0.23      0.16      0.00
04:43:02 PM      0.11      0.21      0.16      0.00      0.11      0.21      0.16      0.00
04:43:07 PM      0.60      0.29      0.17      1.21      0.60      0.29      0.17      1.21
04:43:12 PM      0.40      0.27      0.17      0.00      0.40      0.27      0.17      0.00
04:43:17 PM      0.22      0.25      0.17      0.00      0.22      0.25      0.17      0.00
04:43:22 PM      0.14      0.23      0.16      0.00      0.14      0.23      0.16      0.00
04:43:27 PM      0.08      0.21      0.16      0.00      0.08      0.21      0.16      0.00
04:43:32 PM      0.05      0.19      0.16      0.00      0.05      0.19      0.16      0.00
04:43:37 PM      0.02      0.17      0.15      0.10      0.02      0.17      0.15      0.10
04:43:42 PM      0.01      0.16      0.15      0.00      0.01      0.16      0.15      0.00
04:43:47 PM      0.00      0.14      0.15      0.11      0.00      0.14      0.15      0.11
04:43:52 PM      0.00      0.13      0.14      0.00      0.00      0.13      0.14      0.00
04:43:57 PM      0.00      0.12      0.14      0.00      0.00      0.12      0.14      0.00
04:44:02 PM      0.00      0.11      0.14      0.00      0.00      0.11      0.14      0.00
04:44:07 PM      0.90      0.26      0.17      2.10      0.90      0.26      0.17      2.10
04:44:12 PM      0.60      0.25      0.16      0.00      0.60      0.25      0.16      0.00
04:44:17 PM      0.33      0.22      0.16      0.00      0.33      0.22      0.16      0.00
04:44:22 PM      0.22      0.21      0.16      0.00      0.22      0.21      0.16      0.00
04:44:27 PM      0.12      0.19      0.15      0.00      0.12      0.19      0.15      0.00
04:44:32 PM      0.08      0.17      0.15      0.00      0.08      0.17      0.15      0.00
04:44:37 PM      0.76      0.29      0.17      1.92      0.76      0.29      0.17      1.92
04:44:42 PM      0.51      0.27      0.17      0.00      0.51      0.27      0.17      0.00
04:44:47 PM      0.28      0.24      0.17      0.00      0.28      0.24      0.17      0.00
04:44:52 PM      0.18      0.22      0.16      0.00      0.18      0.22      0.16      0.00
04:44:57 PM      0.10      0.20      0.16      0.00      0.10      0.20      0.16      0.00
04:45:02 PM      0.06      0.19      0.16      0.00      0.06      0.19      0.16      0.00
04:45:07 PM      0.03      0.17      0.15      0.05      0.03      0.17      0.15      0.05
04:45:12 PM      0.02      0.16      0.15      0.00      0.02      0.16      0.15      0.00
04:45:17 PM      0.01      0.14      0.14      0.00      0.01      0.14      0.14      0.00
04:45:22 PM      0.00      0.13      0.14      0.00      0.00      0.13      0.14      0.00
04:45:27 PM      0.00      0.12      0.14      0.00      0.00      0.12      0.14      0.00
04:45:32 PM      0.00      0.11      0.13      0.00      0.00      0.11      0.13      0.00
04:45:37 PM      0.72      0.23      0.16      1.77      0.72      0.23      0.16      1.77
04:45:42 PM      0.48      0.21      0.16      0.00      0.48      0.21      0.16      0.00
04:45:47 PM      0.26      0.19      0.15      0.00      0.26      0.19      0.15      0.00
04:45:52 PM      0.17      0.18      0.15      0.00      0.17      0.18      0.15      0.00
04:45:57 PM      0.09      0.16      0.14      0.00      0.09      0.16      0.14      0.00
04:46:02 PM      0.06      0.15      0.14      0.00      0.06      0.15      0.14      0.00
04:46:07 PM      0.03      0.13      0.14      0.01      0.03      0.13      0.14      0.01
04:46:12 PM      0.02      0.12      0.14      0.00      0.02      0.12      0.14      0.00
04:46:17 PM      0.01      0.11      0.13      0.00      0.01      0.11      0.13      0.00
04:46:22 PM      0.00      0.10      0.13      0.00      0.00      0.10      0.13      0.00
04:46:27 PM      0.00      0.09      0.13      0.00      0.00      0.09      0.13      0.00
04:46:32 PM      0.00      0.09      0.13      0.00      0.00      0.09      0.13      0.00
04:46:37 PM      0.18      0.11      0.13      0.45      0.18      0.11      0.13      0.45
04:46:42 PM      0.12      0.10      0.13      0.00      0.12      0.10      0.13      0.00
04:46:47 PM      0.06      0.09      0.13      0.00      0.06      0.09      0.13      0.00
04:46:52 PM      0.04      0.08      0.12      0.00      0.04      0.08      0.12      0.00
04:46:57 PM      0.02      0.08      0.12      0.00      0.02      0.08      0.12      0.00
04:47:02 PM      0.01      0.07      0.12      0.00      0.01      0.07      0.12      0.00
04:47:07 PM      1.27      0.29      0.16      2.86      1.27      0.29      0.16      2.86
04:47:12 PM      0.85      0.27      0.16      0.00      0.85      0.27      0.16      0.00
04:47:17 PM      0.46      0.25      0.16      0.00      0.46      0.25      0.16      0.00
04:47:22 PM      0.31      0.23      0.15      0.00      0.31      0.23      0.15      0.00
04:47:27 PM      0.17      0.21      0.15      0.00      0.17      0.21      0.15      0.00
04:47:32 PM      0.11      0.19      0.15      0.00      0.11      0.19      0.15      0.00
04:47:37 PM      0.42      0.24      0.16      1.11      0.42      0.24      0.16      1.11
04:47:42 PM      0.28      0.22      0.15      0.00      0.28      0.22      0.15      0.00
04:47:47 PM      0.15      0.20      0.15      0.00      0.15      0.20      0.15      0.00
04:47:52 PM      0.10      0.19      0.15      0.00      0.10      0.19      0.15      0.00
04:47:57 PM      0.05      0.17      0.14      0.00      0.05      0.17      0.14      0.00
04:48:02 PM      0.03      0.16      0.14      0.00      0.03      0.16      0.14      0.00
04:48:07 PM      0.56      0.24      0.16      1.32      0.56      0.24      0.16      1.32
04:48:12 PM      0.37      0.22      0.15      0.00      0.37      0.22      0.15      0.00
04:48:17 PM      0.20      0.20      0.15      0.00      0.20      0.20      0.15      0.00
04:48:22 PM      0.13      0.19      0.15      0.00      0.13      0.19      0.15      0.00
04:48:27 PM      0.07      0.17      0.14      0.00      0.07      0.17      0.14      0.00
04:48:32 PM      0.05      0.16      0.14      0.00      0.05      0.16      0.14      0.00
04:48:37 PM      0.57      0.24      0.16      2.80      0.57      0.24      0.16      2.80
04:48:42 PM      1.12      0.38      0.19      0.79      1.12      0.38      0.19      0.79
04:48:47 PM      0.61      0.34      0.18      0.00      0.61      0.34      0.18      0.00
04:48:52 PM      0.41      0.32      0.18      0.00      0.41      0.32      0.18      0.00
04:48:57 PM      0.22      0.29      0.18      0.00      0.22      0.29      0.18      0.00
04:49:02 PM      0.15      0.27      0.17      0.00      0.15      0.27      0.17      0.00
04:49:07 PM      0.26      0.28      0.18      0.78      0.26      0.28      0.18      0.78
04:49:12 PM      0.17      0.26      0.17      0.00      0.17      0.26      0.17      0.00
04:49:17 PM      0.09      0.23      0.17      0.00      0.09      0.23      0.17      0.00
04:49:22 PM      0.06      0.22      0.17      0.00      0.06      0.22      0.17      0.00
04:49:27 PM      0.03      0.19      0.16      0.00      0.03      0.19      0.16      0.00
04:49:32 PM      0.02      0.18      0.16      0.00      0.02      0.18      0.16      0.00
04:49:37 PM      0.01      0.16      0.15      0.00      0.01      0.16      0.15      0.00
04:49:42 PM      0.00      0.15      0.15      0.00      0.00      0.15      0.15      0.00
04:49:47 PM      0.00      0.14      0.15      0.00      0.00      0.14      0.15      0.00
04:49:52 PM      0.00      0.13      0.14      0.00      0.00      0.13      0.14      0.00
04:49:57 PM      0.00      0.11      0.14      0.00      0.00      0.11      0.14      0.00
04:50:02 PM      0.00      0.10      0.14      0.00      0.00      0.10      0.14      0.00
04:50:07 PM      0.18      0.13      0.14      1.66      0.18      0.13      0.14      1.66
04:50:12 PM      0.41      0.18      0.15      0.05      0.41      0.18      0.15      0.05
04:50:17 PM      0.22      0.16      0.15      0.00      0.22      0.16      0.15      0.00
04:50:22 PM      0.15      0.15      0.14      0.00      0.15      0.15      0.14      0.00
04:50:27 PM      0.08      0.14      0.14      0.00      0.08      0.14      0.14      0.00
04:50:32 PM      0.05      0.13      0.14      0.00      0.05      0.13      0.14      0.00
04:50:37 PM      0.03      0.11      0.13      0.98      0.03      0.11      0.13      0.98
04:50:42 PM      0.61      0.23      0.16      1.09      0.61      0.23      0.16      1.09
04:50:47 PM      0.33      0.21      0.16      0.00      0.33      0.21      0.16      0.00
04:50:52 PM      0.22      0.20      0.15      0.00      0.22      0.20      0.15      0.00
04:50:57 PM      0.12      0.18      0.15      0.00      0.12      0.18      0.15      0.00
04:51:02 PM      0.08      0.16      0.15      0.00      0.08      0.16      0.15      0.00
04:51:07 PM      0.04      0.15      0.14      0.17      0.04      0.15      0.14      0.17
04:51:12 PM      0.17      0.17      0.15      0.23      0.17      0.17      0.15      0.23
04:51:17 PM      0.09      0.15      0.14      0.00      0.09      0.15      0.14      0.00
04:51:22 PM      0.06      0.14      0.14      0.00      0.06      0.14      0.14      0.00
04:51:27 PM      0.03      0.13      0.13      0.00      0.03      0.13      0.13      0.00
04:51:32 PM      0.02      0.12      0.13      0.00      0.02      0.12      0.13      0.00
04:51:37 PM      0.01      0.11      0.13      0.13      0.01      0.11      0.13      0.13
04:51:42 PM      0.30      0.16      0.14      0.87      0.30      0.16      0.14      0.87
04:51:47 PM      0.16      0.14      0.14      0.00      0.16      0.14      0.14      0.00
04:51:52 PM      0.11      0.13      0.14      0.00      0.11      0.13      0.14      0.00
04:51:57 PM      0.06      0.12      0.13      0.00      0.06      0.12      0.13      0.00
04:52:02 PM      0.04      0.11      0.13      0.00      0.04      0.11      0.13      0.00
04:52:07 PM      0.02      0.10      0.13      0.00      0.02      0.10      0.13      0.00
04:52:12 PM      0.60      0.22      0.15      1.95      0.60      0.22      0.15      1.95
04:52:17 PM      0.33      0.20      0.15      0.00      0.33      0.20      0.15      0.00
04:52:22 PM      0.22      0.18      0.15      0.00      0.22      0.18      0.15      0.00
04:52:27 PM      0.12      0.16      0.14      0.00      0.12      0.16      0.14      0.00
04:52:32 PM      0.08      0.15      0.14      0.00      0.08      0.15      0.14      0.00
04:52:37 PM      0.04      0.14      0.13      0.00      0.04      0.14      0.13      0.00
04:52:42 PM      0.02      0.13      0.13      0.01      0.02      0.13      0.13      0.01
04:52:47 PM      0.01      0.12      0.13      0.00      0.01      0.12      0.13      0.00
04:52:52 PM      0.00      0.11      0.13      0.00      0.00      0.11      0.13      0.00
04:52:57 PM      0.00      0.10      0.12      0.00      0.00      0.10      0.12      0.00
04:53:02 PM      0.00      0.09      0.12      0.00      0.00      0.09      0.12      0.00
04:53:07 PM      0.00      0.08      0.12      0.05      0.00      0.08      0.12      0.05
04:53:12 PM      0.44      0.17      0.14      1.31      0.44      0.17      0.14      1.31
04:53:17 PM      0.24      0.15      0.14      0.00      0.24      0.15      0.14      0.00
04:53:22 PM      0.16      0.14      0.13      0.14      0.16      0.14      0.13      0.14
04:53:27 PM      0.08      0.13      0.13      0.00      0.08      0.13      0.13      0.00
04:53:32 PM      0.05      0.12      0.13      0.00      0.05      0.12      0.13      0.00
04:53:37 PM      0.03      0.10      0.13      0.00      0.03      0.10      0.13      0.00
04:53:42 PM      0.31      0.16      0.14      0.87      0.31      0.16      0.14      0.87
04:53:47 PM      0.17      0.14      0.13      0.00      0.17      0.14      0.13      0.00
04:53:52 PM      0.11      0.13      0.13      0.00      0.11      0.13      0.13      0.00
04:53:57 PM      0.06      0.12      0.13      0.00      0.06      0.12      0.13      0.00
04:54:02 PM      0.04      0.11      0.13      0.00      0.04      0.11      0.13      0.00
04:54:07 PM      0.02      0.10      0.12      0.00      0.02      0.10      0.12      0.00
04:54:12 PM      0.16      0.12      0.13      0.54      0.16      0.12      0.13      0.54
04:54:17 PM      0.08      0.11      0.13      0.00      0.08      0.11      0.13      0.00
04:54:22 PM      0.05      0.10      0.12      0.05      0.05      0.10      0.12      0.05
04:54:27 PM      0.03      0.09      0.12      0.00      0.03      0.09      0.12      0.00
04:54:32 PM      0.02      0.09      0.12      0.00      0.02      0.09      0.12      0.00
04:54:37 PM      0.01      0.08      0.12      0.00      0.01      0.08      0.12      0.00
04:54:42 PM      0.00      0.07      0.12      0.13      0.00      0.07      0.12      0.13
04:54:47 PM      0.00      0.06      0.11      0.00      0.00      0.06      0.11      0.00
04:54:52 PM      0.00      0.06      0.11      0.00      0.00      0.06      0.11      0.00
04:54:57 PM      0.00      0.05      0.11      0.00      0.00      0.05      0.11      0.00
04:55:02 PM      0.00      0.05      0.11      0.00      0.00      0.05      0.11      0.00
04:55:07 PM      0.00      0.04      0.10      0.00      0.00      0.04      0.10      0.00
04:55:12 PM      0.59      0.16      0.13      1.71      0.59      0.16      0.13      1.71
04:55:17 PM      0.32      0.15      0.13      0.00      0.32      0.15      0.13      0.00
04:55:22 PM      0.21      0.14      0.12      0.00      0.21      0.14      0.12      0.00
04:55:27 PM      0.11      0.12      0.12      0.00      0.11      0.12      0.12      0.00
04:55:32 PM      0.07      0.12      0.12      0.00      0.07      0.12      0.12      0.00
04:55:37 PM      0.04      0.10      0.12      0.00      0.04      0.10      0.12      0.00
04:55:42 PM      0.47      0.19      0.13      1.52      0.47      0.19      0.13      1.52
04:55:47 PM      0.25      0.17      0.13      0.00      0.25      0.17      0.13      0.00
04:55:52 PM      0.17      0.16      0.13      0.00      0.17      0.16      0.13      0.00
04:55:57 PM      0.09      0.14      0.13      0.00      0.09      0.14      0.13      0.00
04:56:02 PM      0.06      0.13      0.12      0.00      0.06      0.13      0.12      0.00
04:56:07 PM      0.03      0.12      0.12      0.00      0.03      0.12      0.12      0.00
04:56:12 PM      0.46      0.21      0.14      1.26      0.46      0.21      0.14      1.26
04:56:17 PM      0.25      0.19      0.14      0.00      0.25      0.19      0.14      0.00
04:56:22 PM      0.17      0.17      0.13      0.00      0.17      0.17      0.13      0.00
04:56:27 PM      0.09      0.16      0.13      0.00      0.09      0.16      0.13      0.00
04:56:32 PM      0.06      0.14      0.13      0.00      0.06      0.14      0.13      0.00
04:56:37 PM      0.03      0.13      0.13      0.00      0.03      0.13      0.13      0.00
04:56:42 PM      1.20      0.37      0.18      3.51      1.20      0.37      0.18      3.51
04:56:47 PM      0.66      0.34      0.18      0.00      0.66      0.34      0.18      0.00
04:56:52 PM      0.44      0.31      0.17      0.00      0.44      0.31      0.17      0.00
04:56:57 PM      0.24      0.28      0.17      0.00      0.24      0.28      0.17      0.00
04:57:02 PM      0.16      0.26      0.16      0.00      0.16      0.26      0.16      0.00
04:57:07 PM      0.08      0.24      0.16      0.00      0.08      0.24      0.16      0.00
04:57:12 PM      0.80      0.38      0.19      2.10      0.80      0.38      0.19      2.10
04:57:17 PM      0.43      0.34      0.19      0.00      0.43      0.34      0.19      0.00
04:57:22 PM      0.29      0.32      0.18      0.00      0.29      0.32      0.18      0.00
04:57:27 PM      0.16      0.29      0.18      0.00      0.16      0.29      0.18      0.00
04:57:32 PM      0.10      0.27      0.18      0.00      0.10      0.27      0.18      0.00
04:57:37 PM      0.07      0.25      0.17      0.00      0.07      0.25      0.17      0.00
04:57:42 PM      0.03      0.23      0.17      0.03      0.03      0.23      0.17      0.03
04:57:47 PM      0.02      0.21      0.17      0.00      0.02      0.21      0.17      0.00
04:57:52 PM      0.01      0.19      0.16      0.00      0.01      0.19      0.16      0.00
04:57:57 PM      0.00      0.18      0.16      0.00      0.00      0.18      0.16      0.00
04:58:02 PM      0.00      0.16      0.16      0.00      0.00      0.16      0.16      0.00
04:58:07 PM      0.00      0.15      0.15      0.00      0.00      0.15      0.15      0.00
04:58:12 PM      0.74      0.29      0.18      2.14      0.74      0.29      0.18      2.14
04:58:17 PM      0.49      0.27      0.18      0.00      0.49      0.27      0.18      0.00
04:58:22 PM      0.27      0.25      0.18      0.00      0.27      0.25      0.18      0.00
04:58:27 PM      0.18      0.23      0.17      0.00      0.18      0.23      0.17      0.00
04:58:32 PM      0.09      0.21      0.17      0.00      0.09      0.21      0.17      0.00
04:58:37 PM      0.06      0.19      0.17      0.00      0.06      0.19      0.17      0.00
04:58:42 PM      0.77      0.33      0.20      2.27      0.77      0.33      0.20      2.27
04:58:47 PM      0.52      0.31      0.19      0.00      0.52      0.31      0.19      0.00
04:58:52 PM      0.28      0.28      0.19      0.08      0.28      0.28      0.19      0.08
04:58:57 PM      0.19      0.26      0.19      0.00      0.19      0.26      0.19      0.00
04:59:02 PM      0.10      0.23      0.18      0.00      0.10      0.23      0.18      0.00
04:59:07 PM      0.06      0.22      0.18      0.00      0.06      0.22      0.18      0.00
04:59:12 PM      0.03      0.20      0.17      0.34      0.03      0.20      0.17      0.34
04:59:17 PM      0.02      0.18      0.17      0.00      0.02      0.18      0.17      0.00
04:59:22 PM      0.01      0.16      0.17      0.00      0.01      0.16      0.17      0.00
04:59:27 PM      0.00      0.15      0.16      0.00      0.00      0.15      0.16      0.00
04:59:32 PM      0.00      0.14      0.16      0.00      0.00      0.14      0.16      0.00
04:59:37 PM      0.00      0.13      0.16      0.00      0.00      0.13      0.16      0.00
04:59:42 PM      0.29      0.18      0.17      0.96      0.29      0.18      0.17      0.96
04:59:47 PM      0.19      0.17      0.16      0.00      0.19      0.17      0.16      0.00
04:59:52 PM      0.10      0.15      0.16      0.00      0.10      0.15      0.16      0.00
04:59:57 PM      0.07      0.14      0.16      0.00      0.07      0.14      0.16      0.00
05:00:02 PM      0.03      0.12      0.15      0.00      0.03      0.12      0.15      0.00
05:00:07 PM      0.02      0.12      0.15      0.00      0.02      0.12      0.15      0.00
05:00:12 PM      0.31      0.17      0.16      1.15      0.31      0.17      0.16      1.15
05:00:17 PM      0.20      0.16      0.16      0.00      0.20      0.16      0.16      0.00
05:00:22 PM      0.11      0.14      0.15      0.00      0.11      0.14      0.15      0.00
05:00:27 PM      0.07      0.13      0.15      0.00      0.07      0.13      0.15      0.00
Average:         0.09      0.08      0.06      0.11      0.09      0.08      0.06      0.11
