Linux 7.0.11-arch1-1 (archlinux) 	06/04/2026 	_x86_64_	(4 CPU)

06:34:17 PM kbmemfree   kbavail kbmemused  %memused kbbuffers  kbcached  kbcommit   %commit  kbactive   kbinact   kbdirty   kbshmem
06:34:22 PM   4013208   4026808   3879012     49.07      2556    228012   8774608     31.93   3620840     70976      1324      5372
06:34:27 PM   4013208   4026824   3878996     49.07      2556    228012   8774608     31.93   3620868     70992      1324      5372
06:34:32 PM   4013208   4027004   3878816     49.06      2556    228412   8774608     31.93   3620868     71164       564      5372
06:34:37 PM   4013208   4027296   3878524     49.06      2556    228476   8774608     31.93   3620868     71456       228      5372
06:34:42 PM   4013208   4023808   3882012     49.10      2476    225072   8774608     31.93   3613828     70248       228      5360
06:34:47 PM   4013208   4023792   3882028     49.10      2476    225040   8774608     31.93   3613832     70236       228      5360
06:34:52 PM   4009112   4019568   3886252     49.16      2476    224956   8774608     31.93   3613688     70256       240      5360
06:34:57 PM   4009112   4019784   3886036     49.15      2476    225128   8774608     31.93   3613904     70256       260      5360
06:35:02 PM   4008860   4018872   3886948     49.17      2476    224600   8774608     31.93   3613212     70316       124      5360
06:35:07 PM   4009316   4018920   3886900     49.17      2476    224180   8774608     31.93   3612724     70372       124      5360
06:35:12 PM   4009316   4019048   3886772     49.16      2476    224240   8774608     31.93   3612872     70372       172      5360
06:35:17 PM   4028192   4016836   3888984     49.19      1352    204320   8774608     31.93   3602728     58572       172      5352
06:35:22 PM   4027788   4019824   3885996     49.15      1352    207708   8782804     31.96   3606264     58436       104      5352
06:35:27 PM   4024896   4018600   3887220     49.17      1352    209456   8782804     31.96   3607856     58568       128      5352
06:35:32 PM   4024964   4018664   3887156     49.17      1352    209324   8782804     31.96   3607792     58600       248      5352
06:35:37 PM   4024964   4019356   3886464     49.16      1352    209972   8782804     31.96   3608492     58600       248      5352
06:35:42 PM   4025432   4019204   3886616     49.16      1352    209564   8783060     31.96   3607844     58624       168      5352
06:35:47 PM   4025776   4019156   3886664     49.16      1352    209204   8783060     31.96   3607748     58328       168      5352
06:35:52 PM   4026692   4019808   3886012     49.15      1352    208696   8783060     31.96   3607520     58288       168      5352
06:35:57 PM   4027908   4020384   3885436     49.15      1352    208128   8783060     31.96   3607056     58240       168      5352
06:36:02 PM   4027404   4020288   3885532     49.15      1352    208636   8783060     31.96   3607384     58320       196      5352
06:36:07 PM   4027404   4020440   3885380     49.15      1352    208724   8783060     31.96   3607424     58432       116      5352
06:36:12 PM   4027404   4020672   3885148     49.14      1352    208916   8783060     31.96   3607528     58560        20      5352
06:36:17 PM   4026648   4020652   3885168     49.14      1352    209584   8783060     31.96   3608156     58676        20      5352
06:36:22 PM   4026648   4020648   3885172     49.14      1352    209580   8783060     31.96   3608156     58672        20      5352
06:36:27 PM   4026648   4019800   3886020     49.15      1352    208796   8783060     31.96   3607668     58308        20      5352
06:36:32 PM   4026648   4019800   3886020     49.15      1352    208804   8783060     31.96   3607668     58308        20      5352
06:36:37 PM   4026396   4019604   3886216     49.16      1352    208836   8783060     31.96   3607660     58376        48      5352
06:36:42 PM   4026396   4019652   3886168     49.16      1352    208844   8783060     31.96   3607768     58316        68      5352
06:36:47 PM   4026396   4019376   3886444     49.16      1352    208740   8783060     31.96   3607428     58316        68      5352
06:36:52 PM   4019628   4020068   3885752     49.15      1352    216008   8782684     31.96   3613488     59784       248      5352
06:36:57 PM   4019628   4020068   3885752     49.15      1352    216008   8782684     31.96   3613488     59784       248      5352
06:37:02 PM   4019628   4020076   3885744     49.15      1352    216008   8782684     31.96   3613560     59792       248      5352
06:37:07 PM   4019628   4019760   3886060     49.15      1352    215796   8782684     31.96   3613260     59700       200      5352
06:37:12 PM   4019628   4017816   3888004     49.18      1352    213936   8782684     31.96   3610208     58964       288      5352
06:37:17 PM   4019628   4017756   3888064     49.18      1352    213780   8782684     31.96   3610136     59040       308      5352
06:37:22 PM   4019628   4017836   3887984     49.18      1352    213828   8782684     31.96   3610140     59096        24      5352
06:37:27 PM   4019628   4017756   3888064     49.18      1352    213716   8782684     31.96   3610080     59040        24      5352
06:37:32 PM   4019628   4017628   3888192     49.18      1352    213632   8782684     31.96   3610060     58932        24      5352
06:37:37 PM   4019628   4017512   3888308     49.18      1352    213516   8782684     31.96   3609920     58932        24      5352
06:37:42 PM   4019628   4017404   3888416     49.18      1352    213516   8782684     31.96   3609908     58932        24      5352
06:37:47 PM   4019628   4017608   3888212     49.18      1352    213648   8782684     31.96   3610044     59000       112      5352
06:37:52 PM   4019628   4017948   3887872     49.18      1352    213988   8782684     31.96   3609848     59472        20      5352
06:37:57 PM   4025696   4023376   3882444     49.11      1352    213452   8782684     31.96   3605564     59020        28      5352
06:38:02 PM   4025796   4023532   3882288     49.11      1352    213368   8782684     31.96   3605776     58940        28      5352
06:38:07 PM   4025796   4023520   3882300     49.11      1352    213352   8782684     31.96   3605764     58940        28      5352
06:38:12 PM   4025796   4023408   3882412     49.11      1352    213352   8782684     31.96   3605656     58940        28      5352
06:38:17 PM   4025796   4023520   3882300     49.11      1352    213352   8782684     31.96   3605772     58936        28      5352
06:38:22 PM   4025796   4023636   3882184     49.11      1352    213580   8782684     31.96   3605664     59160       128      5352
06:38:27 PM   4025796   4023660   3882160     49.11      1352    213436   8782684     31.96   3605868     58968       148      5352
06:38:32 PM   4025796   4023676   3882144     49.10      1352    213448   8782684     31.96   3605924     58972       148      5352
06:38:37 PM   4025796   4023676   3882144     49.10      1352    213448   8782684     31.96   3605924     58972       148      5352
06:38:42 PM   4025796   4023672   3882148     49.10      1352    213448   8782684     31.96   3605920     58972       148      5352
06:38:47 PM   4025796   4024044   3881776     49.10      1352    213816   8782684     31.96   3606292     58972       148      5352
06:38:52 PM   4025040   4023500   3882320     49.11      1352    214100   8782684     31.96   3605988     59496        20      5352
06:38:57 PM   4025040   4023548   3882272     49.11      1352    214228   8782684     31.96   3605988     59544       112      5352
06:39:02 PM   4025040   4023612   3882208     49.11      1352    214228   8782684     31.96   3605988     59608       132      5352
06:39:07 PM   4025040   4023704   3882116     49.10      1352    214228   8782684     31.96   3606064     59624       132      5352
06:39:12 PM   4025040   4023704   3882116     49.10      1352    214228   8782684     31.96   3606064     59624       132      5352
06:39:17 PM   4025040   4023704   3882116     49.10      1352    214228   8782684     31.96   3606064     59624       132      5352
06:39:22 PM   4025040   4023260   3882560     49.11      1352    213784   8782684     31.96   3606072     59148        20      5352
06:39:27 PM   4024788   4023320   3882500     49.11      1352    214208   8782684     31.96   3606112     59432        24      5352
06:39:32 PM   4024788   4023124   3882696     49.11      1352    213900   8782684     31.96   3606060     59272       112      5352
06:39:37 PM   4024788   4022964   3882856     49.11      1352    213856   8782684     31.96   3606024     59148       132      5352
06:39:42 PM   4024788   4022896   3882924     49.11      1352    213796   8782684     31.96   3606028     59032       132      5352
06:39:47 PM   4024788   4022848   3882972     49.12      1352    213796   8782684     31.96   3605980     59032       132      5352
06:39:52 PM   4024788   4022980   3882840     49.11      1352    213780   8782684     31.96   3606136     59032       132      5352
06:39:57 PM   4024788   4022832   3882988     49.12      1352    213780   8782684     31.96   3606108     59032        20      5352
06:40:02 PM   4024536   4023196   3882624     49.11      1352    214320   8782684     31.96   3606132     59608        20      5352
06:40:07 PM   4024536   4023340   3882480     49.11      1352    214432   8782684     31.96   3606184     59720       112      5352
06:40:12 PM   4024536   4023428   3882392     49.11      1352    214456   8782684     31.96   3606236     59784       132      5352
06:40:17 PM   4024536   4023424   3882396     49.11      1352    214452   8782684     31.96   3606236     59780       132      5352
06:40:22 PM   4024364   4023252   3882568     49.11      1352    214628   8782684     31.96   3606236     59780       136      5352
06:40:27 PM   4024044   4023416   3882404     49.11      1352    214976   8782684     31.96   3606496     60020       220      5352
06:40:32 PM   4024044   4023456   3882364     49.11      1352    215056   8782684     31.96   3606496     60060       176      5352
06:40:37 PM   4023792   4023652   3882168     49.11      1352    215532   8782684     31.96   3606496     60508       172      5352
06:40:42 PM   4023540   4023556   3882264     49.11      1352    215680   8782684     31.96   3606496     60664       296      5352
06:40:47 PM   4023540   4023656   3882164     49.11      1352    215680   8782684     31.96   3606496     60764       316      5352
06:40:52 PM   4023540   4023220   3882600     49.11      1352    215324   8782684     31.96   3606272     60536       216      5352
06:40:57 PM   4023540   4022012   3883808     49.13      1352    214044   8782684     31.96   3606548     59036       216      5352
06:41:02 PM   4023540   4022012   3883808     49.13      1352    214044   8782684     31.96   3606552     59036       216      5352
06:41:07 PM   4023540   4022548   3883272     49.12      1352    214696   8782684     31.96   3606368     59756        24      5352
06:41:12 PM   4023540   4022548   3883272     49.12      1352    214696   8782684     31.96   3606368     59756        24      5352
06:41:17 PM   4023540   4022816   3883004     49.12      1352    214840   8782684     31.96   3606368     60024       128      5352
06:41:22 PM   4023540   4022816   3883004     49.12      1352    214840   8782684     31.96   3606368     60024       148      5352
06:41:27 PM   4023540   4022816   3883004     49.12      1352    214840   8782684     31.96   3606368     60024       148      5352
06:41:32 PM   4023540   4022756   3883064     49.12      1352    214780   8782684     31.96   3606212     60024       148      5352
06:41:37 PM   4023540   4022756   3883064     49.12      1352    214780   8782684     31.96   3606212     60024        20      5352
06:41:42 PM   4023540   4022756   3883064     49.12      1352    214812   8782684     31.96   3606216     60024        28      5352
06:41:47 PM   4023540   4022652   3883168     49.12      1352    214752   8782684     31.96   3605956     60096        28      5352
06:41:52 PM   4022784   4022908   3882912     49.11      1352    215684   8782264     31.96   3608284     60348       112      5352
06:41:57 PM   4022784   4022912   3882908     49.11      1352    215684   8782264     31.96   3608400     60348       132      5352
06:42:02 PM   4022784   4022912   3882908     49.11      1352    215688   8782264     31.96   3608400     60348       136      5352
06:42:07 PM   4022784   4022916   3882904     49.11      1352    215688   8782264     31.96   3608496     60352       136      5352
06:42:12 PM   4022784   4022916   3882904     49.11      1352    215688   8782264     31.96   3608496     60352       136      5352
06:42:17 PM   4022784   4022916   3882904     49.11      1352    215688   8782264     31.96   3608496     60352        24      5352
06:42:22 PM   4022784   4023644   3882176     49.11      1352    216556   8782264     31.96   3608796     60764       132      5352
06:42:27 PM   4022784   4022696   3883124     49.12      1352    215528   8782264     31.96   3608600     59884       220      5352
06:42:32 PM   4022784   4022696   3883124     49.12      1352    215528   8782264     31.96   3608600     59884       240      5352
06:42:37 PM   4022784   4022772   3883048     49.12      1352    215528   8782264     31.96   3608676     59884       240      5352
06:42:42 PM   4022784   4022772   3883048     49.12      1352    215528   8782264     31.96   3608676     59884       240      5352
06:42:47 PM   4022784   4021676   3884144     49.13      1352    214440   8782264     31.96   3606848     59084       240      5352
06:42:52 PM   4022784   4021780   3884040     49.13      1352    214592   8782264     31.96   3606732     59188        20      5352
06:42:57 PM   4022784   4022384   3883436     49.12      1352    215148   8782264     31.96   3606508     60016        20      5352
06:43:02 PM   4022784   4021900   3883920     49.13      1352    214712   8782264     31.96   3606592     59452       160      5352
06:43:07 PM   4022784   4021948   3883872     49.13      1352    214712   8782264     31.96   3606696     59500       180      5352
06:43:12 PM   4022784   4021544   3884276     49.13      1352    214548   8782264     31.96   3606680     59128       180      5352
06:43:17 PM   4022784   4021752   3884068     49.13      1352    214516   8782264     31.96   3606784     59112       180      5352
06:43:22 PM   4022784   4021752   3884068     49.13      1352    214516   8782264     31.96   3606784     59112       180      5352
06:43:27 PM   4022784   4021756   3884064     49.13      1352    214520   8782264     31.96   3606632     59272        24      5352
06:43:32 PM   4022784   4022088   3883732     49.12      1352    214936   8782264     31.96   3606548     59792        24      5352
06:43:37 PM   4022544   4021752   3884068     49.13      1352    214944   8782264     31.96   3606276     59784       112      5352
06:43:42 PM   4022544   4021948   3883872     49.13      1352    214944   8782264     31.96   3606368     59900       132      5352
06:43:47 PM   4022544   4021916   3883904     49.13      1352    214912   8782264     31.96   3606180     59900       132      5352
06:43:52 PM   4022544   4021228   3884592     49.14      1352    214400   8782264     31.96   3606180     59212       132      5352
06:43:57 PM   4022544   4021292   3884528     49.14      1352    214340   8782264     31.96   3606412     59104       132      5352
06:44:02 PM   4022544   4021344   3884476     49.13      1352    214340   8782264     31.96   3606484     59104        20      5352
06:44:07 PM   4022544   4021840   3883980     49.13      1352    214908   8782264     31.96   3606484     59600        20      5352
06:44:12 PM   4022544   4021608   3884212     49.13      1352    214808   8782264     31.96   3606068     59668       112      5352
06:44:17 PM   4022544   4021196   3884624     49.14      1352    214372   8782264     31.96   3606132     59192       132      5352
06:44:22 PM   4022544   4021376   3884444     49.13      1352    214372   8782264     31.96   3606392     59208       132      5352
06:44:27 PM   4022544   4021340   3884480     49.13      1352    214372   8782264     31.96   3606472     59116       132      5352
06:44:32 PM   4022544   4021284   3884536     49.14      1352    214340   8782264     31.96   3606356     59100       132      5352
06:44:37 PM   4022544   4021284   3884536     49.14      1352    214344   8782264     31.96   3606356     59100        24      5352
06:44:42 PM   4022544   4021936   3883884     49.13      1352    214932   8782264     31.96   3606316     59792        24      5352
06:44:47 PM   4022544   4022032   3883788     49.13      1352    215044   8782264     31.96   3606388     59888       112      5352
06:44:52 PM   4022544   4021728   3884092     49.13      1352    214796   8782264     31.96   3606184     59784       132      5352
06:44:57 PM   4022544   4021728   3884092     49.13      1352    214796   8782264     31.96   3606184     59784       132      5352
06:45:02 PM   4022544   4021800   3884020     49.13      1352    214796   8782264     31.96   3606256     59784       132      5352
06:45:07 PM   4033848   4033104   3872716     48.99      1352    214796   8782264     31.96   3606256     59784       132      5352
06:45:12 PM   4033848   4032616   3873204     48.99      1352    214308   8782264     31.96   3606296     59268        20      5352
06:45:17 PM   4033848   4032852   3872968     48.99      1352    214820   8782264     31.96   3606136     59608        20      5352
06:45:22 PM   4033848   4032992   3872828     48.99      1352    214700   8782264     31.96   3606408     59476       264      5352
06:45:27 PM   4033848   4033008   3872812     48.99      1352    214768   8782264     31.96   3606440     59492       320      5352
06:45:32 PM   4033848   4033132   3872688     48.99      1352    214856   8782264     31.96   3606452     59616       216      5352
06:45:37 PM   4033848   4033184   3872636     48.98      1352    214892   8782264     31.96   3606480     59644       212      5352
06:45:42 PM   4033848   4033204   3872616     48.98      1352    214896   8782264     31.96   3606532     59664       316      5352
06:45:47 PM   4033848   4033200   3872620     48.98      1352    214892   8782264     31.96   3606532     59660       120      5352
06:45:52 PM   4033848   4033820   3872000     48.98      1352    215512   8782264     31.96   3606532     60280        20      5352
06:45:57 PM   4033848   4033816   3872004     48.98      1352    215620   8782264     31.96   3606488     60276       112      5352
06:46:02 PM   4033848   4033708   3872112     48.98      1352    215400   8782264     31.96   3606376     60320       132      5352
06:46:07 PM   4034628   4033388   3872432     48.98      1352    214364   8782264     31.96   3606320     59232       132      5352
06:46:12 PM   4034628   4033452   3872368     48.98      1352    214364   8782264     31.96   3606432     59120       132      5352
06:46:17 PM   4034628   4033452   3872368     48.98      1352    214364   8782264     31.96   3606432     59120       132      5352
06:46:22 PM   4034628   4033472   3872348     48.98      1352    214384   8782264     31.96   3606340     59232        20      5352
06:46:27 PM   4034628   4033668   3872152     48.98      1352    214688   8782264     31.96   3606220     59616        24      5352
06:46:32 PM   4034628   4033408   3872412     48.98      1352    214384   8782264     31.96   3606300     59252       112      5352
06:46:37 PM   4034628   4033404   3872416     48.98      1352    214368   8782264     31.96   3606412     59128       132      5352
06:46:42 PM   4034628   4033484   3872336     48.98      1352    214396   8782264     31.96   3606484     59140       132      5352
06:46:47 PM   4034628   4033480   3872340     48.98      1352    214392   8782264     31.96   3606372     59140       132      5352
06:46:52 PM   4034628   4033980   3871840     48.97      1352    214884   8782264     31.96   3608824     59224       132      5352
06:46:57 PM   4034628   4033476   3872344     48.98      1352    214440   8782264     31.96   3607624     59200        20      5352
06:47:02 PM   4034456   4033760   3872060     48.98      1352    214852   8782264     31.96   3607364     59748        20      5352
06:47:07 PM   4034376   4033132   3872688     48.99      1352    214460   8782264     31.96   3607396     59168       112      5352
06:47:12 PM   4034376   4033100   3872720     48.99      1352    214456   8782264     31.96   3607412     59120       136      5352
06:47:17 PM   4034376   4033288   3872532     48.98      1352    214452   8782264     31.96   3607552     59220       136      5352
06:47:22 PM   4034376   4033116   3872704     48.99      1352    214468   8782264     31.96   3607380     59220       140      5352
06:47:27 PM   4034376   4033208   3872612     48.98      1352    214448   8782264     31.96   3607496     59108       140      5352
06:47:32 PM   4034376   4033204   3872616     48.98      1352    214444   8782264     31.96   3607400     59176        28      5352
06:47:37 PM   4034376   4033348   3872472     48.98      1352    214680   8782264     31.96   3607240     59480        28      5352
06:47:42 PM   4034376   4033588   3872232     48.98      1352    214752   8782264     31.96   3607260     59668       112      5352
06:47:47 PM   4034376   4033544   3872276     48.98      1352    214708   8782264     31.96   3607020     59664       132      5352
06:47:52 PM   4034376   4033208   3872612     48.98      1352    214412   8782264     31.96   3607052     59296       132      5352
06:47:57 PM   4034376   4033268   3872552     48.98      1352    214432   8782264     31.96   3607128     59296       132      5352
06:48:02 PM   4034376   4033268   3872552     48.98      1352    214432   8782264     31.96   3607116     59296       132      5352
06:48:07 PM   4034376   4033268   3872552     48.98      1352    214432   8782264     31.96   3607124     59296        20      5352
06:48:12 PM   4034376   4033760   3872060     48.98      1352    214952   8782264     31.96   3607128     59788        20      5352
06:48:17 PM   4034376   4033900   3871920     48.98      1352    215064   8782264     31.96   3607120     59936       112      5352
06:48:22 PM   4034376   4033544   3872276     48.98      1352    214796   8782264     31.96   3606956     59736       132      5352
06:48:27 PM   4034376   4033228   3872592     48.98      1352    214392   8782264     31.96   3607152     59120       132      5352
06:48:32 PM   4034376   4033156   3872664     48.98      1352    214372   8782264     31.96   3607164     59120       132      5352
06:48:37 PM   4034376   4033136   3872684     48.99      1352    214372   8782264     31.96   3607088     59120       132      5352
06:48:42 PM   4034376   4033136   3872684     48.99      1352    214372   8782264     31.96   3607088     59120        20      5352
06:48:47 PM   4034376   4033652   3872168     48.98      1352    214816   8782264     31.96   3607052     59664        20      5352
06:48:52 PM   4034376   4033652   3872168     48.98      1352    214928   8782264     31.96   3607052     59664       112      5352
06:48:57 PM   4034376   4033764   3872056     48.98      1352    214928   8782264     31.96   3607108     59776       132      5352
06:49:02 PM   4034376   4033764   3872056     48.98      1352    214968   8782264     31.96   3607108     59776       136      5352
06:49:07 PM   4034376   4033592   3872228     48.98      1352    214756   8782264     31.96   3607048     59700       144      5352
06:49:12 PM   4034376   4033592   3872228     48.98      1352    214756   8782264     31.96   3607048     59700       144      5352
06:49:17 PM   4034376   4033068   3872752     48.99      1352    214336   8782264     31.96   3606988     59160        32      5352
06:49:22 PM   4033872   4033160   3872660     48.98      1352    214924   8782264     31.96   3606976     59796        32      5352
06:49:27 PM   4033872   4032780   3873040     48.99      1352    214468   8782264     31.96   3607092     59348       116      5352
06:49:32 PM   4033872   4032760   3873060     48.99      1352    214460   8782264     31.96   3607016     59340       136      5352
06:49:37 PM   4033872   4032708   3873112     48.99      1352    214376   8782264     31.96   3607148     59132       136      5352
06:49:42 PM   4033872   4032652   3873168     48.99      1352    214376   8782264     31.96   3607092     59132       136      5352
06:49:47 PM   4033872   4032712   3873108     48.99      1352    214380   8782264     31.96   3607168     59136       140      5352
06:49:52 PM   4033872   4032656   3873164     48.99      1352    214380   8782264     31.96   3607100     59196        28      5352
06:49:57 PM   4033872   4033108   3872712     48.99      1352    214776   8782264     31.96   3606984     59708        28      5352
06:50:02 PM   4033872   4032732   3873088     48.99      1352    214460   8782264     31.96   3607016     59292       112      5352
06:50:07 PM   4033872   4032676   3873144     48.99      1352    214412   8782264     31.96   3606976     59276       132      5352
06:50:12 PM   4033872   4032752   3873068     48.99      1352    214440   8782264     31.96   3607064     59288       132      5352
06:50:17 PM   4033872   4032756   3873064     48.99      1352    214416   8782264     31.96   3607228     59196       132      5352
06:50:22 PM   4033872   4032880   3872940     48.99      1352    214560   8782264     31.96   3607280     59268       288      5352
06:50:27 PM   4033620   4032692   3873128     48.99      1352    214668   8782264     31.96   3607224     59400       172      5352
06:50:32 PM   4033116   4032780   3873040     48.99      1352    215280   8782264     31.96   3607224     59992       116      5352
06:50:37 PM   4033116   4033104   3872716     48.99      1352    215552   8782264     31.96   3607204     60316       192      5352
06:50:42 PM   4033116   4033136   3872684     48.99      1352    215584   8782264     31.96   3607220     60348       312      5352
06:50:47 PM   4033116   4032808   3873012     48.99      1352    215308   8782264     31.96   3607028     60208       312      5352
06:50:52 PM   4032944   4031960   3873860     49.00      1352    214564   8782264     31.96   3607308     59160       312      5352
06:50:57 PM   4032864   4031920   3873900     49.00      1352    214616   8782264     31.96   3607272     59216        40      5352
06:51:02 PM   4032864   4031916   3873904     49.00      1352    214584   8782264     31.96   3607192     59348        20      5352
06:51:07 PM   4032612   4032120   3873700     49.00      1352    215060   8782264     31.96   3607176     59828        20      5352
06:51:12 PM   4032612   4032140   3873680     49.00      1352    215172   8782264     31.96   3607192     59848       112      5352
06:51:17 PM   4032612   4031796   3874024     49.00      1352    215000   8782264     31.96   3607020     59676       132      5352
06:51:22 PM   4032612   4031476   3874344     49.01      1352    214460   8782264     31.96   3606988     59296       132      5352
06:51:27 PM   4032612   4031476   3874344     49.01      1352    214460   8782264     31.96   3607020     59296       132      5352
06:51:32 PM   4032612   4031540   3874280     49.01      1352    214460   8782264     31.96   3607168     59296       132      5352
06:51:37 PM   4032612   4031540   3874280     49.01      1352    214460   8782264     31.96   3607168     59296        20      5352
06:51:42 PM   4031856   4031308   3874512     49.01      1352    215008   8782264     31.96   3607172     59820        20      5352
06:51:47 PM   4031856   4031332   3874488     49.01      1352    215120   8782264     31.96   3607196     59820       112      5352
06:51:52 PM   4031856   4031904   3873916     49.00      1352    215580   8782264     31.96   3608540     60036       132      5352
06:51:57 PM   4031856   4030892   3874928     49.01      1352    214688   8782264     31.96   3607432     59200       132      5352
06:52:02 PM   4031856   4031016   3874804     49.01      1352    214688   8782264     31.96   3607672     59200       132      5352
06:52:07 PM   4031856   4031016   3874804     49.01      1352    214688   8782264     31.96   3607672     59200       132      5352
06:52:12 PM   4031856   4031016   3874804     49.01      1352    214688   8782264     31.96   3607672     59200        20      5352
06:52:17 PM   4031604   4031192   3874628     49.01      1352    215116   8782264     31.96   3607708     59660        20      5352
06:52:22 PM   4031604   4031308   3874512     49.01      1352    215232   8782264     31.96   3607688     59856       112      5352
06:52:27 PM   4031604   4031252   3874568     49.01      1352    215176   8782264     31.96   3607596     59856       132      5352
06:52:32 PM   4031604   4031256   3874564     49.01      1352    215180   8782264     31.96   3607596     59860       136      5352
06:52:37 PM   4031604   4031256   3874564     49.01      1352    215180   8782264     31.96   3607596     59860       136      5352
06:52:42 PM   4031604   4031256   3874564     49.01      1352    215180   8782264     31.96   3607596     59860       136      5352
06:52:47 PM   4031604   4030908   3874912     49.01      1352    214948   8782264     31.96   3607408     59700        32      5352
06:52:52 PM   4027256   4026900   3878920     49.06      1352    215176   8782264     31.96   3609480     59824        36      5352
06:52:57 PM   4027004   4026404   3879416     49.07      1352    215132   8782264     31.96   3609248     59812       120      5352
06:53:02 PM   4027328   4026508   3879312     49.07      1352    214712   8782264     31.96   3609428     59412       136      5352
06:53:07 PM   4027328   4026508   3879312     49.07      1352    214712   8782264     31.96   3609524     59412       136      5352
06:53:12 PM   4027328   4026508   3879312     49.07      1352    214712   8782264     31.96   3609548     59412       136      5352
06:53:17 PM   4027328   4026380   3879440     49.07      1352    214588   8782264     31.96   3609296     59408       136      5352
06:53:22 PM   4027328   4026380   3879440     49.07      1352    214588   8782264     31.96   3609296     59408        20      5352
06:53:27 PM   4026824   4026316   3879504     49.07      1352    215028   8782264     31.96   3609260     59852        20      5352
06:53:32 PM   4026824   4026316   3879504     49.07      1352    215140   8782264     31.96   3609268     59852       112      5352
06:53:37 PM   4026824   4026208   3879612     49.07      1352    215012   8782264     31.96   3609128     59924       132      5352
06:53:42 PM   4027328   4026196   3879624     49.07      1352    214580   8782264     31.96   3609140     59284       132      5352
06:53:47 PM   4027328   4026372   3879448     49.07      1352    214580   8782264     31.96   3609328     59284       132      5352
06:53:52 PM   4027328   4026372   3879448     49.07      1352    214580   8782264     31.96   3609328     59284       132      5352
06:53:57 PM   4027328   4026376   3879444     49.07      1352    214584   8782264     31.96   3609328     59392        24      5352
06:54:02 PM   4026824   4026576   3879244     49.07      1352    215288   8782264     31.96   3609336     60096        24      5352
06:54:07 PM   4027076   4026512   3879308     49.07      1352    215164   8782264     31.96   3609140     59980       116      5352
06:54:12 PM   4027076   4025960   3879860     49.08      1352    214604   8782264     31.96   3609208     59304       132      5352
06:54:17 PM   4027076   4026076   3879744     49.07      1352    214600   8782264     31.96   3609228     59400       132      5352
06:54:22 PM   4027076   4026052   3879768     49.07      1352    214576   8782264     31.96   3609180     59400       132      5352
06:54:27 PM   4027076   4026096   3879724     49.07      1352    214556   8782264     31.96   3609392     59288       132      5352
06:54:32 PM   4027076   4026096   3879724     49.07      1352    214556   8782264     31.96   3609392     59288        20      5352
06:54:37 PM   4026904   4026096   3879724     49.07      1352    214760   8782264     31.96   3609280     59572        36      5352
06:54:42 PM   4026824   4026216   3879604     49.07      1352    215148   8782264     31.96   3609280     59772       120      5352
06:54:47 PM   4026824   4026436   3879384     49.07      1352    215148   8782264     31.96   3609284     59988       132      5352
06:54:52 PM   4026824   4026128   3879692     49.07      1352    214932   8782264     31.96   3609092     59868       132      5352
06:54:57 PM   4026824   4026224   3879596     49.07      1352    214936   8782264     31.96   3609184     59872       136      5352
06:55:02 PM   4026824   4026224   3879596     49.07      1352    214936   8782264     31.96   3609184     59872       136      5352
06:55:07 PM   4027076   4026060   3879760     49.07      1352    214564   8782264     31.96   3609304     59300        24      5352
06:55:12 PM   4026572   4026104   3879716     49.07      1352    215096   8782264     31.96   3609344     59796        24      5352
06:55:17 PM   4026572   4026244   3879576     49.07      1352    215208   8782264     31.96   3609252     60028       112      5352
06:55:22 PM   4026320   4026116   3879704     49.07      1352    215352   8782264     31.96   3609304     60100       288      5352
06:55:27 PM   4026320   4026196   3879624     49.07      1352    215416   8782264     31.96   3609304     60180       320      5352
06:55:32 PM   4026320   4026196   3879624     49.07      1352    215416   8782264     31.96   3609304     60180       320      5352
06:55:37 PM   4026320   4026200   3879620     49.07      1352    215416   8782264     31.96   3609304     60184       320      5352
06:55:42 PM   4026320   4026260   3879560     49.07      1352    215556   8782264     31.96   3609304     60244       104      5352
06:55:47 PM   4026068   4026424   3879396     49.07      1352    215892   8782264     31.96   3609304     60660        24      5352
06:55:52 PM   4025816   4026160   3879660     49.07      1352    215992   8782264     31.96   3609292     60660       116      5352
06:55:57 PM   4025816   4025948   3879872     49.08      1352    215668   8782264     31.96   3609176     60572       132      5352
06:56:02 PM   4025816   4024808   3881012     49.09      1352    214600   8782264     31.96   3609168     59404       132      5352
06:56:07 PM   4025816   4024880   3880940     49.09      1352    214600   8782264     31.96   3609268     59404       132      5352
06:56:12 PM   4025816   4024788   3881032     49.09      1352    214560   8782264     31.96   3609280     59296        20      5352
06:56:17 PM   4025816   4024824   3880996     49.09      1352    214544   8782264     31.96   3609212     59392        20      5352
06:56:22 PM   4025564   4024680   3881140     49.09      1352    214876   8782264     31.96   3608992     59688        20      5352
06:56:27 PM   4025564   4024752   3881068     49.09      1352    214724   8782264     31.96   3609132     59620       112      5352
06:56:32 PM   4025564   4024752   3881068     49.09      1352    214732   8782264     31.96   3609132     59620       140      5352
06:56:37 PM   4025564   4024752   3881068     49.09      1352    214724   8782264     31.96   3609160     59624       140      5352
06:56:42 PM   4025564   4024640   3881180     49.09      1352    214656   8782264     31.96   3609148     59528       140      5352
06:56:47 PM   4025564   4024684   3881136     49.09      1352    214656   8782264     31.96   3609192     59528       140      5352
06:56:52 PM   4025564   4024684   3881136     49.09      1352    214656   8782264     31.96   3609192     59528        28      5352
06:56:57 PM   4028008   4028036   3877784     49.05      1352    215552   8782264     31.96   3610700     60064        28      5352
06:57:02 PM   4028008   4028036   3877784     49.05      1352    215664   8782264     31.96   3610700     60064       112      5352
06:57:07 PM   4028008   4028036   3877784     49.05      1352    215664   8782264     31.96   3610700     60064       132      5352
06:57:12 PM   4028008   4027748   3878072     49.05      1352    215356   8782264     31.96   3610524     59932       132      5352
06:57:17 PM   4028008   4027840   3877980     49.05      1352    215356   8782264     31.96   3610616     59932       132      5352
06:57:22 PM   4028008   4027840   3877980     49.05      1352    215356   8782264     31.96   3610616     59932       132      5352
06:57:27 PM   4028008   4027840   3877980     49.05      1352    215356   8782264     31.96   3610616     59932        20      5352
06:57:32 PM   4028008   4027352   3878468     49.06      1352    214888   8782264     31.96   3609584     59788        24      5352
06:57:37 PM   4028008   4027404   3878416     49.06      1352    214924   8782264     31.96   3609436     59820       116      5352
06:57:42 PM   4028008   4027076   3878744     49.06      1352    214648   8782264     31.96   3609392     59444       132      5352
06:57:47 PM   4028008   4027128   3878692     49.06      1352    214648   8782264     31.96   3609504     59444       132      5352
06:57:52 PM   4028008   4027128   3878692     49.06      1352    214648   8782264     31.96   3609528     59444       132      5352
06:57:57 PM   4028008   4027128   3878692     49.06      1352    214648   8782264     31.96   3609528     59444       132      5352
06:58:02 PM   4028008   4027128   3878692     49.06      1352    214648   8782264     31.96   3609528     59444        20      5352
06:58:07 PM   4028008   4027172   3878648     49.06      1352    214888   8782264     31.96   3609348     59664        20      5352
06:58:12 PM   4028008   4027332   3878488     49.06      1352    214964   8782264     31.96   3609152     59756       112      5352
06:58:17 PM   4028008   4027072   3878748     49.06      1352    214716   8782264     31.96   3609180     59468       132      5352
06:58:22 PM   4028008   4027012   3878808     49.06      1352    214628   8782264     31.96   3609120     59408       132      5352
06:58:27 PM   4028008   4027012   3878808     49.06      1352    214628   8782264     31.96   3609120     59408       132      5352
06:58:32 PM   4028008   4027092   3878728     49.06      1352    214612   8782264     31.96   3608860     59408       132      5352
06:58:37 PM   4028008   4026920   3878900     49.06      1352    214616   8782264     31.96   3608744     59408        20      5352
06:58:42 PM   4028008   4027528   3878292     49.06      1352    215112   8782264     31.96   3608708     59852        24      5352
06:58:47 PM   4028008   4027652   3878168     49.05      1352    215224   8782264     31.96   3608708     59976       112      5352
06:58:52 PM   4028008   4027704   3878116     49.05      1352    215224   8782264     31.96   3608708     60028       132      5352
06:58:57 PM   4028008   4027072   3878748     49.06      1352    214676   8782264     31.96   3608568     59460       132      5352
06:59:02 PM   4028008   4027052   3878768     49.06      1352    214572   8782264     31.96   3608760     59312       132      5352
06:59:07 PM   4028008   4027052   3878768     49.06      1352    214572   8782264     31.96   3608760     59312       132      5352
06:59:12 PM   4028008   4027052   3878768     49.06      1352    214572   8782264     31.96   3608760     59312        20      5352
06:59:17 PM   4027756   4027120   3878700     49.06      1352    215016   8782264     31.96   3608624     59764        20      5352
06:59:22 PM   4027756   4027256   3878564     49.06      1352    215028   8782264     31.96   3608516     59968       112      5352
06:59:27 PM   4027756   4027256   3878564     49.06      1352    215028   8782264     31.96   3608572     59968       132      5352
06:59:32 PM   4027756   4027256   3878564     49.06      1352    215028   8782264     31.96   3608580     59968       132      5352
06:59:37 PM   4027756   4027256   3878564     49.06      1352    215028   8782264     31.96   3608580     59968       132      5352
06:59:42 PM   4027756   4027232   3878588     49.06      1352    215012   8782264     31.96   3608028     59968       132      5352
06:59:47 PM   4027504   4026980   3878840     49.06      1352    215012   8782264     31.96   3608028     59968        20      5352
06:59:52 PM   4027504   4027216   3878604     49.06      1352    215244   8782264     31.96   3608076     60176        20      5352
06:59:57 PM   4027252   4026980   3878840     49.06      1352    215356   8782264     31.96   3608080     60192       112      5352
07:00:02 PM   4027252   4027076   3878744     49.06      1352    215356   8782264     31.96   3608080     60288       132      5352
07:00:07 PM   4027252   4027072   3878748     49.06      1352    215356   8782264     31.96   3608068     60284       136      5352
07:00:12 PM   4027252   4027108   3878712     49.06      1352    215392   8782264     31.96   3608032     60292       144      5352
07:00:17 PM   4027252   4026656   3879164     49.07      1352    215020   8782264     31.96   3607984     59964       144      5352
07:00:22 PM   4027252   4026456   3879364     49.07      1352    214736   8782264     31.96   3608212     59492       188      5352
07:00:27 PM   4027252   4026824   3878996     49.07      1352    215280   8782264     31.96   3608212     59860       192      5352
07:00:32 PM   4027252   4027172   3878648     49.06      1352    215456   8782264     31.96   3608264     60200       316      5352
07:00:37 PM   4027252   4027172   3878648     49.06      1352    215452   8782264     31.96   3608264     60200       332      5352
07:00:42 PM   4027252   4027288   3878532     49.06      1352    215568   8782264     31.96   3608336     60292       228      5352
07:00:47 PM   4027252   4027288   3878532     49.06      1352    215568   8782264     31.96   3608336     60292       228      5352
07:00:52 PM   4027252   4027276   3878544     49.06      1352    215556   8782264     31.96   3608308     60292        20      5352
07:00:57 PM   4027252   4027780   3878040     49.05      1352    216100   8782264     31.96   3608308     60788        20      5352
07:01:02 PM   4027252   4027828   3877992     49.05      1352    216100   8782264     31.96   3608236     60836        20      5352
07:01:07 PM   4027000   4027164   3878656     49.06      1352    215860   8782264     31.96   3608024     60672       112      5352
07:01:12 PM   4027000   4027272   3878548     49.06      1352    215872   8782264     31.96   3608028     60780       136      5352
07:01:17 PM   4027000   4027348   3878472     49.06      1352    215872   8782264     31.96   3608124     60780       136      5352
07:01:22 PM   4027000   4027348   3878472     49.06      1352    215872   8782264     31.96   3608124     60780       136      5352
07:01:27 PM   4027000   4027348   3878472     49.06      1352    215872   8782264     31.96   3608140     60780       136      5352
07:01:32 PM   4038052   4038400   3867420     48.92      1352    215872   8782264     31.96   3608140     60780        24      5352
07:01:37 PM   4037800   4038396   3867424     48.92      1352    216180   8782264     31.96   3608148     61028        24      5352
07:01:42 PM   4037296   4036552   3869268     48.94      1352    214892   8782264     31.96   3607988     59832       112      5352
07:01:47 PM   4037296   4036324   3869496     48.94      1352    214588   8782264     31.96   3608180     59364       132      5352
07:01:52 PM   4037296   4036308   3869512     48.95      1352    214588   8782264     31.96   3608180     59348       132      5352
07:01:57 PM   4037296   4036868   3868952     48.94      1352    215096   8782264     31.96   3610712     59452       132      5352
07:02:02 PM   4037296   4036812   3869008     48.94      1352    215088   8782264     31.96   3610708     59448       132      5352
07:02:07 PM   4037296   4036352   3869468     48.94      1352    214744   8782264     31.96   3610164     59448        20      5352
07:02:12 PM   4037296   4036944   3868876     48.94      1352    215248   8782264     31.96   3610144     59916        20      5352
07:02:17 PM   4037296   4037136   3868684     48.93      1352    215360   8782264     31.96   3610168     60084       112      5352
07:02:22 PM   4037296   4037136   3868684     48.93      1352    215360   8782264     31.96   3610184     60084       132      5352
07:02:27 PM   4037296   4037136   3868684     48.93      1352    215360   8782264     31.96   3610188     60084       132      5352
07:02:32 PM   4037296   4037136   3868684     48.93      1352    215360   8782264     31.96   3610188     60084       132      5352
07:02:37 PM   4037296   4037136   3868684     48.93      1352    215360   8782264     31.96   3610188     60084       132      5352
07:02:42 PM   4037296   4036768   3869052     48.94      1352    215080   8782264     31.96   3609648     59932        24      5352
07:02:47 PM   4037296   4036672   3869148     48.94      1352    214988   8782264     31.96   3609668     59836        24      5352
07:02:52 PM   4037044   4036512   3869308     48.94      1352    215100   8782264     31.96   3609760     59836       112      5352
07:02:57 PM   4037044   4036624   3869196     48.94      1352    215100   8782264     31.96   3609760     59948       132      5352
07:03:02 PM   4037044   4036624   3869196     48.94      1352    215100   8782264     31.96   3609760     59948       132      5352
07:03:07 PM   4037044   4036280   3869540     48.95      1352    214756   8782264     31.96   3609760     59604       132      5352
07:03:12 PM   4037044   4036236   3869584     48.95      1352    214712   8782264     31.96   3609856     59460       132      5352
07:03:17 PM   4037044   4036060   3869760     48.95      1352    214632   8782264     31.96   3609756     59352        20      5352
07:03:22 PM   4037044   4036652   3869168     48.94      1352    215244   8782264     31.96   3609556     59868        20      5352
07:03:27 PM   4037044   4036656   3869164     48.94      1352    215208   8782264     31.96   3609336     60092       112      5352
07:03:32 PM   4037044   4036140   3869680     48.95      1352    214692   8782264     31.96   3609508     59404       132      5352
07:03:37 PM   4037044   4036212   3869608     48.95      1352    214688   8782264     31.96   3609680     59348       132      5352
07:03:42 PM   4037044   4036160   3869660     48.95      1352    214688   8782264     31.96   3609628     59348       132      5352
07:03:47 PM   4037044   4036212   3869608     48.95      1352    214688   8782264     31.96   3609644     59348       132      5352
07:03:52 PM   4037044   4036160   3869660     48.95      1352    214688   8782264     31.96   3609592     59348        20      5352
07:03:57 PM   4037044   4036664   3869156     48.94      1352    215140   8782264     31.96   3609576     59872        28      5352
07:04:02 PM   4036792   4036104   3869716     48.95      1352    215040   8782264     31.96   3609376     59792       112      5352
07:04:07 PM   4036792   4036312   3869508     48.95      1352    215040   8782264     31.96   3609472     59904       132      5352
07:04:12 PM   4036792   4036264   3869556     48.95      1352    214992   8782264     31.96   3609112     59904       132      5352
07:04:17 PM   4036792   4036200   3869620     48.95      1352    214936   8782264     31.96   3608548     59896       132      5352
07:04:22 PM   4036792   4036208   3869612     48.95      1352    214936   8782264     31.96   3608572     59896       132      5352
07:04:27 PM   4036792   4036208   3869612     48.95      1352    214936   8782264     31.96   3608596     59896        20      5352
07:04:32 PM   4036792   4036576   3869244     48.94      1352    215316   8782264     31.96   3608596     60264        20      5352
07:04:37 PM   4036792   4036576   3869244     48.94      1352    215428   8782264     31.96   3608596     60264       112      5352
07:04:42 PM   4036792   4036700   3869120     48.94      1352    215432   8782264     31.96   3608596     60388       136      5352
07:04:47 PM   4036792   4036700   3869120     48.94      1352    215432   8782264     31.96   3608552     60384       136      5352
07:04:52 PM   4036792   4034796   3871024     48.96      1352    213524   8782264     31.96   3606624     60268       136      5352
07:04:57 PM   2352924   2350928   5554892     70.26      1352    213584   8782264     31.96   5284052     60268       136      5352
07:05:02 PM   2352672   2350736   5555084     70.27      1352    213584   8782264     31.96   5284164     60268        24      5352
07:05:07 PM   2352180   2350500   5555320     70.27      1352    213888   8782264     31.96   5284164     60516        24      5352
07:05:12 PM   2469420   2467796   5438024     68.79      1352    214024   8782264     31.96   5153096     60572       112      5352
07:05:17 PM   2856872   2855248   5050572     63.88      1352    214028   8782264     31.96   4768076     60572       136      5352
07:05:22 PM   3103696   3102364   4803456     60.76      1352    214220   8782264     31.96   4506008     60788       292      5352
07:05:27 PM   1570192   1568864   6336956     80.16      1352    214268   8782264     31.96   6038552     60792       324      5352
07:05:32 PM   1703092   1701844   6203976     78.47      1352    214268   8782264     31.96   5907576     60872       324      5352
07:05:37 PM   2092196   2084512   5821308     73.63      1352    207832   8782264     31.96   5520680     60060       128      5352
07:05:42 PM   2346036   2338800   5567020     70.42      1352    208332   8782264     31.96   5258536     60512       184      5352
07:05:47 PM   2591944   2584848   5320972     67.30      1352    208472   8782264     31.96   4998064     60652       300      5352
07:05:52 PM   2610120   2603076   5302744     67.07      1352    208472   8782264     31.96   4998180     60704       320      5352
07:05:57 PM    899324    892336   7013484     88.71      1352    208528   8782264     31.96   6706684     64812       212      5352
07:06:02 PM    899324    892336   7013484     88.71      1352    208528   8782264     31.96   6706784     64812       212      5352
07:06:07 PM   1018364   1011376   6894444     87.21      1352    208528   8782264     31.96   6575712     64812       212      5352
07:06:12 PM   1151064   1144448   6761372     85.52      1352    208976   8782264     31.96   6444640     65184        20      5352
07:06:17 PM   1489676   1483040   6422780     81.24      1352    208956   8782264     31.96   6092340     65180        20      5352
07:06:22 PM   1505840   1499392   6406428     81.03      1352    209068   8782264     31.96   6090292     65368       112      5352
07:06:27 PM    117688     81996   7823824     98.96        24    181564   8782264     31.96     67616   7493024       132      5348
07:06:32 PM    117688     82004   7823816     98.96        24    181572   8782264     31.96     67684   7493032       136      5348
07:06:37 PM    117688     82004   7823816     98.96        24    181572   8782264     31.96     67684   7493032       136      5348
07:06:42 PM    117688     82004   7823816     98.96        24    181572   8782264     31.96     67692   7493032        24      5348
07:06:47 PM    117464     81780   7824040     98.97        24    181572   8782264     31.96     67692   7493032        24      5348
07:06:52 PM    117212     81900   7823920     98.96        24    182036   8782264     31.96     67692   7493404        24      5348
07:06:57 PM    156676     84032   7821788     98.94        24    115304   8782264     31.96   6327456   1210044        48      5148
07:07:02 PM    156452     83984   7821836     98.94        24    115612   8782264     31.96   6327976   1210096        76      5148
07:07:07 PM    156452     83984   7821836     98.94        24    115612   8782264     31.96   6327976   1210096        76      5148
07:07:12 PM    155696     83480   7822340     98.94        24    116116   8782264     31.96   6328480   1210096        76      5148
07:07:17 PM    155696     83480   7822340     98.94        24    116116   8782264     31.96   6328480   1210096        76      5148
07:07:22 PM    155696     83480   7822340     98.94        24    116116   8782264     31.96   6328480   1210096        76      5148
07:07:27 PM    158760     83088   7822732     98.95        24    109276   8782264     31.96   7227824    304840        28      5148
07:07:32 PM    153776     78148   7827672     99.01        24    109388   8782264     31.96   7228104    304932       116      5148
07:07:37 PM    153656     78076   7827744     99.01        24    109388   8782264     31.96   7228040    305028       132      5148
07:07:42 PM    149560     73984   7831836     99.06        24    109396   8782264     31.96   7228224    305036       140      5148
07:07:47 PM    149560     73984   7831836     99.06        24    109400   8782264     31.96   7228224    305036       144      5148
07:07:52 PM    149560     73984   7831836     99.06        24    109404   8782264     31.96   7228224    305036       148      5148
07:07:57 PM    151172     45068   7860752     99.43        12     47888   8782264     31.96   2835492   4691448       148      4224
07:08:02 PM    144748     40364   7865456     99.49        24     51264   8782264     31.96   2841456   4689520        36      4224
07:08:07 PM    144524     40140   7865680     99.49        24     51392   8782264     31.96   2841456   4689520       112      4224
07:08:12 PM    142112     39712   7866108     99.50        24     55344   8782264     31.96   2849504   4685856       132      4224
07:08:17 PM    142112     39768   7866052     99.50        24     55344   8782264     31.96   2849492   4685980       132      4224
07:08:22 PM    146096     43752   7862068     99.45        24     55344   8782264     31.96   2853652   4682368       132      4224
07:08:27 PM    181624     79516   7826304     98.99        24     55920   8782264     31.96   4001560   3506336       132      4224
07:08:32 PM    181400     79292   7826528     99.00        24     55920   8782264     31.96   4001560   3506336       132      4224
07:08:37 PM    180896     79028   7826792     99.00        24     56400   8782264     31.96   4001704   3506708        20      4224
07:08:42 PM    180896     79028   7826792     99.00        24     56496   8782264     31.96   4001704   3506708        96      4224
07:08:47 PM    176548     74780   7831040     99.05        24     56496   8782264     31.96   4003728   3505060       116      4224
07:08:52 PM    176548     74780   7831040     99.05        24     56496   8782264     31.96   4003728   3505060       116      4224
07:08:57 PM    171812     69988   7835832     99.11        24     56424   8782264     31.96   4453748   3065828       116      4224
07:09:02 PM    171588     69764   7836056     99.12        24     56424   8782264     31.96   4453748   3065828       116      4224
07:09:07 PM    171588     69784   7836036     99.12        24     56424   8782264     31.96   4453876   3065828        20      4224
07:09:12 PM    171084     69404   7836416     99.12        24     56760   8782264     31.96   4453876   3066076        20      4224
07:09:17 PM    171084     69496   7836324     99.12        24     56856   8782264     31.96   4453876   3066260        96      4224
07:09:22 PM    171084     69496   7836324     99.12        24     56856   8782264     31.96   4453876   3066260       116      4224
07:09:27 PM    163832     57280   7848540     99.28        12     42948   8782264     31.96   3997876   3530148       116       128
07:09:32 PM    163832     57280   7848540     99.28        12     43036   8782264     31.96   3997876   3530148       116       128
07:09:37 PM    159736     53228   7852592     99.33        12     43036   8782264     31.96   4001092   3527452       116       128
07:09:42 PM    159736     53228   7852592     99.33        12     43036   8782264     31.96   4001096   3527452        20       128
07:09:47 PM    155388     49036   7856784     99.38        24     43336   8782264     31.96   4005820   3523640        20       128
07:09:52 PM    155388     49036   7856784     99.38        24     43432   8782264     31.96   4005820   3523640        96       128
07:09:57 PM    174764     68368   7837452     99.14        24     43248   8782264     31.96   4485368   3034852       116       128
07:10:02 PM    174540     68144   7837676     99.14        24     43248   8782264     31.96   4485368   3034852       116       128
07:10:07 PM    171668     65272   7840548     99.17        24     43248   8782264     31.96   4487828   3032836       116       128
07:10:12 PM    163616     60556   7845264     99.23        24     49916   8782264     31.96   4494764   3032888       116       128
07:10:17 PM    160684     58740   7847080     99.26        24     52232   8782264     31.96   4498332   3031828        20       128
07:10:22 PM    151360     52204   7853616     99.34        24     57812   8782264     31.96   4503596   3032384       176       132
07:10:27 PM    128028     29004   7876816     99.63        24     57996   8782264     31.96   4519152   3032568       288       132
07:10:32 PM    132036     33012   7872808     99.58        24     57992   8782264     31.96   4519152   3032568       304       132
07:10:37 PM    132036     33012   7872808     99.58        24     57992   8782264     31.96   4519160   3032568       304       132
07:10:42 PM    132036     33012   7872808     99.58        24     57996   8782264     31.96   4519164   3032568       308       132
07:10:47 PM    132036     33012   7872808     99.58        24     57992   8782264     31.96   4519168   3032568       304       132
07:10:52 PM    132036     33160   7872660     99.58        24     58428   8782264     31.96   4519168   3032864        24       132
07:10:57 PM    137808     28716   7877104     99.64        16     39324   8782264     31.96   7023724    523380        96       132
07:11:02 PM    137808     28716   7877104     99.64        16     39488   8782264     31.96   7023724    523380       116       132
07:11:07 PM    133036     24028   7881792     99.70        16     39488   8782264     31.96   7025096    522796       116       132
07:11:12 PM    133036     24028   7881792     99.70        16     39488   8782264     31.96   7025100    522796       116       132
07:11:17 PM    129484     20476   7885344     99.74        16     39488   8782264     31.96   7025900    522624       116       132
07:11:22 PM    129448     20440   7885380     99.74        16     39496   8782264     31.96   7025920    522392       124       132
07:11:27 PM    150956     41976   7863844     99.47        24     39536   8782264     31.96   7217620    312472        28       132
07:11:32 PM    150956     41976   7863844     99.47        24     39632   8782264     31.96   7217644    312472        96       132
07:11:37 PM    148492     39512   7866308     99.50        24     39632   8782264     31.96   7218188    312288       116       132
07:11:42 PM    144712     38680   7867140     99.51        24     45432   8782264     31.96   7224040    312444       116       132
07:11:47 PM    147732     41752   7864068     99.47        24     45576   8782264     31.96   7225120    312288       116       132
07:11:52 PM    144544     38584   7867236     99.51        24     45576   8782264     31.96   7227524    309748       116       132
07:11:57 PM    168576     65848   7839972     99.17        16     52816   8782264     31.96   4207084   3316604        96       132
07:12:02 PM    168352     65748   7840072     99.17        24     53200   8782264     31.96   4207356   3316836        20       132
07:12:07 PM    168352     65748   7840072     99.17        24     53200   8782264     31.96   4207356   3316836        20       132
07:12:12 PM    168352     65820   7840000     99.17        24     53200   8782264     31.96   4207484   3316852        20       132
07:12:17 PM    168352     65820   7840000     99.17        24     53200   8782264     31.96   4207484   3316852        20       132
07:12:22 PM    168100     66184   7839636     99.16        24     54436   8782264     31.96   4208724   3316852        20       132
07:12:27 PM    144944     41620   7864200     99.47        24     51796   8782264     31.96   7074196    475340        20       132
07:12:32 PM    144720     41484   7864336     99.48        24     51892   8782264     31.96   7074496    475340        96       132
07:12:37 PM    144720     41484   7864336     99.48        24     51892   8782264     31.96   7074496    475340       116       132
07:12:42 PM    144720     41532   7864288     99.47        24     51892   8782264     31.96   7074496    475436       116       132
07:12:47 PM    144720     41532   7864288     99.47        24     51892   8782264     31.96   7074496    475436       116       132
07:12:52 PM    144720     41532   7864288     99.47        24     51892   8782264     31.96   7074496    475436       116       132
07:12:57 PM    112464      9276   7896544     99.88        24     51892   8782264     31.96   7100788    475436       116       132
07:13:02 PM    107864      4808   7901012     99.94        24     52152   8782264     31.96   7101672    475088        24       132
07:13:07 PM    107864      4808   7901012     99.94        24     52248   8782264     31.96   7101672    475088        96       132
07:13:12 PM    151112     48060   7857760     99.39        24     52256   8782264     31.96   7145388    396344        96       132
07:13:17 PM    150964     47912   7857908     99.39        24     52256   8782264     31.96   7145388    396344       116       132
07:13:22 PM    142668     39760   7866060     99.50        24     52452   8782264     31.96   7151728    391048       116       132
07:13:27 PM    119184      8232   7897588     99.90        24     36364   8782264     31.96   3118692   4464296       116       132
07:13:32 PM    118944      8096   7897724     99.90        24     36568   8782264     31.96   3118952   4464296       116       132
07:13:37 PM    118944      8156   7897664     99.90        24     36732   8782264     31.96   3118952   4464420        24       132
07:13:42 PM    118944      8176   7897644     99.90        24     36732   8782264     31.96   3118956   4464460        24       132
07:13:47 PM    118944      8176   7897644     99.90        24     36828   8782264     31.96   3118956   4464460        96       132
07:13:52 PM    118944      8228   7897592     99.90        24     36832   8782264     31.96   3118956   4464560       120       132
07:13:57 PM    147816     39812   7866008     99.50        24     42288   8782264     31.96   3103288   4443364       120       128
07:14:02 PM    147380     39436   7866384     99.50        24     42404   8782264     31.96   3103688   4443364       120       128
07:14:07 PM    147380     39436   7866384     99.50        24     42404   8782264     31.96   3103688   4443364       120       128
07:14:12 PM    146372     38596   7867224     99.51        24     42740   8782264     31.96   3103692   4443700        24       128
07:14:17 PM    146372     38596   7867224     99.51        24     42740   8782264     31.96   3103692   4443700        24       128
07:14:22 PM    146372     38660   7867160     99.51        24     42868   8782264     31.96   3103688   4443832       112       128
07:14:27 PM    189120     80508   7825312     98.98        24     41096   8782264     31.96   4411192   3091936       132       128
07:14:32 PM    189120     80520   7825300     98.98        24     41096   8782264     31.96   4411252   3091936       132       128
07:14:37 PM    189120     80520   7825300     98.98        24     41096   8782264     31.96   4411252   3091936       132       128
07:14:42 PM    189120     80520   7825300     98.98        24     41096   8782264     31.96   4411252   3091936       132       128
07:14:47 PM    189120     80520   7825300     98.98        24     41096   8782264     31.96   4411252   3091936       132       128
07:14:52 PM    189120     80644   7825176     98.98        24     41432   8782264     31.96   4411252   3092184        20       128
07:14:57 PM    133924     18608   7887212     99.76        16     27668   8782264     31.96   2203708   5362096        96       128
07:15:02 PM    133924     18608   7887212     99.76        16     27712   8782264     31.96   2203792   5362096       116       128
07:15:07 PM    133924     18628   7887192     99.76        16     27720   8782264     31.96   2203820   5362116       124       128
07:15:12 PM    131572     22720   7883100     99.71        12     40892   8782264     31.96   2212912   5356684       124       128
07:15:17 PM    129828     22236   7883584     99.72        12     43236   8782264     31.96   2215516   5356792       124       128
07:15:22 PM    128548     26596   7879224     99.66        16     54464   8782264     31.96   2229720   5332808        80       132
07:15:27 PM    125892     24012   7881808     99.70        24     54620   8782264     31.96   3143084   4425448       184       132
07:15:32 PM    121684     21156   7884664     99.73        24     57356   8782264     31.96   3145700   4425560       296       132
07:15:37 PM    135476     32676   7873144     99.59        24     52768   8782264     31.96   3829004   3729912       316       132
07:15:42 PM    135476     32676   7873144     99.59        24     52776   8782264     31.96   3829004   3729912       324       132
07:15:47 PM    127284     24520   7881300     99.69        24     52772   8782264     31.96   3830388   3729060       320       132
07:15:52 PM    127284     24520   7881300     99.69        24     52780   8782264     31.96   3830388   3729060       148       132
07:15:57 PM    174600     76400   7829420     99.03        24     61972   8782264     31.96   5116632   2400316         0       132
07:16:02 PM    174376     76176   7829644     99.04        24     61988   8782264     31.96   5116632   2400316        20       132
07:16:07 PM    174376     76220   7829600     99.04        24     61988   8782264     31.96   5116648   2400404        20       132
07:16:12 PM    174376     76220   7829600     99.04        24     61988   8782264     31.96   5116648   2400404        20       132
07:16:17 PM    174376     76220   7829600     99.04        24     61988   8782264     31.96   5116648   2400404        20       132
07:16:22 PM    174376     76220   7829600     99.04        24     61988   8782264     31.96   5116648   2400404        20       132
07:16:27 PM    116476      3900   7901920     99.95        12     33188   8782264     31.96   2341984   5233188        20       132
07:16:32 PM    114460      2812   7903008     99.96        12     35164   8782264     31.96   2343748   5233284        96       132
07:16:37 PM    114460      2880   7902940     99.96        12     35164   8782264     31.96   2343932   5233284       116       132
07:16:42 PM    156852     48672   7857148     99.38        12     42188   8782264     31.96   2385764   5146720        96       132
07:16:47 PM    154864     47476   7858344     99.40        12     43704   8782264     31.96   2387532   5146792       116       132
07:16:52 PM    154640     47252   7858568     99.40        12     43704   8782264     31.96   2387532   5146792       116       132
07:16:57 PM    149000     46904   7858916     99.41        12     54332   8782264     31.96   4403972   3135480       120       128
07:17:02 PM    148524     46596   7859224     99.41        24     54732   8782264     31.96   4404184   3135764        24       128
07:17:07 PM    140332     38468   7867352     99.51        24     54732   8782264     31.96   4404896   3135756        24       128
07:17:12 PM    140332     38468   7867352     99.51        24     54732   8782264     31.96   4404896   3135756        24       128
07:17:17 PM    131492     29692   7876128     99.62        24     54860   8782264     31.96   4405904   3135648       112       128
07:17:22 PM    131492     29692   7876128     99.62        24     54860   8782264     31.96   4405904   3135648       132       128
07:17:27 PM    120396     18596   7887224     99.76        24     55020   8782264     31.96   4412624   3135420       132       128
07:17:32 PM    120396     18652   7887168     99.76        24     55072   8782264     31.96   4412820   3135420       132       128
07:17:37 PM    123044     21348   7884472     99.73        24     55072   8782264     31.96   4418064   3131000       132       128
07:17:42 PM    122792     21220   7884600     99.73        24     55344   8782264     31.96   4418064   3131248        20       128
07:17:47 PM    125612     24052   7881768     99.70        24     55344   8782264     31.96   4421580   3128072        20       128
07:17:52 PM    125360     23800   7882020     99.70        24     55440   8782264     31.96   4421580   3128072        96       128
07:17:57 PM    132584     21588   7884232     99.73        12     36580   8782264     31.96   1528784   6024844       116       128
07:18:02 PM    132360     21428   7884392     99.73        12     36748   8782264     31.96   1528908   6024844       116       128
07:18:07 PM    132360     21496   7884324     99.73        12     36748   8782264     31.96   1529228   6024844       116       128
07:18:12 PM    132360     21496   7884324     99.73        12     36828   8782264     31.96   1529268   6024844       116       128
07:18:17 PM    131604     21280   7884540     99.73        12     37940   8782264     31.96   1530340   6024848       120       128
07:18:22 PM    131352     21212   7884608     99.73        24     38324   8782264     31.96   1530340   6025220        24       128
07:18:27 PM    120728      9084   7896736     99.89        24     35176   8782264     31.96   1624544   5937632        96       128
07:18:32 PM    120504      8860   7896960     99.89        24     35180   8782264     31.96   1624544   5937632       116       128
07:18:37 PM    116724      6584   7899236     99.92        24     38180   8782264     31.96   1627676   5937636       116       128
07:18:42 PM    116724      6584   7899236     99.92        24     38180   8782264     31.96   1627676   5937636       116       128
07:18:47 PM    116724      6588   7899232     99.92        24     38188   8782264     31.96   1627676   5937644       124       128
07:18:52 PM    116724      6588   7899232     99.92        24     38188   8782264     31.96   1627680   5937644        28       128
07:18:57 PM    156772     33640   7872180     99.57        12     12220   8782264     31.96   4989824   2527164        28       128
07:19:02 PM    156296     33176   7872644     99.58        12     12380   8782264     31.96   4989824   2527188       112       128
07:19:07 PM    156296     33232   7872588     99.58        12     12380   8782264     31.96   4989820   2527308       132       128
07:19:12 PM    149916     26868   7878952     99.66        12     12380   8782264     31.96   4992556   2525392       132       128
07:19:17 PM    149916     27116   7878704     99.66        12     12992   8782264     31.96   4993052   2525392       132       128
07:19:22 PM    148088     25348   7880472     99.68        12     12992   8782264     31.96   4995564   2523584       132       128
07:19:27 PM    123364    123364   7782456     98.44        12      8068   8782264     31.96   1325808   6226868        20       124
07:19:32 PM    122608    122608   7783212     98.45        24      8596   8782264     31.96   1325908   6227364        20       124
07:19:37 PM    136752     13080   7892740     99.83        24     12112   8782264     31.96   1335868   6198820         0       124
07:19:42 PM    138968     15376   7890444     99.81        24     12164   8782264     31.96   1335948   6198916        20       124
07:19:47 PM    140332     16740   7889080     99.79        24     12164   8782264     31.96   1335948   6198916        20       124
07:19:52 PM    140332     16740   7889080     99.79        24     12164   8782264     31.96   1335960   6198916        20       124
07:19:57 PM    115888    115888   7789932     98.53        24     26284   8782264     31.96   1376600   6198916        20       124
07:20:02 PM    115888    115888   7789932     98.53        24     26288   8782264     31.96   1376752   6198920        24       124
07:20:07 PM    115888    115888   7789932     98.53        24     26608   8782264     31.96   1376752   6199168        24       124
07:20:12 PM    171528     63800   7842020     99.19        24     43888   8782264     31.96   2544624   4985160        96       124
07:20:17 PM    167748     61268   7844552     99.23        24     46416   8782264     31.96   2547164   4985180       116       124
07:20:22 PM    156184     54848   7850972     99.31        24     56720   8782264     31.96   2557384   4985468       276       128
07:20:27 PM    123704     22904   7882916     99.71        24     57832   8782264     31.96   2586684   4985632       200       128
07:20:32 PM    123704     22944   7882876     99.71        24     57864   8782264     31.96   2586772   4985708       304       128
07:20:37 PM    123704     22960   7882860     99.71        24     57860   8782264     31.96   2586804   4985740       124       128
07:20:42 PM    123452     22916   7882904     99.71        24     58356   8782264     31.96   2586808   4986156       204       128
07:20:47 PM    123200     22688   7883132     99.71        24     58452   8782264     31.96   2586808   4986204       280       128
07:20:52 PM    123200     22752   7883068     99.71        24     58456   8782264     31.96   2586808   4986336       200       128
07:20:57 PM    214516    101072   7804748     98.72        12     32676   8782264     31.96   3716180   3766764       112       128
07:21:02 PM    205848     92544   7813276     98.83        12     32848   8782264     31.96   3717120   3766788       132       128
07:21:07 PM    205848     92604   7813216     98.83        12     33020   8782264     31.96   3717244   3766788       132       128
07:21:12 PM    208048     95000   7810820     98.80        24     33424   8782264     31.96   3718052   3767032        20       128
07:21:17 PM    207796     94748   7811072     98.80        24     33424   8782264     31.96   3718080   3767032        20       128
07:21:22 PM    203700     90688   7815132     98.85        24     33424   8782264     31.96   3718636   3767108        20       128
07:21:27 PM    129544      8884   7896936     99.89        12     18240   8782264     31.96   3113384   4445240        20       128
07:21:32 PM    129544      8984   7896836     99.89        12     18336   8782264     31.96   3113556   4445336        96       128
07:21:37 PM    129544      8984   7896836     99.89        12     18336   8782264     31.96   3113556   4445336       116       128
07:21:42 PM    210904    103328   7802492     98.69        12     44316   8782264     31.96   3364440   4111880       116       128
07:21:47 PM    208888    101980   7803840     98.71        12     45672   8782264     31.96   3366048   4111932       116       128
07:21:52 PM    208888    101996   7803824     98.71        12     45672   8782264     31.96   3366072   4111948       116       128
07:21:57 PM    182680     75936   7829884     99.04        12     45968   8782264     31.96   3390168   4111948       116       128
07:22:02 PM    162792     63776   7842044     99.19        24     61416   8782264     31.96   3408112   4112788        20       128
07:22:07 PM    162540     63524   7842296     99.20        24     61512   8782264     31.96   3408112   4112788        96       128
07:22:12 PM    162540     63572   7842248     99.20        24     61512   8782264     31.96   3408120   4112884       116       128
07:22:17 PM    162288     63384   7842436     99.20        24     61724   8782264     31.96   3408244   4112884       116       128
07:22:22 PM    162288     63428   7842392     99.20        24     61724   8782264     31.96   3408332   4112884       116       128
07:22:27 PM    124060     16920   7888900     99.79        24     45164   8782264     31.96   5176800   2390700       116       128
07:22:32 PM    207176     88888   7816932     98.88        12     22880   8782264     31.96   4214112   3264632        28       124
07:22:37 PM    206672     88632   7817188     98.88        24     23444   8782264     31.96   4214140   3265128        28       124
07:22:42 PM    194828     82244   7823576     98.96        24     34324   8782264     31.96   4224844   3265336       124       124
07:22:47 PM    194828     82268   7823552     98.96        24     34324   8782264     31.96   4224888   3265344       132       124
07:22:52 PM    194072     82068   7823752     98.96        24     35560   8782264     31.96   4226004   3265344       132       124
07:22:57 PM    124280      9636   7896184     99.88        24     30360   8782264     31.96   4575888   2990700       136       124
07:23:02 PM    124280      9636   7896184     99.88        24     30424   8782264     31.96   4575888   2990700       136       124
07:23:07 PM    119932      5420   7900400     99.93        24     30424   8782264     31.96   4576532   2990716        24       124
07:23:12 PM    119680      5292   7900528     99.93        24     30776   8782264     31.96   4576536   2990964        24       124
07:23:17 PM    124688     10256   7895564     99.87        24     30684   8782264     31.96   4576892   2990912        96       124
07:23:22 PM    124688     10256   7895564     99.87        24     30684   8782264     31.96   4576892   2990912       116       124
07:23:27 PM    117064      6380   7899440     99.92        24     38120   8782264     31.96   4645980   2928072       120       124
07:23:32 PM    135792     24860   7880960     99.69        24     37624   8782264     31.96   4966728   2588052       120       124
07:23:37 PM    133804     22892   7882928     99.71        24     37624   8782264     31.96   4967172   2588024       120       124
07:23:42 PM    133804     22892   7882928     99.71        24     37624   8782264     31.96   4967180   2588024        24       124
07:23:47 PM    133700     22912   7882908     99.71        24     37912   8782264     31.96   4967588   2588244        24       124
07:23:52 PM    133700     22932   7882888     99.71        24     38008   8782264     31.96   4967588   2588284        96       124
07:23:57 PM    150148     30180   7875640     99.62         8     19536   8782264     31.96   1670064   5865500       116       124
07:24:02 PM    150148     30180   7875640     99.62         8     19584   8782264     31.96   1670216   5865500       116       124
07:24:07 PM    150148     30268   7875552     99.62         8     19796   8782264     31.96   1670372   5865548       116       124
07:24:12 PM    142336     26116   7879704     99.67         8     27132   8782264     31.96   1677688   5865548       116       124
07:24:17 PM    142336     26168   7879652     99.67         8     27132   8782264     31.96   1677764   5865580        20       124
07:24:22 PM    142336     26232   7879588     99.67        20     27468   8782264     31.96   1677764   5865704        20       124
07:24:27 PM    149512     23664   7882156     99.70         4      7800   8782264     31.96   1775012   5757120        96       124
07:24:32 PM    149480     23648   7882172     99.70         4      7884   8782264     31.96   1775308   5757128       116       124
07:24:37 PM    149480     23688   7882132     99.70         4      7884   8782264     31.96   1775344   5757204       116       124
07:24:42 PM    141668     19596   7886224     99.75         4     15488   8782264     31.96   1782784   5757204       116       124
07:24:47 PM    133856     13848   7891972     99.82         4     19496   8782264     31.96   1786916   5757204       116       124
07:24:52 PM    132344     14896   7890924     99.81         4     24576   8782264     31.96   1792052   5757204        20       124
07:24:57 PM    163368     45440   7860380     99.43         4     23616   8782264     31.96   5482236   2042764        20       124
07:25:02 PM    163348     45420   7860400     99.43         4     23744   8782264     31.96   5482484   2042764        96       124
07:25:07 PM    161364     43500   7862320     99.45         4     23744   8782264     31.96   5486576   2039204       116       124
07:25:12 PM    142536     34580   7871240     99.56         4     43556   8782264     31.96   5507228   2039304       116       124
07:25:17 PM    132872     26132   7879688     99.67         4     46176   8782264     31.96   5519988   2029980       116       124
07:25:22 PM    124556     23184   7882636     99.71         4     56872   8782264     31.96   5530700   2030224       276       128
07:25:27 PM    122416     20980   7884840     99.73         4     56628   8782264     31.96   6807652    750276       180       128
07:25:32 PM    143712     41880   7863940     99.47        16     55908   8782264     31.96   1604916   5929968       180       128
07:25:37 PM    141948     41000   7864820     99.48        16     57568   8782264     31.96   1606588   5930204       284       128
07:25:42 PM    141948     41000   7864820     99.48        16     57568   8782264     31.96   1606592   5930204       304       128
07:25:47 PM    141948     41000   7864820     99.48        16     57568   8782264     31.96   1606624   5930204       304       128
07:25:52 PM    141948     41000   7864820     99.48        16     57568   8782264     31.96   1606624   5930204       196       128
07:25:57 PM    132696     33820   7872000     99.57        16     61712   8782264     31.96   1620796   5930204        20       128
07:26:02 PM    124336     25460   7880360     99.68        16     61716   8782264     31.96   1623788   5930204        24       128
07:26:07 PM    124084     25372   7880448     99.68        16     62040   8782264     31.96   1623796   5930528        28       128
07:26:12 PM    124084     25376   7880444     99.68        16     62144   8782264     31.96   1623808   5930536        96       128
07:26:17 PM    124084     25376   7880444     99.68        16     62144   8782264     31.96   1623808   5930536       116       128
07:26:22 PM    124084     25424   7880396     99.68        16     62144   8782264     31.96   1623812   5930636       116       128
07:26:27 PM    124084     25488   7880332     99.68        16     62356   8782264     31.96   1623940   5930636       116       128
07:26:32 PM    127596     16412   7889408     99.79         4     37108   8782264     31.96   3225444   4331440       116       128
07:26:37 PM    127596     16412   7889408     99.79         4     37108   8782264     31.96   3225444   4331440        20       128
07:26:42 PM    131976     25920   7879900     99.67         4     47388   8782264     31.96   5812328   1746636        96       128
07:26:47 PM    131500     26332   7879488     99.67         4     49316   8782264     31.96   5814260   1746676       116       128
07:26:52 PM    131276     26196   7879624     99.67         4     49316   8782264     31.96   5814424   1746708       116       128
07:26:57 PM    131276     26196   7879624     99.67         4     49316   8782264     31.96   5814424   1746708       116       128
07:27:02 PM    133476     21824   7883996     99.72         4     36252   8782264     31.96   1702736   5850900        96       124
07:27:07 PM    133476     21916   7883904     99.72         4     36540   8782264     31.96   1702984   5850900       116       124
07:27:12 PM    132468     21620   7884200     99.73        16     37824   8782264     31.96   1704396   5851152        20       124
07:27:17 PM    132468     21620   7884200     99.73        16     37824   8782264     31.96   1704396   5851152        20       124
07:27:22 PM    128372     17556   7888264     99.78        16     37824   8782264     31.96   1704692   5851144        20       124
07:27:27 PM    124592     15636   7890184     99.80        16     41616   8782264     31.96   1708420   5851144        20       124
07:27:32 PM    223180    110232   7795588     98.61        16     33608   8782264     31.96   1745896   5718556        20       124
07:27:37 PM    223180    110232   7795588     98.61        16     33704   8782264     31.96   1745896   5718556        96       124
07:27:42 PM    221832    109012   7796808     98.62        16     33860   8782264     31.96   1746548   5718548       116       124
07:27:47 PM    221832    109012   7796808     98.62        16     33860   8782264     31.96   1746548   5718548       116       124
07:27:52 PM    221832    109012   7796808     98.62        16     33860   8782264     31.96   1747532   5717964       116       124
07:27:57 PM    205452     98756   7807064     98.75        16     46220   8782264     31.96   1762556   5717964       116       124
07:28:02 PM    173952     67312   7838508     99.15        16     46220   8782264     31.96   1792656   5717964       116       124
07:28:07 PM    173952     67560   7838260     99.15        16     46780   8782264     31.96   1792656   5718460        20       124
07:28:12 PM    173952     67640   7838180     99.14        16     46876   8782264     31.96   1792660   5718620        96       124
07:28:17 PM    173460     67228   7838592     99.15        16     47088   8782264     31.96   1792904   5718620       116       124
07:28:22 PM    173460     67260   7838560     99.15        16     47104   8782264     31.96   1793004   5718620       116       124
07:28:27 PM    173460     67260   7838560     99.15        16     47104   8782264     31.96   1793004   5718620       116       124
07:28:32 PM    164124     44356   7861464     99.44         4     20008   8782264     31.96   2472892   5044608        96       124
07:28:37 PM    164124     44480   7861340     99.44         4     20336   8782264     31.96   2473104   5044648       120       124
07:28:42 PM    158832     41544   7864276     99.47        16     24956   8782264     31.96   2477688   5045008        24       124
07:28:47 PM    155052     39064   7866756     99.51        16     27620   8782264     31.96   2480292   5045008        24       124
07:28:52 PM    155052     39096   7866724     99.51        16     27620   8782264     31.96   2480352   5045008        24       124
07:28:57 PM    155052     39096   7866724     99.51        16     27620   8782264     31.96   2480496   5045008        24       124
07:29:02 PM    150264     34888   7870932     99.56        16     28780   8782264     31.96   2485440   5045008        24       124
07:29:07 PM    150264     34888   7870932     99.56        16     28880   8782264     31.96   2485440   5045008        96       124
07:29:12 PM    150264     34936   7870884     99.56        16     28880   8782264     31.96   2485648   5045108       116       124
07:29:17 PM    150264     34936   7870884     99.56        16     28880   8782264     31.96   2485648   5045108       116       124
07:29:22 PM    150040     34848   7870972     99.56        16     29152   8782264     31.96   2485652   5045380        20       124
07:29:27 PM    149788     34660   7871160     99.56        16     29352   8782264     31.96   2485776   5045380        20       124
07:29:32 PM    133940     18848   7886972     99.76        16     29352   8782264     31.96   2501832   5045380        20       124
07:29:37 PM    133940     18848   7886972     99.76        16     29352   8782264     31.96   2501832   5045380        20       124
07:29:42 PM    133688     18596   7887224     99.76        16     29448   8782264     31.96   2501832   5045380        96       124
07:29:47 PM    133688     18644   7887176     99.76        16     29448   8782264     31.96   2501832   5045476       116       124
07:29:52 PM    133688     18644   7887176     99.76        16     29448   8782264     31.96   2501832   5045476       116       124
07:29:57 PM    130412     17900   7887920     99.77        16     34528   8782264     31.96   2510308   5045484       124       124
07:30:02 PM    120332      8356   7897464     99.89        16     35752   8782264     31.96   2520600   5045484       124       124
07:30:07 PM    120332      8440   7897380     99.89        16     35752   8782264     31.96   2520848   5045484       124       124
07:30:12 PM    146280     33564   7872256     99.58        16     34236   8782264     31.96   1668320   5874104         0       124
07:30:17 PM    139064     30440   7875380     99.61        16     42412   8782264     31.96   1676752   5874128        20       124
07:30:22 PM    123692     20848   7884972     99.74        16     53952   8782264     31.96   1688232   5874452       180       128
07:30:27 PM    123692     21056   7884764     99.73        16     54328   8782264     31.96   1689096   5874500       212       128
07:30:32 PM    119912     18476   7887344     99.77        16     56728   8782264     31.96   1692476   5874580       104       128
07:30:37 PM    119912     18504   7887316     99.77        16     56724   8782264     31.96   1692512   5874640       100       128
07:30:42 PM    119912     18504   7887316     99.77        16     56836   8782264     31.96   1692516   5874640       204       128
07:30:47 PM    119912     18608   7887212     99.76        16     56932   8782264     31.96   1692516   5874848       280       128
07:30:52 PM    119912     18672   7887148     99.76        16     57076   8782264     31.96   1692516   5874972        20       128
07:30:57 PM    232104    125892   7779928     98.41         4     47196   8782264     31.96   2618124   4837856        20       128
07:31:02 PM    231880    125668   7780152     98.41         4     47228   8782264     31.96   2621596   4837856        20       128
07:31:07 PM    231656    125496   7780324     98.41         4     47228   8782264     31.96   2621700   4837920        20       128
07:31:12 PM    231656    125496   7780324     98.41         4     47232   8782264     31.96   2621700   4837920        24       128
07:31:17 PM    231656    125496   7780324     98.41         4     47232   8782264     31.96   2621712   4837924        24       128
07:31:22 PM    231404    125244   7780576     98.42         4     47328   8782264     31.96   2621712   4837924        96       128
07:31:27 PM    231404    125292   7780528     98.42         4     47328   8782264     31.96   2621712   4838020       116       128
07:31:32 PM    132860     17712   7888108     99.78         4     29352   8782264     31.96   2739952   4818908        96       128
07:31:37 PM    132860     17760   7888060     99.78         4     29352   8782264     31.96   2740004   4819012       116       128
07:31:42 PM    112324      7060   7898760     99.91         4     49172   8782264     31.96   3114708   4462276        96       128
07:31:47 PM    108068      3872   7901948     99.95         4     51160   8782264     31.96   3116964   4462344       116       128
07:31:52 PM    108068      3872   7901948     99.95         4     51160   8782264     31.96   3116964   4462344       116       128
07:31:57 PM    122592     14564   7891256     99.82         4     43508   8782264     31.96   1724528   5845924       116       128
07:32:02 PM    124440     16128   7889692     99.80         4     43080   8782264     31.96   1736008   5836916        20       128
07:32:07 PM    120660     13728   7892092     99.83         4     45708   8782264     31.96   1738876   5836916        20       128
07:32:12 PM    120660     13728   7892092     99.83         4     45712   8782264     31.96   1738880   5836920        24       128
07:32:17 PM    120660     13788   7892032     99.83         4     45808   8782264     31.96   1738904   5837016       108       128
07:32:22 PM    120660     13788   7892032     99.83         4     45808   8782264     31.96   1738904   5837016       116       128
07:32:27 PM    218144    113248   7792572     98.57         4     49972   8782264     31.96   1839408   5638884       116       124
07:32:32 PM    119360     14524   7891296     99.82         4     49972   8782264     31.96   1940468   5638884       116       124
07:32:37 PM    119360     14572   7891248     99.82         4     49972   8782264     31.96   1940608   5638884       116       124
07:32:42 PM    119108     14384   7891436     99.82        16     50196   8782264     31.96   1940616   5639008        20       124
07:32:47 PM    127600     20376   7885444     99.74        16     45084   8782264     31.96   3880912   3692232        20       124
07:32:52 PM    127600     20436   7885384     99.74        16     45316   8782264     31.96   3880984   3692284        96       124
07:32:57 PM    127600     20492   7885328     99.74        16     45316   8782264     31.96   3880984   3692392       116       124
07:33:02 PM    120068     13928   7891892     99.82        16     47324   8782264     31.96   3885944   3692392       116       124
07:33:07 PM    120068     13964   7891856     99.82        16     47324   8782264     31.96   3886024   3692392       116       124
07:33:12 PM    120068     13964   7891856     99.82        16     47324   8782264     31.96   3886024   3692392       116       124
07:33:17 PM    120068     13964   7891856     99.82        16     47328   8782264     31.96   3886032   3692392       120       124
07:33:22 PM    119564     13584   7892236     99.83        16     47660   8782264     31.96   3886032   3692644        24       124
07:33:27 PM    119564     13592   7892228     99.83        16     47756   8782264     31.96   3886068   3692660        96       124
07:33:32 PM    119564     13676   7892144     99.83        16     47756   8782264     31.96   3886148   3692824       116       124
07:33:37 PM    119564     13676   7892144     99.83        16     47764   8782264     31.96   3886152   3692828       124       124
07:33:42 PM    119564     13680   7892140     99.83        16     47764   8782264     31.96   3886164   3692832       124       124
07:33:47 PM    119324     13440   7892380     99.83        16     47768   8782264     31.96   3886164   3692832       128       124
07:33:52 PM    119100     13216   7892604     99.83        16     47768   8782264     31.96   3886168   3692836        32       124
07:33:57 PM    136052     21336   7884484     99.73         4     30112   8782264     31.96   3722208   3841148        32       124
07:34:02 PM    135828     21128   7884692     99.73         4     30256   8782264     31.96   3722228   3841180       112       124
07:34:07 PM    135828     21128   7884692     99.73         4     30256   8782264     31.96   3722228   3841180       132       124
07:34:12 PM    131796     19692   7886128     99.75         4     35424   8782156     31.96   3727320   3841292       132       124
07:34:17 PM    131040     19312   7886508     99.76         4     36180   8782156     31.96   3728172   3841292       132       124
Average:      2170830   2121990   5783830     73.16       749    136864   8782190     31.96   3619271   1901705       114      3151
