Linux 7.0.10-arch1-1 (archlinux) 	05/28/2026 	_x86_64_	(4 CPU)

07:54:15 AM   %sio-10   %sio-60  %sio-300      %sio   %fio-10   %fio-60  %fio-300      %fio
07:54:20 AM      0.00      0.03      0.01      0.00      0.00      0.00      0.00      0.00
07:54:25 AM      0.00      0.02      0.01      0.00      0.00      0.00      0.00      0.00
07:54:30 AM      0.00      0.02      0.01      0.00      0.00      0.00      0.00      0.00
07:54:35 AM      0.00      0.02      0.01      0.00      0.00      0.00      0.00      0.00
07:54:40 AM      0.00      0.02      0.01      0.00      0.00      0.00      0.00      0.00
07:54:45 AM      0.00      0.01      0.01      0.00      0.00      0.00      0.00      0.00
07:54:50 AM      0.00      0.01      0.01      0.00      0.00      0.00      0.00      0.00
07:54:55 AM      0.00      0.01      0.00      0.00      0.00      0.00      0.00      0.00
07:55:00 AM      0.00      0.01      0.00      0.00      0.00      0.00      0.00      0.00
07:55:05 AM      0.00      0.01      0.00      0.00      0.00      0.00      0.00      0.00
07:55:10 AM      0.00      0.01      0.00      0.00      0.00      0.00      0.00      0.00
07:55:15 AM      0.00      0.00      0.00      0.00      0.00      0.00      0.00      0.00
07:55:20 AM      0.00      0.00      0.00      0.00      0.00      0.00      0.00      0.00
07:55:25 AM      0.00      0.00      0.00      0.00      0.00      0.00      0.00      0.00
07:55:30 AM      0.00      0.00      0.00      0.00      0.00      0.00      0.00      0.00
07:55:35 AM      0.00      0.00      0.00      0.00      0.00      0.00      0.00      0.00
07:55:40 AM      0.00      0.00      0.00      0.00      0.00      0.00      0.00      0.00
07:55:45 AM      0.00      0.00      0.00      0.00      0.00      0.00      0.00      0.00
07:55:50 AM      0.00      0.00      0.00      0.00      0.00      0.00      0.00      0.00
07:55:55 AM      0.00      0.00      0.00      0.00      0.00      0.00      0.00      0.00
07:56:00 AM      0.00      0.00      0.00      0.00      0.00      0.00      0.00      0.00
07:56:05 AM      0.00      0.00      0.00      0.00      0.00      0.00      0.00      0.00
07:56:10 AM      0.00      0.00      0.00      0.00      0.00      0.00      0.00      0.00
07:56:15 AM      0.00      0.00      0.00      0.00      0.00      0.00      0.00      0.00
07:56:20 AM      0.00      0.00      0.00      0.00      0.00      0.00      0.00      0.00
07:56:25 AM      0.00      0.00      0.00      0.00      0.00      0.00      0.00      0.00
07:56:30 AM      0.00      0.00      0.00      0.00      0.00      0.00      0.00      0.00
07:56:35 AM      0.00      0.00      0.00      0.00      0.00      0.00      0.00      0.00
07:56:40 AM      0.00      0.00      0.00      0.00      0.00      0.00      0.00      0.00
07:56:45 AM      0.00      0.00      0.00      0.00      0.00      0.00      0.00      0.00
07:56:50 AM      0.00      0.00      0.00      0.00      0.00      0.00      0.00      0.00
07:56:55 AM      0.00      0.00      0.00      0.00      0.00      0.00      0.00      0.00
07:57:00 AM      0.00      0.00      0.00      0.01      0.00      0.00      0.00      0.01
07:57:05 AM      0.00      0.00      0.00      0.00      0.00      0.00      0.00      0.00
07:57:10 AM      0.00      0.00      0.00      0.00      0.00      0.00      0.00      0.00
07:57:15 AM      0.00      0.00      0.00      0.00      0.00      0.00      0.00      0.00
07:57:20 AM      0.00      0.00      0.00      0.00      0.00      0.00      0.00      0.00
07:57:25 AM      0.00      0.00      0.00      0.00      0.00      0.00      0.00      0.00
07:57:30 AM      0.00      0.00      0.00      0.00      0.00      0.00      0.00      0.00
07:57:35 AM      0.00      0.00      0.00      0.00      0.00      0.00      0.00      0.00
07:57:40 AM      0.00      0.00      0.00      0.00      0.00      0.00      0.00      0.00
07:57:45 AM      0.00      0.00      0.00      0.01      0.00      0.00      0.00      0.01
07:57:50 AM      0.00      0.00      0.00      0.00      0.00      0.00      0.00      0.00
07:57:55 AM      0.00      0.00      0.00      0.00      0.00      0.00      0.00      0.00
07:58:00 AM      0.00      0.00      0.00      0.00      0.00      0.00      0.00      0.00
07:58:05 AM      0.00      0.00      0.00      0.02      0.00      0.00      0.00      0.01
07:58:10 AM      0.00      0.00      0.00      0.00      0.00      0.00      0.00      0.00
07:58:15 AM      0.00      0.00      0.00      0.00      0.00      0.00      0.00      0.00
07:58:20 AM      0.00      0.00      0.00      0.00      0.00      0.00      0.00      0.00
07:58:25 AM      0.00      0.00      0.00      0.00      0.00      0.00      0.00      0.00
07:58:30 AM      0.00      0.00      0.00      0.00      0.00      0.00      0.00      0.00
07:58:35 AM      0.00      0.00      0.00      0.00      0.00      0.00      0.00      0.00
07:58:40 AM      0.00      0.00      0.00      0.01      0.00      0.00      0.00      0.00
07:58:45 AM      0.00      0.00      0.00      0.00      0.00      0.00      0.00      0.00
07:58:50 AM      0.00      0.00      0.00      0.00      0.00      0.00      0.00      0.00
07:58:55 AM      0.00      0.00      0.00      0.01      0.00      0.00      0.00      0.00
07:59:00 AM      0.00      0.00      0.00      0.00      0.00      0.00      0.00      0.00
07:59:05 AM      0.00      0.00      0.00      0.01      0.00      0.00      0.00      0.01
07:59:10 AM      0.00      0.00      0.00      0.00      0.00      0.00      0.00      0.00
07:59:15 AM      0.00      0.00      0.00      0.00      0.00      0.00      0.00      0.00
07:59:20 AM      0.00      0.00      0.00      0.00      0.00      0.00      0.00      0.00
07:59:25 AM      0.00      0.00      0.00      0.01      0.00      0.00      0.00      0.01
07:59:30 AM      0.00      0.00      0.00      0.00      0.00      0.00      0.00      0.00
07:59:35 AM      0.00      0.00      0.00      0.00      0.00      0.00      0.00      0.00
07:59:40 AM      0.00      0.00      0.00      0.00      0.00      0.00      0.00      0.00
07:59:45 AM      0.00      0.00      0.00      0.00      0.00      0.00      0.00      0.00
07:59:50 AM      0.00      0.00      0.00      0.00      0.00      0.00      0.00      0.00
07:59:55 AM      0.00      0.00      0.00      0.00      0.00      0.00      0.00      0.00
08:00:00 AM      0.00      0.00      0.00      0.00      0.00      0.00      0.00      0.00
08:00:05 AM      0.00      0.00      0.00      0.00      0.00      0.00      0.00      0.00
08:00:10 AM      0.00      0.00      0.00      0.01      0.00      0.00      0.00      0.00
08:00:15 AM      0.00      0.00      0.00      0.00      0.00      0.00      0.00      0.00
08:00:20 AM      0.00      0.00      0.00      0.00      0.00      0.00      0.00      0.00
08:00:25 AM      0.00      0.00      0.00      0.00      0.00      0.00      0.00      0.00
08:00:30 AM      0.00      0.00      0.00      0.00      0.00      0.00      0.00      0.00
08:00:35 AM      0.00      0.00      0.00      0.00      0.00      0.00      0.00      0.00
08:00:40 AM      0.00      0.00      0.00      0.00      0.00      0.00      0.00      0.00
08:00:45 AM      0.00      0.00      0.00      0.00      0.00      0.00      0.00      0.00
08:00:50 AM      0.00      0.00      0.00      0.00      0.00      0.00      0.00      0.00
08:00:55 AM      0.00      0.00      0.00      0.00      0.00      0.00      0.00      0.00
08:01:00 AM      0.00      0.00      0.00      0.00      0.00      0.00      0.00      0.00
08:01:05 AM      0.00      0.00      0.00      0.00      0.00      0.00      0.00      0.00
08:01:10 AM      0.00      0.00      0.00      0.01      0.00      0.00      0.00      0.00
08:01:15 AM      0.00      0.00      0.00      0.00      0.00      0.00      0.00      0.00
08:01:20 AM      0.00      0.00      0.00      0.00      0.00      0.00      0.00      0.00
08:01:25 AM      0.00      0.00      0.00      0.00      0.00      0.00      0.00      0.00
08:01:30 AM      0.00      0.00      0.00      0.01      0.00      0.00      0.00      0.00
08:01:35 AM      0.00      0.00      0.00      0.00      0.00      0.00      0.00      0.00
08:01:40 AM      0.00      0.00      0.00      0.01      0.00      0.00      0.00      0.01
08:01:45 AM      0.00      0.00      0.00      0.01      0.00      0.00      0.00      0.01
08:01:50 AM      0.00      0.00      0.00      0.00      0.00      0.00      0.00      0.00
08:01:55 AM      0.00      0.00      0.00      0.00      0.00      0.00      0.00      0.00
08:02:00 AM      0.00      0.00      0.00      0.00      0.00      0.00      0.00      0.00
08:02:05 AM      0.00      0.00      0.00      0.01      0.00      0.00      0.00      0.01
08:02:10 AM      0.00      0.00      0.00      0.00      0.00      0.00      0.00      0.00
08:02:15 AM      0.00      0.00      0.00      0.01      0.00      0.00      0.00      0.00
08:02:20 AM      0.00      0.00      0.00      0.00      0.00      0.00      0.00      0.00
08:02:25 AM      0.00      0.00      0.00      0.01      0.00      0.00      0.00      0.01
08:02:30 AM      0.00      0.00      0.00      0.00      0.00      0.00      0.00      0.00
08:02:35 AM      0.00      0.00      0.00      0.01      0.00      0.00      0.00      0.01
08:02:40 AM      0.00      0.00      0.00      0.00      0.00      0.00      0.00      0.00
08:02:45 AM      0.00      0.00      0.00      0.00      0.00      0.00      0.00      0.00
08:02:50 AM      0.00      0.00      0.00      0.00      0.00      0.00      0.00      0.00
08:02:55 AM      0.00      0.00      0.00      0.00      0.00      0.00      0.00      0.00
08:03:00 AM      0.00      0.00      0.00      0.01      0.00      0.00      0.00      0.00
08:03:05 AM      0.00      0.00      0.00      0.01      0.00      0.00      0.00      0.01
08:03:10 AM      0.00      0.00      0.00      0.00      0.00      0.00      0.00      0.00
08:03:15 AM      0.00      0.00      0.00      0.01      0.00      0.00      0.00      0.01
08:03:20 AM      0.00      0.00      0.00      0.00      0.00      0.00      0.00      0.00
08:03:25 AM      0.00      0.00      0.00      0.00      0.00      0.00      0.00      0.00
08:03:30 AM      0.00      0.00      0.00      0.00      0.00      0.00      0.00      0.00
08:03:35 AM      0.00      0.00      0.00      0.01      0.00      0.00      0.00      0.01
08:03:40 AM      0.00      0.00      0.00      0.00      0.00      0.00      0.00      0.00
08:03:45 AM      0.00      0.00      0.00      0.00      0.00      0.00      0.00      0.00
08:03:50 AM      0.00      0.00      0.00      0.00      0.00      0.00      0.00      0.00
08:03:55 AM      0.00      0.00      0.00      0.01      0.00      0.00      0.00      0.00
08:04:00 AM      0.00      0.00      0.00      0.00      0.00      0.00      0.00      0.00
08:04:05 AM      0.00      0.00      0.00      0.00      0.00      0.00      0.00      0.00
08:04:10 AM      0.00      0.00      0.00      0.00      0.00      0.00      0.00      0.00
08:04:15 AM      0.00      0.00      0.00      0.00      0.00      0.00      0.00      0.00
08:04:20 AM      0.00      0.00      0.00      0.00      0.00      0.00      0.00      0.00
08:04:25 AM      0.00      0.00      0.00      0.01      0.00      0.00      0.00      0.00
08:04:30 AM      0.00      0.00      0.00      0.00      0.00      0.00      0.00      0.00
08:04:35 AM      0.00      0.00      0.00      0.00      0.00      0.00      0.00      0.00
08:04:40 AM      0.00      0.00      0.00      0.00      0.00      0.00      0.00      0.00
08:04:45 AM      0.00      0.00      0.00      0.00      0.00      0.00      0.00      0.00
08:04:50 AM      0.00      0.00      0.00      0.00      0.00      0.00      0.00      0.00
08:04:55 AM      0.00      0.00      0.00      0.00      0.00      0.00      0.00      0.00
08:05:00 AM      0.00      0.00      0.00      0.00      0.00      0.00      0.00      0.00
08:05:05 AM      0.00      0.00      0.00      0.00      0.00      0.00      0.00      0.00
08:05:10 AM      0.00      0.00      0.00      0.00      0.00      0.00      0.00      0.00
08:05:15 AM      0.00      0.00      0.00      0.00      0.00      0.00      0.00      0.00
08:05:20 AM      0.00      0.00      0.00      0.00      0.00      0.00      0.00      0.00
08:05:25 AM      0.00      0.00      0.00      0.00      0.00      0.00      0.00      0.00
08:05:30 AM      0.00      0.00      0.00      0.00      0.00      0.00      0.00      0.00
08:05:35 AM      0.00      0.00      0.00      0.00      0.00      0.00      0.00      0.00
08:05:40 AM      0.00      0.00      0.00      0.00      0.00      0.00      0.00      0.00
08:05:45 AM      0.00      0.00      0.00      0.00      0.00      0.00      0.00      0.00
08:05:50 AM      0.00      0.00      0.00      0.00      0.00      0.00      0.00      0.00
08:05:55 AM      0.00      0.00      0.00      0.00      0.00      0.00      0.00      0.00
08:06:00 AM      0.00      0.00      0.00      0.00      0.00      0.00      0.00      0.00
08:06:05 AM      0.00      0.00      0.00      0.00      0.00      0.00      0.00      0.00
08:06:10 AM      0.00      0.00      0.00      0.00      0.00      0.00      0.00      0.00
08:06:15 AM      0.00      0.00      0.00      0.00      0.00      0.00      0.00      0.00
08:06:20 AM      0.00      0.00      0.00      0.00      0.00      0.00      0.00      0.00
08:06:25 AM      0.00      0.00      0.00      0.00      0.00      0.00      0.00      0.00
08:06:30 AM      0.00      0.00      0.00      0.00      0.00      0.00      0.00      0.00
08:06:35 AM      0.00      0.00      0.00      0.00      0.00      0.00      0.00      0.00
08:06:40 AM      0.00      0.00      0.00      0.00      0.00      0.00      0.00      0.00
08:06:45 AM      0.00      0.00      0.00      0.00      0.00      0.00      0.00      0.00
08:06:50 AM      0.00      0.00      0.00      0.00      0.00      0.00      0.00      0.00
08:06:55 AM      0.00      0.00      0.00      0.00      0.00      0.00      0.00      0.00
08:07:00 AM      0.00      0.00      0.00      0.01      0.00      0.00      0.00      0.00
08:07:05 AM      0.00      0.00      0.00      0.00      0.00      0.00      0.00      0.00
08:07:10 AM      0.00      0.00      0.00      0.00      0.00      0.00      0.00      0.00
08:07:15 AM      0.00      0.00      0.00      0.00      0.00      0.00      0.00      0.00
08:07:20 AM      0.00      0.00      0.00      0.00      0.00      0.00      0.00      0.00
08:07:25 AM      0.00      0.00      0.00      0.00      0.00      0.00      0.00      0.00
08:07:30 AM      0.00      0.00      0.00      0.00      0.00      0.00      0.00      0.00
08:07:35 AM      0.00      0.00      0.00      0.00      0.00      0.00      0.00      0.00
08:07:40 AM      0.00      0.00      0.00      0.00      0.00      0.00      0.00      0.00
08:07:45 AM      0.00      0.00      0.00      0.00      0.00      0.00      0.00      0.00
08:07:50 AM      0.00      0.00      0.00      0.00      0.00      0.00      0.00      0.00
08:07:55 AM      0.00      0.00      0.00      0.00      0.00      0.00      0.00      0.00
08:08:00 AM      0.00      0.00      0.00      0.00      0.00      0.00      0.00      0.00
08:08:05 AM      0.00      0.00      0.00      0.02      0.00      0.00      0.00      0.01
08:08:10 AM      0.00      0.00      0.00      0.00      0.00      0.00      0.00      0.00
08:08:15 AM      0.00      0.00      0.00      0.00      0.00      0.00      0.00      0.00
08:08:20 AM      0.00      0.00      0.00      0.00      0.00      0.00      0.00      0.00
08:08:25 AM      0.00      0.00      0.00      0.00      0.00      0.00      0.00      0.00
08:08:30 AM      0.00      0.00      0.00      0.00      0.00      0.00      0.00      0.00
08:08:35 AM      0.00      0.00      0.00      0.00      0.00      0.00      0.00      0.00
08:08:40 AM      0.00      0.00      0.00      0.00      0.00      0.00      0.00      0.00
08:08:45 AM      0.00      0.00      0.00      0.00      0.00      0.00      0.00      0.00
08:08:50 AM      0.00      0.00      0.00      0.00      0.00      0.00      0.00      0.00
08:08:55 AM      0.00      0.00      0.00      0.00      0.00      0.00      0.00      0.00
08:09:00 AM      0.00      0.00      0.00      0.00      0.00      0.00      0.00      0.00
08:09:05 AM      0.00      0.00      0.00      0.00      0.00      0.00      0.00      0.00
08:09:10 AM      0.00      0.00      0.00      0.00      0.00      0.00      0.00      0.00
08:09:15 AM      0.00      0.00      0.00      0.00      0.00      0.00      0.00      0.00
08:09:20 AM      0.00      0.00      0.00      0.00      0.00      0.00      0.00      0.00
08:09:25 AM      0.00      0.00      0.00      0.01      0.00      0.00      0.00      0.01
08:09:30 AM      0.00      0.00      0.00      0.00      0.00      0.00      0.00      0.00
08:09:35 AM      0.00      0.00      0.00      0.00      0.00      0.00      0.00      0.00
08:09:40 AM      0.00      0.00      0.00      0.00      0.00      0.00      0.00      0.00
08:09:45 AM      0.00      0.00      0.00      0.00      0.00      0.00      0.00      0.00
08:09:50 AM      0.00      0.00      0.00      0.00      0.00      0.00      0.00      0.00
08:09:55 AM      0.00      0.00      0.00      0.00      0.00      0.00      0.00      0.00
08:10:00 AM      0.00      0.00      0.00      0.00      0.00      0.00      0.00      0.00
08:10:05 AM      0.00      0.00      0.00      0.00      0.00      0.00      0.00      0.00
08:10:10 AM      0.00      0.00      0.00      0.00      0.00      0.00      0.00      0.00
08:10:15 AM      0.00      0.00      0.00      0.00      0.00      0.00      0.00      0.00
08:10:20 AM      0.00      0.00      0.00      0.00      0.00      0.00      0.00      0.00
08:10:25 AM      0.00      0.00      0.00      0.00      0.00      0.00      0.00      0.00
08:10:30 AM      0.00      0.00      0.00      0.00      0.00      0.00      0.00      0.00
08:10:35 AM      0.00      0.00      0.00      0.01      0.00      0.00      0.00      0.01
08:10:40 AM      0.00      0.00      0.00      0.00      0.00      0.00      0.00      0.00
08:10:45 AM      0.00      0.00      0.00      0.00      0.00      0.00      0.00      0.00
08:10:50 AM      0.00      0.00      0.00      0.01      0.00      0.00      0.00      0.01
08:10:55 AM      0.00      0.00      0.00      0.00      0.00      0.00      0.00      0.00
08:11:00 AM      0.00      0.00      0.00      0.00      0.00      0.00      0.00      0.00
08:11:05 AM      0.00      0.00      0.00      0.01      0.00      0.00      0.00      0.01
08:11:10 AM      0.00      0.00      0.00      0.00      0.00      0.00      0.00      0.00
08:11:15 AM      0.00      0.00      0.00      0.00      0.00      0.00      0.00      0.00
08:11:20 AM      0.00      0.00      0.00      0.00      0.00      0.00      0.00      0.00
08:11:25 AM      0.00      0.00      0.00      0.00      0.00      0.00      0.00      0.00
08:11:30 AM      0.00      0.00      0.00      0.00      0.00      0.00      0.00      0.00
08:11:35 AM      0.00      0.00      0.00      0.00      0.00      0.00      0.00      0.00
08:11:40 AM      0.00      0.00      0.00      0.00      0.00      0.00      0.00      0.00
08:11:45 AM      0.00      0.00      0.00      0.00      0.00      0.00      0.00      0.00
08:11:50 AM      0.00      0.00      0.00      0.00      0.00      0.00      0.00      0.00
08:11:55 AM      0.00      0.00      0.00      0.00      0.00      0.00      0.00      0.00
08:12:00 AM      0.00      0.00      0.00      0.00      0.00      0.00      0.00      0.00
08:12:05 AM      0.00      0.00      0.00      0.00      0.00      0.00      0.00      0.00
08:12:10 AM      0.00      0.00      0.00      0.00      0.00      0.00      0.00      0.00
08:12:15 AM      0.00      0.00      0.00      0.00      0.00      0.00      0.00      0.00
08:12:20 AM      0.00      0.00      0.00      0.00      0.00      0.00      0.00      0.00
08:12:25 AM      0.00      0.00      0.00      0.00      0.00      0.00      0.00      0.00
08:12:30 AM      0.00      0.00      0.00      0.00      0.00      0.00      0.00      0.00
08:12:35 AM      0.00      0.00      0.00      0.00      0.00      0.00      0.00      0.00
08:12:40 AM      0.00      0.00      0.00      0.01      0.00      0.00      0.00      0.01
08:12:45 AM      0.00      0.00      0.00      0.00      0.00      0.00      0.00      0.00
08:12:50 AM      0.00      0.00      0.00      0.00      0.00      0.00      0.00      0.00
08:12:55 AM      0.00      0.00      0.00      0.00      0.00      0.00      0.00      0.00
08:13:00 AM      0.00      0.00      0.00      0.00      0.00      0.00      0.00      0.00
08:13:05 AM      0.00      0.00      0.00      0.00      0.00      0.00      0.00      0.00
08:13:10 AM      0.00      0.00      0.00      0.00      0.00      0.00      0.00      0.00
08:13:15 AM      0.00      0.00      0.00      0.00      0.00      0.00      0.00      0.00
08:13:20 AM      0.00      0.00      0.00      0.00      0.00      0.00      0.00      0.00
08:13:25 AM      0.00      0.00      0.00      0.01      0.00      0.00      0.00      0.01
08:13:30 AM      0.00      0.00      0.00      0.00      0.00      0.00      0.00      0.00
08:13:35 AM      0.00      0.00      0.00      0.01      0.00      0.00      0.00      0.01
08:13:40 AM      0.00      0.00      0.00      0.00      0.00      0.00      0.00      0.00
08:13:45 AM      0.00      0.00      0.00      0.00      0.00      0.00      0.00      0.00
08:13:50 AM      0.00      0.00      0.00      0.00      0.00      0.00      0.00      0.00
08:13:55 AM      0.00      0.00      0.00      0.01      0.00      0.00      0.00      0.01
08:14:00 AM      0.00      0.00      0.00      0.00      0.00      0.00      0.00      0.00
08:14:05 AM      0.00      0.00      0.00      0.00      0.00      0.00      0.00      0.00
08:14:10 AM      0.00      0.00      0.00      0.00      0.00      0.00      0.00      0.00
08:14:15 AM      0.00      0.00      0.00      0.00      0.00      0.00      0.00      0.00
08:14:20 AM      0.00      0.00      0.00      0.01      0.00      0.00      0.00      0.01
08:14:25 AM      0.00      0.00      0.00      0.00      0.00      0.00      0.00      0.00
08:14:30 AM      0.00      0.00      0.00      0.01      0.00      0.00      0.00      0.01
08:14:35 AM      0.00      0.00      0.00      0.00      0.00      0.00      0.00      0.00
08:14:40 AM      0.00      0.00      0.00      0.01      0.00      0.00      0.00      0.01
08:14:45 AM      0.00      0.00      0.00      0.00      0.00      0.00      0.00      0.00
08:14:50 AM      0.00      0.00      0.00      0.01      0.00      0.00      0.00      0.01
08:14:55 AM      0.00      0.00      0.00      0.01      0.00      0.00      0.00      0.01
08:15:00 AM      0.00      0.00      0.00      0.00      0.00      0.00      0.00      0.00
08:15:05 AM      0.00      0.00      0.00      0.00      0.00      0.00      0.00      0.00
08:15:10 AM      0.00      0.00      0.00      0.06      0.00      0.00      0.00      0.06
08:15:15 AM      0.00      0.00      0.00      0.00      0.00      0.00      0.00      0.00
08:15:20 AM      0.00      0.00      0.00      0.00      0.00      0.00      0.00      0.00
08:15:25 AM      0.00      0.00      0.00      0.00      0.00      0.00      0.00      0.00
08:15:30 AM      0.00      0.00      0.00      0.00      0.00      0.00      0.00      0.00
08:15:35 AM      0.00      0.00      0.00      0.00      0.00      0.00      0.00      0.00
08:15:40 AM      0.00      0.00      0.00      0.01      0.00      0.00      0.00      0.01
08:15:45 AM      0.00      0.00      0.00      0.00      0.00      0.00      0.00      0.00
08:15:50 AM      0.00      0.00      0.00      0.00      0.00      0.00      0.00      0.00
08:15:55 AM      0.00      0.00      0.00      0.00      0.00      0.00      0.00      0.00
08:16:00 AM      0.00      0.00      0.00      0.00      0.00      0.00      0.00      0.00
08:16:05 AM      0.00      0.00      0.00      0.02      0.00      0.00      0.00      0.02
08:16:10 AM      0.00      0.00      0.00      0.01      0.00      0.00      0.00      0.01
08:16:15 AM      0.00      0.00      0.00      0.00      0.00      0.00      0.00      0.00
08:16:20 AM      0.00      0.00      0.00      0.00      0.00      0.00      0.00      0.00
08:16:25 AM      0.00      0.00      0.00      0.01      0.00      0.00      0.00      0.01
08:16:30 AM      0.00      0.00      0.00      0.00      0.00      0.00      0.00      0.00
08:16:35 AM      0.00      0.00      0.00      0.00      0.00      0.00      0.00      0.00
08:16:40 AM      0.00      0.00      0.00      0.00      0.00      0.00      0.00      0.00
08:16:45 AM      0.00      0.00      0.00      0.00      0.00      0.00      0.00      0.00
08:16:50 AM      0.00      0.00      0.00      0.00      0.00      0.00      0.00      0.00
08:16:55 AM      0.00      0.00      0.00      0.00      0.00      0.00      0.00      0.00
08:17:00 AM      0.00      0.00      0.00      0.02      0.00      0.00      0.00      0.02
08:17:05 AM      0.00      0.00      0.00      0.00      0.00      0.00      0.00      0.00
08:17:10 AM      0.00      0.00      0.00      0.00      0.00      0.00      0.00      0.00
08:17:15 AM      0.00      0.00      0.00      0.00      0.00      0.00      0.00      0.00
08:17:20 AM      0.00      0.00      0.00      0.00      0.00      0.00      0.00      0.00
08:17:25 AM      0.00      0.00      0.00      0.00      0.00      0.00      0.00      0.00
08:17:30 AM      0.00      0.00      0.00      0.02      0.00      0.00      0.00      0.02
08:17:35 AM      0.00      0.00      0.00      0.00      0.00      0.00      0.00      0.00
08:17:40 AM      0.00      0.00      0.00      0.01      0.00      0.00      0.00      0.01
08:17:45 AM      0.00      0.00      0.00      0.00      0.00      0.00      0.00      0.00
08:17:50 AM      0.00      0.00      0.00      0.00      0.00      0.00      0.00      0.00
08:17:55 AM      0.00      0.00      0.00      0.00      0.00      0.00      0.00      0.00
08:18:00 AM      0.00      0.00      0.00      0.00      0.00      0.00      0.00      0.00
08:18:05 AM      0.00      0.00      0.00      0.00      0.00      0.00      0.00      0.00
08:18:10 AM      0.00      0.00      0.00      0.00      0.00      0.00      0.00      0.00
08:18:15 AM      0.00      0.00      0.00      0.01      0.00      0.00      0.00      0.01
08:18:20 AM      0.00      0.00      0.00      0.00      0.00      0.00      0.00      0.00
08:18:25 AM      0.00      0.00      0.00      0.02      0.00      0.00      0.00      0.02
08:18:30 AM      0.00      0.00      0.00      0.00      0.00      0.00      0.00      0.00
08:18:35 AM      0.00      0.00      0.00      0.00      0.00      0.00      0.00      0.00
08:18:40 AM      0.00      0.00      0.00      0.02      0.00      0.00      0.00      0.02
08:18:45 AM      0.00      0.00      0.00      0.00      0.00      0.00      0.00      0.00
08:18:50 AM      0.00      0.00      0.00      0.00      0.00      0.00      0.00      0.00
08:18:55 AM      0.00      0.00      0.00      0.00      0.00      0.00      0.00      0.00
08:19:00 AM      0.00      0.00      0.00      0.00      0.00      0.00      0.00      0.00
08:19:05 AM      0.00      0.00      0.00      0.00      0.00      0.00      0.00      0.00
08:19:10 AM      0.00      0.00      0.00      0.00      0.00      0.00      0.00      0.00
08:19:15 AM      0.00      0.00      0.00      0.00      0.00      0.00      0.00      0.00
08:19:20 AM      0.00      0.00      0.00      0.01      0.00      0.00      0.00      0.01
08:19:25 AM      0.00      0.00      0.00      0.00      0.00      0.00      0.00      0.00
08:19:30 AM      0.00      0.00      0.00      0.00      0.00      0.00      0.00      0.00
08:19:35 AM      0.00      0.00      0.00      0.00      0.00      0.00      0.00      0.00
08:19:40 AM      0.00      0.00      0.00      0.00      0.00      0.00      0.00      0.00
08:19:45 AM      0.00      0.00      0.00      0.01      0.00      0.00      0.00      0.01
08:19:50 AM      0.00      0.00      0.00      0.00      0.00      0.00      0.00      0.00
08:19:55 AM      0.00      0.00      0.00      0.01      0.00      0.00      0.00      0.01
08:20:00 AM      0.00      0.00      0.00      0.01      0.00      0.00      0.00      0.01
08:20:05 AM      0.00      0.00      0.00      0.00      0.00      0.00      0.00      0.00
08:20:10 AM      0.00      0.00      0.00      0.00      0.00      0.00      0.00      0.00
08:20:15 AM      0.00      0.00      0.00      0.02      0.00      0.00      0.00      0.02
08:20:20 AM      0.00      0.00      0.00      0.00      0.00      0.00      0.00      0.00
08:20:25 AM      0.00      0.00      0.00      0.00      0.00      0.00      0.00      0.00
08:20:30 AM      0.00      0.00      0.00      0.00      0.00      0.00      0.00      0.00
08:20:35 AM      0.00      0.00      0.00      0.01      0.00      0.00      0.00      0.01
08:20:40 AM      0.00      0.00      0.00      0.00      0.00      0.00      0.00      0.00
08:20:45 AM      0.00      0.00      0.00      0.00      0.00      0.00      0.00      0.00
08:20:50 AM      0.00      0.00      0.00      0.00      0.00      0.00      0.00      0.00
08:20:55 AM      0.00      0.00      0.00      0.00      0.00      0.00      0.00      0.00
08:21:00 AM      0.00      0.00      0.00      0.02      0.00      0.00      0.00      0.02
08:21:05 AM      0.00      0.00      0.00      0.00      0.00      0.00      0.00      0.00
08:21:10 AM      0.00      0.00      0.00      0.00      0.00      0.00      0.00      0.00
08:21:15 AM      0.00      0.00      0.00      0.02      0.00      0.00      0.00      0.02
08:21:20 AM      0.00      0.00      0.00      0.00      0.00      0.00      0.00      0.00
08:21:25 AM      0.00      0.00      0.00      0.01      0.00      0.00      0.00      0.01
08:21:30 AM      0.00      0.00      0.00      0.00      0.00      0.00      0.00      0.00
08:21:35 AM      0.00      0.00      0.00      0.00      0.00      0.00      0.00      0.00
08:21:40 AM      0.00      0.00      0.00      0.00      0.00      0.00      0.00      0.00
08:21:45 AM      0.00      0.00      0.00      0.00      0.00      0.00      0.00      0.00
08:21:50 AM      0.00      0.00      0.00      0.00      0.00      0.00      0.00      0.00
08:21:55 AM      0.00      0.00      0.00      0.00      0.00      0.00      0.00      0.00
08:22:00 AM      0.00      0.00      0.00      0.00      0.00      0.00      0.00      0.00
08:22:05 AM      0.00      0.00      0.00      0.00      0.00      0.00      0.00      0.00
08:22:10 AM      0.00      0.00      0.00      0.00      0.00      0.00      0.00      0.00
08:22:15 AM      0.00      0.00      0.00      0.00      0.00      0.00      0.00      0.00
08:22:20 AM      0.00      0.00      0.00      0.01      0.00      0.00      0.00      0.01
08:22:25 AM      0.00      0.00      0.00      0.00      0.00      0.00      0.00      0.00
08:22:30 AM      0.00      0.00      0.00      0.00      0.00      0.00      0.00      0.00
08:22:35 AM      0.00      0.00      0.00      0.00      0.00      0.00      0.00      0.00
08:22:40 AM      0.00      0.00      0.00      0.02      0.00      0.00      0.00      0.02
08:22:45 AM      0.00      0.00      0.00      0.00      0.00      0.00      0.00      0.00
08:22:50 AM      0.00      0.00      0.00      0.01      0.00      0.00      0.00      0.01
08:22:55 AM      0.00      0.00      0.00      0.00      0.00      0.00      0.00      0.00
08:23:00 AM      0.00      0.00      0.00      0.00      0.00      0.00      0.00      0.00
08:23:05 AM      0.00      0.00      0.00      0.01      0.00      0.00      0.00      0.01
08:23:10 AM      0.00      0.00      0.00      0.01      0.00      0.00      0.00      0.00
08:23:15 AM      0.00      0.00      0.00      0.00      0.00      0.00      0.00      0.00
08:23:20 AM      0.00      0.00      0.00      0.00      0.00      0.00      0.00      0.00
08:23:25 AM      0.00      0.00      0.00      0.00      0.00      0.00      0.00      0.00
08:23:30 AM      0.00      0.00      0.00      0.01      0.00      0.00      0.00      0.01
08:23:35 AM      0.00      0.00      0.00      0.00      0.00      0.00      0.00      0.00
08:23:40 AM      0.00      0.00      0.00      0.00      0.00      0.00      0.00      0.00
08:23:45 AM      0.00      0.00      0.00      0.00      0.00      0.00      0.00      0.00
08:23:50 AM      0.00      0.00      0.00      0.01      0.00      0.00      0.00      0.01
08:23:55 AM      0.00      0.00      0.00      0.00      0.00      0.00      0.00      0.00
08:24:00 AM      0.00      0.00      0.00      0.01      0.00      0.00      0.00      0.01
08:24:05 AM      0.00      0.00      0.00      0.00      0.00      0.00      0.00      0.00
08:24:10 AM      0.00      0.00      0.00      0.00      0.00      0.00      0.00      0.00
08:24:15 AM      0.00      0.00      0.00      0.00      0.00      0.00      0.00      0.00
08:24:20 AM      0.00      0.00      0.00      0.00      0.00      0.00      0.00      0.00
08:24:25 AM      0.00      0.00      0.00      0.00      0.00      0.00      0.00      0.00
08:24:30 AM      0.00      0.00      0.00      0.00      0.00      0.00      0.00      0.00
08:24:35 AM      0.00      0.00      0.00      0.01      0.00      0.00      0.00      0.01
08:24:40 AM      0.00      0.00      0.00      0.01      0.00      0.00      0.00      0.01
08:24:45 AM      0.00      0.00      0.00      0.03      0.00      0.00      0.00      0.03
08:24:50 AM      0.00      0.00      0.00      0.00      0.00      0.00      0.00      0.00
08:24:55 AM      0.00      0.00      0.00      0.01      0.00      0.00      0.00      0.01
08:25:00 AM      0.00      0.00      0.00      0.00      0.00      0.00      0.00      0.00
08:25:05 AM      0.00      0.00      0.00      0.00      0.00      0.00      0.00      0.00
08:25:10 AM      0.00      0.00      0.00      0.00      0.00      0.00      0.00      0.00
08:25:15 AM      0.00      0.00      0.00      0.00      0.00      0.00      0.00      0.00
08:25:20 AM      0.00      0.00      0.00      0.00      0.00      0.00      0.00      0.00
08:25:25 AM      0.00      0.00      0.00      0.00      0.00      0.00      0.00      0.00
08:25:30 AM      0.00      0.00      0.00      0.00      0.00      0.00      0.00      0.00
08:25:35 AM      0.00      0.00      0.00      0.00      0.00      0.00      0.00      0.00
08:25:40 AM      0.00      0.00      0.00      0.00      0.00      0.00      0.00      0.00
08:25:45 AM      0.00      0.00      0.00      0.01      0.00      0.00      0.00      0.01
08:25:50 AM      0.00      0.00      0.00      0.00      0.00      0.00      0.00      0.00
08:25:55 AM      0.00      0.00      0.00      0.01      0.00      0.00      0.00      0.01
08:26:00 AM      0.00      0.00      0.00      0.00      0.00      0.00      0.00      0.00
08:26:05 AM      0.00      0.00      0.00      0.00      0.00      0.00      0.00      0.00
08:26:10 AM      0.00      0.00      0.00      0.00      0.00      0.00      0.00      0.00
08:26:15 AM      0.00      0.00      0.00      0.00      0.00      0.00      0.00      0.00
08:26:20 AM      0.00      0.00      0.00      0.00      0.00      0.00      0.00      0.00
08:26:25 AM      0.00      0.00      0.00      0.00      0.00      0.00      0.00      0.00
08:26:30 AM      0.00      0.00      0.00      0.00      0.00      0.00      0.00      0.00
08:26:35 AM      0.00      0.00      0.00      0.00      0.00      0.00      0.00      0.00
08:26:40 AM      0.00      0.00      0.00      0.00      0.00      0.00      0.00      0.00
08:26:45 AM      0.00      0.00      0.00      0.00      0.00      0.00      0.00      0.00
08:26:50 AM      0.00      0.00      0.00      0.00      0.00      0.00      0.00      0.00
08:26:55 AM      0.00      0.00      0.00      0.00      0.00      0.00      0.00      0.00
08:27:00 AM      0.00      0.00      0.00      0.00      0.00      0.00      0.00      0.00
08:27:05 AM      0.00      0.00      0.00      0.00      0.00      0.00      0.00      0.00
08:27:10 AM      0.00      0.00      0.00      0.00      0.00      0.00      0.00      0.00
08:27:15 AM      0.00      0.00      0.00      0.00      0.00      0.00      0.00      0.00
08:27:20 AM      0.00      0.00      0.00      0.00      0.00      0.00      0.00      0.00
08:27:25 AM      0.00      0.00      0.00      0.00      0.00      0.00      0.00      0.00
08:27:30 AM      0.00      0.00      0.00      0.00      0.00      0.00      0.00      0.00
08:27:35 AM      0.00      0.00      0.00      0.00      0.00      0.00      0.00      0.00
08:27:40 AM      0.00      0.00      0.00      0.00      0.00      0.00      0.00      0.00
08:27:45 AM      0.00      0.00      0.00      0.00      0.00      0.00      0.00      0.00
08:27:50 AM      0.00      0.00      0.00      0.00      0.00      0.00      0.00      0.00
08:27:55 AM      0.00      0.00      0.00      0.02      0.00      0.00      0.00      0.02
08:28:00 AM      0.00      0.00      0.00      0.00      0.00      0.00      0.00      0.00
08:28:05 AM      0.00      0.00      0.00      0.00      0.00      0.00      0.00      0.00
08:28:10 AM      0.00      0.00      0.00      0.01      0.00      0.00      0.00      0.00
08:28:15 AM      0.00      0.00      0.00      0.00      0.00      0.00      0.00      0.00
08:28:20 AM      0.00      0.00      0.00      0.00      0.00      0.00      0.00      0.00
08:28:25 AM      0.00      0.00      0.00      0.00      0.00      0.00      0.00      0.00
08:28:30 AM      0.00      0.00      0.00      0.00      0.00      0.00      0.00      0.00
08:28:35 AM      0.00      0.00      0.00      0.00      0.00      0.00      0.00      0.00
08:28:40 AM      0.00      0.00      0.00      0.00      0.00      0.00      0.00      0.00
08:28:45 AM      0.00      0.00      0.00      0.00      0.00      0.00      0.00      0.00
08:28:50 AM      0.00      0.00      0.00      0.00      0.00      0.00      0.00      0.00
08:28:55 AM      0.00      0.00      0.00      0.03      0.00      0.00      0.00      0.03
08:29:00 AM      0.00      0.00      0.00      0.00      0.00      0.00      0.00      0.00
08:29:05 AM      0.00      0.00      0.00      0.00      0.00      0.00      0.00      0.00
08:29:10 AM      0.00      0.00      0.00      0.00      0.00      0.00      0.00      0.00
08:29:15 AM      0.00      0.00      0.00      0.00      0.00      0.00      0.00      0.00
08:29:20 AM      0.00      0.00      0.00      0.00      0.00      0.00      0.00      0.00
08:29:25 AM      0.00      0.00      0.00      0.00      0.00      0.00      0.00      0.00
08:29:30 AM      0.00      0.00      0.00      0.00      0.00      0.00      0.00      0.00
08:29:35 AM      0.00      0.00      0.00      0.00      0.00      0.00      0.00      0.00
08:29:40 AM      0.00      0.00      0.00      0.00      0.00      0.00      0.00      0.00
08:29:45 AM      0.00      0.00      0.00      0.00      0.00      0.00      0.00      0.00
08:29:50 AM      0.00      0.00      0.00      0.00      0.00      0.00      0.00      0.00
08:29:55 AM      0.00      0.00      0.00      0.00      0.00      0.00      0.00      0.00
08:30:00 AM      0.00      0.00      0.00      0.00      0.00      0.00      0.00      0.00
08:30:05 AM      0.00      0.00      0.00      0.00      0.00      0.00      0.00      0.00
08:30:10 AM      0.00      0.00      0.00      0.00      0.00      0.00      0.00      0.00
08:30:15 AM      0.00      0.00      0.00      0.00      0.00      0.00      0.00      0.00
08:30:20 AM      0.00      0.00      0.00      0.00      0.00      0.00      0.00      0.00
08:30:25 AM      0.00      0.00      0.00      0.01      0.00      0.00      0.00      0.00
08:30:30 AM      0.00      0.00      0.00      0.00      0.00      0.00      0.00      0.00
08:30:35 AM      0.00      0.00      0.00      0.00      0.00      0.00      0.00      0.00
08:30:40 AM      0.00      0.00      0.00      0.00      0.00      0.00      0.00      0.00
08:30:45 AM      0.00      0.00      0.00      0.00      0.00      0.00      0.00      0.00
08:30:50 AM      0.00      0.00      0.00      0.00      0.00      0.00      0.00      0.00
08:30:55 AM      0.00      0.00      0.00      0.00      0.00      0.00      0.00      0.00
08:31:00 AM      0.00      0.00      0.00      0.00      0.00      0.00      0.00      0.00
08:31:05 AM      0.00      0.00      0.00      0.00      0.00      0.00      0.00      0.00
08:31:10 AM      0.00      0.00      0.00      0.00      0.00      0.00      0.00      0.00
08:31:15 AM      0.00      0.00      0.00      0.00      0.00      0.00      0.00      0.00
08:31:20 AM      0.00      0.00      0.00      0.00      0.00      0.00      0.00      0.00
08:31:25 AM      0.00      0.00      0.00      0.01      0.00      0.00      0.00      0.01
08:31:30 AM      0.00      0.00      0.00      0.00      0.00      0.00      0.00      0.00
08:31:35 AM      0.00      0.00      0.00      0.00      0.00      0.00      0.00      0.00
08:31:40 AM      0.00      0.00      0.00      0.00      0.00      0.00      0.00      0.00
08:31:45 AM      0.00      0.00      0.00      0.00      0.00      0.00      0.00      0.00
08:31:50 AM      0.00      0.00      0.00      0.00      0.00      0.00      0.00      0.00
08:31:55 AM      0.00      0.00      0.00      0.01      0.00      0.00      0.00      0.01
08:32:00 AM      0.00      0.00      0.00      0.00      0.00      0.00      0.00      0.00
08:32:05 AM      0.00      0.00      0.00      0.00      0.00      0.00      0.00      0.00
08:32:10 AM      0.00      0.00      0.00      0.00      0.00      0.00      0.00      0.00
08:32:15 AM      0.00      0.00      0.00      0.00      0.00      0.00      0.00      0.00
08:32:20 AM      0.00      0.00      0.00      0.00      0.00      0.00      0.00      0.00
08:32:25 AM      0.00      0.00      0.00      0.02      0.00      0.00      0.00      0.02
08:32:30 AM      0.00      0.00      0.00      0.00      0.00      0.00      0.00      0.00
08:32:35 AM      0.00      0.00      0.00      0.00      0.00      0.00      0.00      0.00
08:32:40 AM      0.00      0.00      0.00      0.00      0.00      0.00      0.00      0.00
08:32:45 AM      0.00      0.00      0.00      0.00      0.00      0.00      0.00      0.00
08:32:50 AM      0.00      0.00      0.00      0.00      0.00      0.00      0.00      0.00
08:32:55 AM      0.00      0.00      0.00      0.00      0.00      0.00      0.00      0.00
08:33:00 AM      0.00      0.00      0.00      0.00      0.00      0.00      0.00      0.00
08:33:05 AM      0.00      0.00      0.00      0.00      0.00      0.00      0.00      0.00
08:33:10 AM      0.00      0.00      0.00      0.04      0.00      0.00      0.00      0.02
08:33:15 AM      0.00      0.00      0.00      0.00      0.00      0.00      0.00      0.00
08:33:20 AM      0.00      0.00      0.00      0.00      0.00      0.00      0.00      0.00
08:33:25 AM      0.00      0.00      0.00      0.03      0.00      0.00      0.00      0.03
08:33:30 AM      0.00      0.00      0.00      0.00      0.00      0.00      0.00      0.00
08:33:35 AM      0.00      0.00      0.00      0.00      0.00      0.00      0.00      0.00
08:33:40 AM      0.00      0.00      0.00      0.00      0.00      0.00      0.00      0.00
08:33:45 AM      0.00      0.00      0.00      0.00      0.00      0.00      0.00      0.00
08:33:50 AM      0.00      0.00      0.00      0.00      0.00      0.00      0.00      0.00
08:33:55 AM      0.00      0.00      0.00      0.00      0.00      0.00      0.00      0.00
08:34:00 AM      0.00      0.00      0.00      0.00      0.00      0.00      0.00      0.00
08:34:05 AM      0.00      0.00      0.00      0.00      0.00      0.00      0.00      0.00
08:34:10 AM      0.00      0.00      0.00      0.00      0.00      0.00      0.00      0.00
08:34:15 AM      0.00      0.00      0.00      0.00      0.00      0.00      0.00      0.00
08:34:20 AM      0.00      0.00      0.00      0.00      0.00      0.00      0.00      0.00
08:34:25 AM      0.00      0.00      0.00      0.00      0.00      0.00      0.00      0.00
08:34:30 AM      0.00      0.00      0.00      0.00      0.00      0.00      0.00      0.00
08:34:35 AM      0.00      0.00      0.00      0.00      0.00      0.00      0.00      0.00
08:34:40 AM      0.00      0.00      0.00      0.00      0.00      0.00      0.00      0.00
08:34:45 AM      0.00      0.00      0.00      0.00      0.00      0.00      0.00      0.00
08:34:50 AM      0.00      0.00      0.00      0.00      0.00      0.00      0.00      0.00
08:34:55 AM      0.00      0.00      0.00      0.02      0.00      0.00      0.00      0.02
08:35:00 AM      0.00      0.00      0.00      0.00      0.00      0.00      0.00      0.00
08:35:05 AM      0.00      0.00      0.00      0.00      0.00      0.00      0.00      0.00
08:35:10 AM      0.00      0.00      0.00      0.02      0.00      0.00      0.00      0.02
08:35:15 AM      0.00      0.00      0.00      0.00      0.00      0.00      0.00      0.00
08:35:20 AM      0.00      0.00      0.00      0.01      0.00      0.00      0.00      0.01
08:35:25 AM      0.00      0.00      0.00      0.00      0.00      0.00      0.00      0.00
08:35:30 AM      0.00      0.00      0.00      0.00      0.00      0.00      0.00      0.00
08:35:35 AM      0.00      0.00      0.00      0.00      0.00      0.00      0.00      0.00
08:35:40 AM      0.00      0.00      0.00      0.00      0.00      0.00      0.00      0.00
08:35:45 AM      0.00      0.00      0.00      0.00      0.00      0.00      0.00      0.00
08:35:50 AM      0.00      0.00      0.00      0.00      0.00      0.00      0.00      0.00
08:35:55 AM      0.00      0.00      0.00      0.01      0.00      0.00      0.00      0.00
08:36:00 AM      0.00      0.00      0.00      0.00      0.00      0.00      0.00      0.00
08:36:05 AM      0.00      0.00      0.00      0.00      0.00      0.00      0.00      0.00
08:36:10 AM      0.00      0.00      0.00      0.00      0.00      0.00      0.00      0.00
08:36:15 AM      0.00      0.00      0.00      0.01      0.00      0.00      0.00      0.01
08:36:20 AM      0.00      0.00      0.00      0.00      0.00      0.00      0.00      0.00
08:36:25 AM      0.00      0.00      0.00      0.03      0.00      0.00      0.00      0.03
08:36:30 AM      0.00      0.00      0.00      0.00      0.00      0.00      0.00      0.00
08:36:35 AM      0.00      0.00      0.00      0.00      0.00      0.00      0.00      0.00
08:36:40 AM      0.00      0.00      0.00      0.00      0.00      0.00      0.00      0.00
08:36:45 AM      0.00      0.00      0.00      0.00      0.00      0.00      0.00      0.00
08:36:50 AM      0.00      0.00      0.00      0.00      0.00      0.00      0.00      0.00
08:36:55 AM      0.00      0.00      0.00      0.08      0.00      0.00      0.00      0.07
08:37:00 AM      0.00      0.00      0.00      0.00      0.00      0.00      0.00      0.00
08:37:05 AM      0.00      0.00      0.00      0.00      0.00      0.00      0.00      0.00
08:37:10 AM      0.00      0.00      0.00      0.00      0.00      0.00      0.00      0.00
08:37:15 AM      0.00      0.00      0.00      0.00      0.00      0.00      0.00      0.00
08:37:20 AM      0.00      0.00      0.00      0.00      0.00      0.00      0.00      0.00
08:37:25 AM      0.00      0.00      0.00      0.01      0.00      0.00      0.00      0.01
08:37:30 AM      0.00      0.00      0.00      0.00      0.00      0.00      0.00      0.00
08:37:35 AM      0.00      0.00      0.00      0.00      0.00      0.00      0.00      0.00
08:37:40 AM      0.00      0.00      0.00      0.00      0.00      0.00      0.00      0.00
08:37:45 AM      0.00      0.00      0.00      0.01      0.00      0.00      0.00      0.00
08:37:50 AM      0.00      0.00      0.00      0.00      0.00      0.00      0.00      0.00
08:37:55 AM      0.00      0.00      0.00      0.02      0.00      0.00      0.00      0.02
08:38:00 AM      0.00      0.00      0.00      0.00      0.00      0.00      0.00      0.00
08:38:05 AM      0.00      0.00      0.00      0.00      0.00      0.00      0.00      0.00
08:38:10 AM      0.00      0.00      0.00      0.09      0.00      0.00      0.00      0.05
08:38:15 AM      0.00      0.00      0.00      0.00      0.00      0.00      0.00      0.00
08:38:20 AM      0.00      0.00      0.00      0.00      0.00      0.00      0.00      0.00
08:38:25 AM      0.00      0.00      0.00      0.01      0.00      0.00      0.00      0.01
08:38:30 AM      0.00      0.00      0.00      0.00      0.00      0.00      0.00      0.00
08:38:35 AM      0.00      0.00      0.00      0.00      0.00      0.00      0.00      0.00
08:38:40 AM      0.00      0.00      0.00      0.00      0.00      0.00      0.00      0.00
08:38:45 AM      0.00      0.00      0.00      0.00      0.00      0.00      0.00      0.00
08:38:50 AM      0.00      0.00      0.00      0.00      0.00      0.00      0.00      0.00
08:38:55 AM      0.00      0.00      0.00      0.01      0.00      0.00      0.00      0.01
08:39:00 AM      0.00      0.00      0.00      0.03      0.00      0.00      0.00      0.01
08:39:05 AM      0.00      0.00      0.00      0.00      0.00      0.00      0.00      0.00
08:39:10 AM      0.00      0.00      0.00      0.00      0.00      0.00      0.00      0.00
08:39:15 AM      0.00      0.00      0.00      0.00      0.00      0.00      0.00      0.00
08:39:20 AM      0.00      0.00      0.00      0.00      0.00      0.00      0.00      0.00
08:39:25 AM      0.00      0.00      0.00      0.02      0.00      0.00      0.00      0.02
08:39:30 AM      0.00      0.00      0.00      0.00      0.00      0.00      0.00      0.00
08:39:35 AM      0.00      0.00      0.00      0.00      0.00      0.00      0.00      0.00
08:39:40 AM      0.00      0.00      0.00      0.00      0.00      0.00      0.00      0.00
08:39:45 AM      0.00      0.00      0.00      0.00      0.00      0.00      0.00      0.00
08:39:50 AM      0.00      0.00      0.00      0.00      0.00      0.00      0.00      0.00
08:39:55 AM      0.00      0.00      0.00      0.00      0.00      0.00      0.00      0.00
08:40:00 AM      0.00      0.00      0.00      0.00      0.00      0.00      0.00      0.00
08:40:05 AM      0.00      0.00      0.00      0.00      0.00      0.00      0.00      0.00
08:40:10 AM      0.00      0.00      0.00      0.00      0.00      0.00      0.00      0.00
08:40:15 AM      0.00      0.00      0.00      0.00      0.00      0.00      0.00      0.00
08:40:20 AM      0.00      0.00      0.00      0.00      0.00      0.00      0.00      0.00
08:40:25 AM      0.00      0.00      0.00      0.00      0.00      0.00      0.00      0.00
08:40:30 AM      0.00      0.00      0.00      0.00      0.00      0.00      0.00      0.00
08:40:35 AM      0.00      0.00      0.00      0.00      0.00      0.00      0.00      0.00
08:40:40 AM      0.00      0.00      0.00      0.00      0.00      0.00      0.00      0.00
08:40:45 AM      0.00      0.00      0.00      0.00      0.00      0.00      0.00      0.00
08:40:50 AM      0.00      0.00      0.00      0.00      0.00      0.00      0.00      0.00
08:40:55 AM      0.00      0.00      0.00      0.00      0.00      0.00      0.00      0.00
08:41:00 AM      0.00      0.00      0.00      0.00      0.00      0.00      0.00      0.00
08:41:05 AM      0.00      0.00      0.00      0.00      0.00      0.00      0.00      0.00
08:41:10 AM      0.00      0.00      0.00      0.00      0.00      0.00      0.00      0.00
08:41:15 AM      0.00      0.00      0.00      0.02      0.00      0.00      0.00      0.02
08:41:20 AM      0.00      0.00      0.00      0.00      0.00      0.00      0.00      0.00
08:41:25 AM      0.00      0.00      0.00      0.06      0.00      0.00      0.00      0.06
08:41:30 AM      0.00      0.00      0.00      0.00      0.00      0.00      0.00      0.00
08:41:35 AM      0.00      0.00      0.00      0.00      0.00      0.00      0.00      0.00
08:41:40 AM      0.00      0.00      0.00      0.00      0.00      0.00      0.00      0.00
08:41:45 AM      0.00      0.00      0.00      0.00      0.00      0.00      0.00      0.00
08:41:50 AM      0.00      0.00      0.00      0.00      0.00      0.00      0.00      0.00
08:41:55 AM      0.00      0.00      0.00      0.02      0.00      0.00      0.00      0.02
08:42:00 AM      0.00      0.00      0.00      0.00      0.00      0.00      0.00      0.00
08:42:05 AM      0.00      0.00      0.00      0.00      0.00      0.00      0.00      0.00
08:42:10 AM      0.00      0.00      0.00      0.00      0.00      0.00      0.00      0.00
08:42:15 AM      0.00      0.00      0.00      0.00      0.00      0.00      0.00      0.00
08:42:20 AM      0.00      0.00      0.00      0.00      0.00      0.00      0.00      0.00
08:42:25 AM      0.00      0.00      0.00      0.00      0.00      0.00      0.00      0.00
08:42:30 AM      0.00      0.00      0.00      0.00      0.00      0.00      0.00      0.00
08:42:35 AM      0.00      0.00      0.00      0.00      0.00      0.00      0.00      0.00
08:42:40 AM      0.00      0.00      0.00      0.00      0.00      0.00      0.00      0.00
08:42:45 AM      0.00      0.00      0.00      0.00      0.00      0.00      0.00      0.00
08:42:50 AM      0.00      0.00      0.00      0.00      0.00      0.00      0.00      0.00
08:42:55 AM      0.00      0.00      0.00      0.01      0.00      0.00      0.00      0.01
08:43:00 AM      0.00      0.00      0.00      0.01      0.00      0.00      0.00      0.01
08:43:05 AM      0.00      0.00      0.00      0.00      0.00      0.00      0.00      0.00
08:43:10 AM      0.00      0.00      0.00      0.00      0.00      0.00      0.00      0.00
08:43:15 AM      0.00      0.00      0.00      0.07      0.00      0.00      0.00      0.04
08:43:20 AM      0.00      0.00      0.00      0.00      0.00      0.00      0.00      0.00
08:43:25 AM      0.00      0.00      0.00      0.02      0.00      0.00      0.00      0.02
08:43:30 AM      0.00      0.00      0.00      0.00      0.00      0.00      0.00      0.00
08:43:35 AM      0.00      0.00      0.00      0.00      0.00      0.00      0.00      0.00
08:43:40 AM      0.00      0.00      0.00      0.00      0.00      0.00      0.00      0.00
08:43:45 AM      0.00      0.00      0.00      0.00      0.00      0.00      0.00      0.00
08:43:50 AM      0.00      0.00      0.00      0.00      0.00      0.00      0.00      0.00
08:43:55 AM      0.00      0.00      0.00      0.00      0.00      0.00      0.00      0.00
08:44:00 AM      0.00      0.00      0.00      0.00      0.00      0.00      0.00      0.00
08:44:05 AM      0.00      0.00      0.00      0.00      0.00      0.00      0.00      0.00
08:44:10 AM      0.00      0.00      0.00      0.00      0.00      0.00      0.00      0.00
08:44:15 AM      0.00      0.00      0.00      0.00      0.00      0.00      0.00      0.00
08:44:20 AM      0.00      0.00      0.00      0.00      0.00      0.00      0.00      0.00
08:44:25 AM      0.00      0.00      0.00      0.00      0.00      0.00      0.00      0.00
08:44:30 AM      0.00      0.00      0.00      0.00      0.00      0.00      0.00      0.00
08:44:35 AM      0.00      0.00      0.00      0.00      0.00      0.00      0.00      0.00
08:44:40 AM      0.00      0.00      0.00      0.00      0.00      0.00      0.00      0.00
08:44:45 AM      0.00      0.00      0.00      0.00      0.00      0.00      0.00      0.00
08:44:50 AM      0.00      0.00      0.00      0.00      0.00      0.00      0.00      0.00
08:44:55 AM      0.00      0.00      0.00      0.00      0.00      0.00      0.00      0.00
08:45:00 AM      0.00      0.00      0.00      0.01      0.00      0.00      0.00      0.01
08:45:05 AM      0.00      0.00      0.00      0.00      0.00      0.00      0.00      0.00
08:45:10 AM      0.00      0.00      0.00      0.00      0.00      0.00      0.00      0.00
08:45:15 AM      0.00      0.00      0.00      0.00      0.00      0.00      0.00      0.00
08:45:20 AM      0.00      0.00      0.00      0.00      0.00      0.00      0.00      0.00
08:45:25 AM      0.00      0.00      0.00      0.00      0.00      0.00      0.00      0.00
08:45:30 AM      0.00      0.00      0.00      0.00      0.00      0.00      0.00      0.00
08:45:35 AM      0.00      0.00      0.00      0.00      0.00      0.00      0.00      0.00
08:45:40 AM      0.00      0.00      0.00      0.00      0.00      0.00      0.00      0.00
08:45:45 AM      0.00      0.00      0.00      0.00      0.00      0.00      0.00      0.00
08:45:50 AM      0.00      0.00      0.00      0.00      0.00      0.00      0.00      0.00
08:45:55 AM      0.00      0.00      0.00      0.00      0.00      0.00      0.00      0.00
08:46:00 AM      0.00      0.00      0.00      0.00      0.00      0.00      0.00      0.00
08:46:05 AM      0.00      0.00      0.00      0.00      0.00      0.00      0.00      0.00
08:46:10 AM      0.00      0.00      0.00      0.00      0.00      0.00      0.00      0.00
08:46:15 AM      0.00      0.00      0.00      0.02      0.00      0.00      0.00      0.01
08:46:20 AM      0.00      0.00      0.00      0.00      0.00      0.00      0.00      0.00
08:46:25 AM      0.00      0.00      0.00      0.01      0.00      0.00      0.00      0.01
08:46:30 AM      0.00      0.00      0.00      0.04      0.00      0.00      0.00      0.04
08:46:35 AM      0.00      0.00      0.00      0.00      0.00      0.00      0.00      0.00
08:46:40 AM      0.00      0.00      0.00      0.00      0.00      0.00      0.00      0.00
08:46:45 AM      0.00      0.00      0.00      0.00      0.00      0.00      0.00      0.00
08:46:50 AM      0.00      0.00      0.00      0.00      0.00      0.00      0.00      0.00
08:46:55 AM      0.00      0.00      0.00      0.00      0.00      0.00      0.00      0.00
08:47:00 AM      0.00      0.00      0.00      0.01      0.00      0.00      0.00      0.01
08:47:05 AM      0.00      0.00      0.00      0.00      0.00      0.00      0.00      0.00
08:47:10 AM      0.00      0.00      0.00      0.00      0.00      0.00      0.00      0.00
08:47:15 AM      0.00      0.00      0.00      0.00      0.00      0.00      0.00      0.00
08:47:20 AM      0.00      0.00      0.00      0.00      0.00      0.00      0.00      0.00
08:47:25 AM      0.00      0.00      0.00      0.00      0.00      0.00      0.00      0.00
08:47:30 AM      0.00      0.00      0.00      0.00      0.00      0.00      0.00      0.00
08:47:35 AM      0.00      0.00      0.00      0.00      0.00      0.00      0.00      0.00
08:47:40 AM      0.00      0.00      0.00      0.00      0.00      0.00      0.00      0.00
08:47:45 AM      0.00      0.00      0.00      0.03      0.00      0.00      0.00      0.03
08:47:50 AM      0.00      0.00      0.00      0.00      0.00      0.00      0.00      0.00
08:47:55 AM      0.00      0.00      0.00      0.00      0.00      0.00      0.00      0.00
08:48:00 AM      0.00      0.00      0.00      0.02      0.00      0.00      0.00      0.02
08:48:05 AM      0.00      0.00      0.00      0.00      0.00      0.00      0.00      0.00
08:48:10 AM      0.00      0.00      0.00      0.00      0.00      0.00      0.00      0.00
08:48:15 AM      0.00      0.00      0.00      0.03      0.00      0.00      0.00      0.02
08:48:20 AM      0.00      0.00      0.00      0.00      0.00      0.00      0.00      0.00
08:48:25 AM      0.00      0.00      0.00      0.00      0.00      0.00      0.00      0.00
08:48:30 AM      0.00      0.00      0.00      0.01      0.00      0.00      0.00      0.01
08:48:35 AM      0.00      0.00      0.00      0.00      0.00      0.00      0.00      0.00
08:48:40 AM      0.00      0.00      0.00      0.00      0.00      0.00      0.00      0.00
08:48:45 AM      0.00      0.00      0.00      0.00      0.00      0.00      0.00      0.00
08:48:50 AM      0.00      0.00      0.00      0.00      0.00      0.00      0.00      0.00
08:48:55 AM      0.00      0.00      0.00      0.00      0.00      0.00      0.00      0.00
08:49:00 AM      0.00      0.00      0.00      0.01      0.00      0.00      0.00      0.01
08:49:05 AM      0.00      0.00      0.00      0.00      0.00      0.00      0.00      0.00
08:49:10 AM      0.00      0.00      0.00      0.00      0.00      0.00      0.00      0.00
08:49:15 AM      0.00      0.00      0.00      0.00      0.00      0.00      0.00      0.00
08:49:20 AM      0.00      0.00      0.00      0.00      0.00      0.00      0.00      0.00
08:49:25 AM      0.00      0.00      0.00      0.00      0.00      0.00      0.00      0.00
08:49:30 AM      0.00      0.00      0.00      0.01      0.00      0.00      0.00      0.01
08:49:35 AM      0.00      0.00      0.00      0.00      0.00      0.00      0.00      0.00
08:49:40 AM      0.00      0.00      0.00      0.00      0.00      0.00      0.00      0.00
08:49:45 AM      0.00      0.00      0.00      0.00      0.00      0.00      0.00      0.00
08:49:50 AM      0.00      0.00      0.00      0.00      0.00      0.00      0.00      0.00
08:49:55 AM      0.00      0.00      0.00      0.00      0.00      0.00      0.00      0.00
08:50:00 AM      0.00      0.00      0.00      0.00      0.00      0.00      0.00      0.00
08:50:05 AM      0.00      0.00      0.00      0.00      0.00      0.00      0.00      0.00
08:50:10 AM      0.00      0.00      0.00      0.00      0.00      0.00      0.00      0.00
08:50:15 AM      0.00      0.00      0.00      0.00      0.00      0.00      0.00      0.00
08:50:20 AM      0.00      0.00      0.00      0.00      0.00      0.00      0.00      0.00
08:50:25 AM      0.00      0.00      0.00      0.00      0.00      0.00      0.00      0.00
08:50:30 AM      0.00      0.00      0.00      0.00      0.00      0.00      0.00      0.00
08:50:35 AM      0.00      0.00      0.00      0.00      0.00      0.00      0.00      0.00
08:50:40 AM      0.00      0.00      0.00      0.00      0.00      0.00      0.00      0.00
08:50:45 AM      0.00      0.00      0.00      0.00      0.00      0.00      0.00      0.00
08:50:50 AM      0.00      0.00      0.00      0.00      0.00      0.00      0.00      0.00
08:50:55 AM      0.00      0.00      0.00      0.00      0.00      0.00      0.00      0.00
08:51:00 AM      0.00      0.00      0.00      0.00      0.00      0.00      0.00      0.00
08:51:05 AM      0.00      0.00      0.00      0.00      0.00      0.00      0.00      0.00
08:51:10 AM      0.00      0.00      0.00      0.00      0.00      0.00      0.00      0.00
08:51:15 AM      0.00      0.00      0.00      0.01      0.00      0.00      0.00      0.01
08:51:20 AM      0.00      0.00      0.00      0.00      0.00      0.00      0.00      0.00
08:51:25 AM      0.00      0.00      0.00      0.01      0.00      0.00      0.00      0.01
08:51:30 AM      0.00      0.00      0.00      0.03      0.00      0.00      0.00      0.01
08:51:35 AM      0.00      0.00      0.00      0.00      0.00      0.00      0.00      0.00
08:51:40 AM      0.00      0.00      0.00      0.00      0.00      0.00      0.00      0.00
08:51:45 AM      0.00      0.00      0.00      0.00      0.00      0.00      0.00      0.00
08:51:50 AM      0.00      0.00      0.00      0.00      0.00      0.00      0.00      0.00
08:51:55 AM      0.00      0.00      0.00      0.00      0.00      0.00      0.00      0.00
08:52:00 AM      0.00      0.00      0.00      0.02      0.00      0.00      0.00      0.02
08:52:05 AM      0.00      0.00      0.00      0.00      0.00      0.00      0.00      0.00
08:52:10 AM      0.00      0.00      0.00      0.00      0.00      0.00      0.00      0.00
08:52:15 AM      0.00      0.00      0.00      0.00      0.00      0.00      0.00      0.00
08:52:20 AM      0.00      0.00      0.00      0.00      0.00      0.00      0.00      0.00
08:52:25 AM      0.00      0.00      0.00      0.00      0.00      0.00      0.00      0.00
08:52:30 AM      0.00      0.00      0.00      0.00      0.00      0.00      0.00      0.00
08:52:35 AM      0.00      0.00      0.00      0.00      0.00      0.00      0.00      0.00
08:52:40 AM      0.00      0.00      0.00      0.00      0.00      0.00      0.00      0.00
08:52:45 AM      0.00      0.00      0.00      0.00      0.00      0.00      0.00      0.00
08:52:50 AM      0.00      0.00      0.00      0.00      0.00      0.00      0.00      0.00
08:52:55 AM      0.00      0.00      0.00      0.00      0.00      0.00      0.00      0.00
08:53:00 AM      0.00      0.00      0.00      0.00      0.00      0.00      0.00      0.00
08:53:05 AM      0.00      0.00      0.00      0.00      0.00      0.00      0.00      0.00
08:53:10 AM      0.00      0.00      0.00      0.00      0.00      0.00      0.00      0.00
08:53:15 AM      0.00      0.00      0.00      0.07      0.00      0.00      0.00      0.04
08:53:20 AM      0.00      0.00      0.00      0.00      0.00      0.00      0.00      0.00
08:53:25 AM      0.00      0.00      0.00      0.00      0.00      0.00      0.00      0.00
08:53:30 AM      0.00      0.00      0.00      0.02      0.00      0.00      0.00      0.02
08:53:35 AM      0.00      0.00      0.00      0.00      0.00      0.00      0.00      0.00
08:53:40 AM      0.00      0.00      0.00      0.00      0.00      0.00      0.00      0.00
08:53:45 AM      0.00      0.00      0.00      0.00      0.00      0.00      0.00      0.00
08:53:50 AM      0.00      0.00      0.00      0.00      0.00      0.00      0.00      0.00
08:53:55 AM      0.00      0.00      0.00      0.00      0.00      0.00      0.00      0.00
08:54:00 AM      0.00      0.00      0.00      0.00      0.00      0.00      0.00      0.00
08:54:05 AM      0.00      0.00      0.00      0.00      0.00      0.00      0.00      0.00
08:54:10 AM      0.00      0.00      0.00      0.00      0.00      0.00      0.00      0.00
08:54:15 AM      0.00      0.00      0.00      0.00      0.00      0.00      0.00      0.00
Average:         0.00      0.00      0.00      0.00      0.00      0.00      0.00      0.00
