Linux 7.0.10-arch1-1 (archlinux) 	05/30/2026 	_x86_64_	(4 CPU)

09:12:13 AM  pgpgin/s pgpgout/s   fault/s  majflt/s  pgfree/s pgscank/s pgscand/s pgsteal/s  pgprom/s   pgdem/s
09:12:18 AM      0.00      0.00   1238.60      0.00    101.60      0.00      0.00      0.00      0.00      0.00
09:12:23 AM      0.00      0.80    206.20      0.00    315.60      0.00      0.00      0.00      0.00      0.00
09:12:28 AM      0.00    113.60      0.40      0.00      4.00      0.00      0.00      0.00      0.00      0.00
09:12:33 AM      0.00      0.00      0.00      0.00      4.20      0.00      0.00      0.00      0.00      0.00
09:12:38 AM      0.00      0.00      0.00      0.00      4.60      0.00      0.00      0.00      0.00      0.00
09:12:43 AM      6.40    559.20      1.80      0.00      4.60      0.00      0.00      0.00      0.00      0.00
09:12:48 AM     13.60      1.60      1.40      0.20     84.80      0.00      0.00      0.00      0.00      0.00
09:12:53 AM   1554.40     63.20     11.60      2.80   1077.20      0.00      0.00      0.00      0.00      0.00
09:12:58 AM      0.00      1.60      0.60      0.00     26.60      0.00      0.00      0.00      0.00      0.00
09:13:03 AM      0.00      1.60      0.00      0.00    222.00      0.00      0.00      0.00      0.00      0.00
09:13:08 AM    347.20      2.40     10.40      1.20    127.20      0.00      0.00      0.00      0.00      0.00
09:13:13 AM    196.80      0.00     10.20      0.40    108.20      0.00      0.00      0.00      0.00      0.00
09:13:18 AM    172.80    156.00      4.60      0.40      5.60      0.00      0.00      0.00      0.00      0.00
09:13:23 AM    789.60      0.00      7.80      1.60     23.20      0.00      0.00      0.00      0.00      0.00
09:13:28 AM      6.40      0.00     12.40      0.00      4.00      0.00      0.00      0.00      0.00      0.00
09:13:33 AM      0.00      0.00      0.80      0.00      4.80      0.00      0.00      0.00      0.00      0.00
09:13:38 AM      1.60      0.00      1.60      0.40      4.60      0.00      0.00      0.00      0.00      0.00
09:13:43 AM      0.00      0.00      0.00      0.00      4.60      0.00      0.00      0.00      0.00      0.00
09:13:48 AM      0.00    162.40      0.20      0.00      4.20      0.00      0.00      0.00      0.00      0.00
09:13:53 AM      0.00      0.00      2.60      0.00      0.80      0.00      0.00      0.00      0.00      0.00
09:13:58 AM     14.40     25.60      3.60      0.40      5.20      0.00      0.00      0.00      0.00      0.00
09:14:03 AM      0.00      0.00      0.00      0.00      4.00      0.00      0.00      0.00      0.00      0.00
09:14:08 AM      0.00      0.00      0.00      0.00      4.00      0.00      0.00      0.00      0.00      0.00
09:14:13 AM      0.00      0.00      0.00      0.00      3.80      0.00      0.00      0.00      0.00      0.00
09:14:18 AM      0.00     85.60      6.00      0.00      4.40      0.00      0.00      0.00      0.00      0.00
09:14:23 AM      0.00      0.00      0.00      0.00      0.60      0.00      0.00      0.00      0.00      0.00
09:14:28 AM      0.00      2.40      0.00      0.00      4.80      0.00      0.00      0.00      0.00      0.00
09:14:33 AM      0.80      0.00      1.20      0.20      4.40      0.00      0.00      0.00      0.00      0.00
09:14:38 AM      0.00      0.00      1.60      0.00      3.80      0.00      0.00      0.00      0.00      0.00
09:14:43 AM    105.60      0.80      0.80      0.20     26.20      0.00      0.00      0.00      0.00      0.00
09:14:48 AM    147.20    117.60      1.60      0.20     64.00      0.00      0.00      0.00      0.00      0.00
09:14:53 AM    268.00     24.00      5.60      1.00      7.00      0.00      0.00      0.00      0.00      0.00
09:14:58 AM      0.00      0.00      0.00      0.00      3.80      0.00      0.00      0.00      0.00      0.00
09:15:03 AM     16.00      0.00      1.40      0.20     14.20      0.00      0.00      0.00      0.00      0.00
09:15:08 AM    179.64      1.60     10.78      1.60     14.77      0.00      0.00      0.00      0.00      0.00
09:15:13 AM      6.41      0.00      4.01      0.00      4.61      0.00      0.00      0.00      0.00      0.00
09:15:18 AM     33.60      0.00      1.80      0.20      4.40      0.00      0.00      0.00      0.00      0.00
09:15:23 AM     16.00    130.40      0.00      0.00      1.80      0.00      0.00      0.00      0.00      0.00
09:15:28 AM     44.80      0.00      3.00      0.60     21.20      0.00      0.00      0.00      0.00      0.00
09:15:33 AM      0.00      0.00      2.20      0.00      5.20      0.00      0.00      0.00      0.00      0.00
09:15:38 AM     60.00      0.00     10.40      0.60      5.60      0.00      0.00      0.00      0.00      0.00
09:15:43 AM      9.60      1.60      0.00      0.00      8.80      0.00      0.00      0.00      0.00      0.00
09:15:48 AM     48.80      0.00      0.40      0.20      5.60      0.00      0.00      0.00      0.00      0.00
09:15:53 AM      0.00      0.00      1.00      0.00      0.60      0.00      0.00      0.00      0.00      0.00
09:15:58 AM     14.40      0.00      4.00      3.60      5.60      0.00      0.00      0.00      0.00      0.00
09:16:03 AM      0.00      0.00      0.00      0.00      3.80      0.00      0.00      0.00      0.00      0.00
09:16:08 AM     28.80    249.60      0.00      0.00      5.20      0.00      0.00      0.00      0.00      0.00
09:16:13 AM     25.60     28.80      2.40      0.20      4.40      0.00      0.00      0.00      0.00      0.00
09:16:18 AM      0.00      4.00      1.60      0.00      9.60      0.00      0.00      0.00      0.00      0.00
09:16:23 AM      0.00      0.00      0.00      0.00      0.60      0.00      0.00      0.00      0.00      0.00
09:16:28 AM   1114.40      0.00    305.20      4.20    259.40      0.00      0.00      0.00      0.00      0.00
09:16:33 AM      0.00      0.80      0.00      0.00     24.20      0.00      0.00      0.00      0.00      0.00
09:16:38 AM     32.80     91.20    371.60      0.20     98.00      0.00      0.00      0.00      0.00      0.00
09:16:43 AM     19.20    340.00      3.80      0.00    249.60      0.00      0.00      0.00      0.00      0.00
09:16:48 AM     42.40      0.00      0.20      0.20      4.00      0.00      0.00      0.00      0.00      0.00
09:16:53 AM     21.60     64.00      4.60      4.60     42.00      0.00      0.00      0.00      0.00      0.00
09:16:58 AM      0.00     17.60      0.00      0.00     12.60      0.00      0.00      0.00      0.00      0.00
09:17:03 AM      1.60      0.00      0.80      0.40      3.80      0.00      0.00      0.00      0.00      0.00
09:17:08 AM      0.00     70.40      0.00      0.00      4.20      0.00      0.00      0.00      0.00      0.00
09:17:13 AM     38.40    181.60      0.00      0.00      5.80      0.00      0.00      0.00      0.00      0.00
09:17:18 AM     72.00      0.00      4.20      4.20      6.80      0.00      0.00      0.00      0.00      0.00
09:17:23 AM      0.00      0.00      0.00      0.00      0.40      0.00      0.00      0.00      0.00      0.00
09:17:28 AM      0.00      4.00      0.00      0.00      4.00      0.00      0.00      0.00      0.00      0.00
09:17:33 AM      0.00      0.00      0.00      0.00      3.80      0.00      0.00      0.00      0.00      0.00
09:17:38 AM      0.00      0.00      0.00      0.00      4.00      0.00      0.00      0.00      0.00      0.00
09:17:43 AM      0.00     44.80      0.00      0.00      4.00      0.00      0.00      0.00      0.00      0.00
09:17:48 AM      0.00      0.00      0.00      0.00     20.00      0.00      0.00      0.00      0.00      0.00
09:17:53 AM     79.20    136.00      1.00      0.60     39.20      0.00      0.00      0.00      0.00      0.00
09:17:58 AM    420.80      0.00    368.20     18.40    112.80      0.00      0.00      0.00      0.00      0.00
09:18:03 AM      0.80      3.20    338.20      0.20    240.60      0.00      0.00      0.00      0.00      0.00
09:18:08 AM     18.40      0.00      7.20      4.60    154.20      0.00      0.00      0.00      0.00      0.00
09:18:13 AM      0.00      0.00      0.00      0.00      3.80      0.00      0.00      0.00      0.00      0.00
09:18:18 AM      0.00      2.40      0.20      0.00     13.40      0.00      0.00      0.00      0.00      0.00
09:18:23 AM     25.60    258.40      0.00      0.00      0.60      0.00      0.00      0.00      0.00      0.00
09:18:28 AM      6.39     65.47      0.00      0.00      4.99      0.00      0.00      0.00      0.00      0.00
09:18:33 AM      0.00      0.00      0.20      0.00      3.80      0.00      0.00      0.00      0.00      0.00
09:18:38 AM      0.00      4.00      0.00      0.00      4.20      0.00      0.00      0.00      0.00      0.00
09:18:43 AM     39.20      0.00    346.60      0.60     94.80      0.00      0.00      0.00      0.00      0.00
09:18:48 AM      0.00      0.00    357.80      0.00    237.80      0.00      0.00      0.00      0.00      0.00
09:18:53 AM      6.40     84.80      1.00      0.00    150.20      0.00      0.00      0.00      0.00      0.00
09:18:58 AM      0.00      0.00      0.00      0.00      3.80      0.00      0.00      0.00      0.00      0.00
09:19:03 AM      0.00    143.20      0.00      0.00      4.00      0.00      0.00      0.00      0.00      0.00
09:19:08 AM      0.00      0.00      0.00      0.00      3.80      0.00      0.00      0.00      0.00      0.00
09:19:13 AM      0.00     64.80      0.00      0.00      4.00      0.00      0.00      0.00      0.00      0.00
09:19:18 AM      0.00      0.00      0.00      0.00      4.00      0.00      0.00      0.00      0.00      0.00
09:19:23 AM      0.00     84.00      0.00      0.00      0.60      0.00      0.00      0.00      0.00      0.00
09:19:28 AM      0.00      0.00      0.00      0.00      3.80      0.00      0.00      0.00      0.00      0.00
09:19:33 AM      0.00    156.00      0.00      0.00      5.80      0.00      0.00      0.00      0.00      0.00
09:19:38 AM      0.00      0.00      0.00      0.00      3.80      0.00      0.00      0.00      0.00      0.00
09:19:43 AM      0.00      0.00      0.20      0.00      4.60      0.00      0.00      0.00      0.00      0.00
09:19:48 AM      0.00      4.80      0.00      0.00      5.00      0.00      0.00      0.00      0.00      0.00
09:19:53 AM     12.80      0.00      6.00      0.00      1.20      0.00      0.00      0.00      0.00      0.00
09:19:58 AM      2.40      0.80      0.60      0.60      4.60      0.00      0.00      0.00      0.00      0.00
09:20:03 AM      0.00      0.00      0.00      0.00      4.20      0.00      0.00      0.00      0.00      0.00
09:20:08 AM      0.00     70.40      0.00      0.00      5.80      0.00      0.00      0.00      0.00      0.00
09:20:13 AM      0.00      0.00      0.00      0.00      4.40      0.00      0.00      0.00      0.00      0.00
09:20:18 AM      0.00    156.00      0.00      0.00      4.20      0.00      0.00      0.00      0.00      0.00
09:20:23 AM      6.40     29.60      1.20      0.00      5.20      0.00      0.00      0.00      0.00      0.00
09:20:28 AM      0.00      0.00      7.00      0.00      4.00      0.00      0.00      0.00      0.00      0.00
09:20:33 AM      0.00      0.80      1.00      0.20      4.80      0.00      0.00      0.00      0.00      0.00
09:20:38 AM      0.00     89.60      0.00      0.00      3.80      0.00      0.00      0.00      0.00      0.00
09:20:43 AM      0.00      0.00      0.00      0.00      4.20      0.00      0.00      0.00      0.00      0.00
09:20:48 AM      0.00      0.00      0.00      0.00      4.00      0.00      0.00      0.00      0.00      0.00
09:20:53 AM     16.00    194.40      0.00      0.00      0.60      0.00      0.00      0.00      0.00      0.00
09:20:58 AM      0.00     29.60      0.00      0.00      3.80      0.00      0.00      0.00      0.00      0.00
09:21:03 AM      0.00      0.00      0.00      0.00      3.80      0.00      0.00      0.00      0.00      0.00
09:21:08 AM      0.00     30.40      0.00      0.00     85.40      0.00      0.00      0.00      0.00      0.00
09:21:13 AM      0.00      0.00      0.00      0.00      1.60      0.00      0.00      0.00      0.00      0.00
09:21:18 AM      0.00      0.00      0.00      0.00      9.80      0.00      0.00      0.00      0.00      0.00
09:21:23 AM      0.00     38.40      0.00      0.00      0.40      0.00      0.00      0.00      0.00      0.00
09:21:28 AM    298.40    216.80    291.00      4.80    363.20      0.00      0.00      0.00      0.00      0.00
09:21:33 AM     12.80     96.80      0.00      0.00     56.00      0.00      0.00      0.00      0.00      0.00
09:21:38 AM     83.20     14.40      0.80      0.60      6.80      0.00      0.00      0.00      0.00      0.00
09:21:43 AM      0.00      0.80      0.00      0.00      4.00      0.00      0.00      0.00      0.00      0.00
09:21:48 AM      0.00      0.00      0.20      0.00      4.00      0.00      0.00      0.00      0.00      0.00
09:21:53 AM     10.40      0.00      2.80      2.60      3.40      0.00      0.00      0.00      0.00      0.00
09:21:58 AM     10.40     38.40      2.60      2.60      4.80      0.00      0.00      0.00      0.00      0.00
09:22:03 AM     25.60    130.40      0.00      0.00    260.00      0.00      0.00      0.00      0.00      0.00
09:22:08 AM      0.00     12.00      0.00      0.00     11.80      0.00      0.00      0.00      0.00      0.00
09:22:13 AM      6.40      0.00      0.00      0.00      4.00      0.00      0.00      0.00      0.00      0.00
09:22:18 AM      1.60      0.80      0.40      0.40      7.00      0.00      0.00      0.00      0.00      0.00
09:22:23 AM      0.00      0.00      0.00      0.00      0.60      0.00      0.00      0.00      0.00      0.00
09:22:28 AM      0.00      0.00      0.00      0.00      3.80      0.00      0.00      0.00      0.00      0.00
09:22:33 AM      0.00     38.40      0.20      0.00      3.80      0.00      0.00      0.00      0.00      0.00
09:22:38 AM      6.40    143.20      0.00      0.00      4.80      0.00      0.00      0.00      0.00      0.00
09:22:43 AM      0.00     20.00      0.00      0.00     41.40      0.00      0.00      0.00      0.00      0.00
09:22:48 AM      0.00      0.00      0.00      0.00      4.40      0.00      0.00      0.00      0.00      0.00
09:22:53 AM      6.40      0.80      2.20      1.60      0.40      0.00      0.00      0.00      0.00      0.00
09:22:58 AM      0.00      0.00      0.00      0.00      4.00      0.00      0.00      0.00      0.00      0.00
09:23:03 AM      0.00      0.80      0.00      0.00     19.20      0.00      0.00      0.00      0.00      0.00
09:23:08 AM      0.00      0.00      0.00      0.00      4.00      0.00      0.00      0.00      0.00      0.00
09:23:13 AM      0.00     38.40      0.00      0.00      3.80      0.00      0.00      0.00      0.00      0.00
09:23:18 AM     38.40    148.00      0.00      0.00      4.80      0.00      0.00      0.00      0.00      0.00
09:23:23 AM      0.00      6.40      0.00      0.00     17.20      0.00      0.00      0.00      0.00      0.00
09:23:28 AM      6.40      0.80      0.40      0.00      3.80      0.00      0.00      0.00      0.00      0.00
09:23:33 AM     12.00     11.20      3.00      3.00     31.40      0.00      0.00      0.00      0.00      0.00
09:23:38 AM      6.40      0.00      0.00      0.00      3.80      0.00      0.00      0.00      0.00      0.00
09:23:43 AM      0.00      8.80      0.00      0.00      7.80      0.00      0.00      0.00      0.00      0.00
09:23:48 AM     56.00     51.20      0.20      0.20      4.20      0.00      0.00      0.00      0.00      0.00
09:23:53 AM     16.80      3.20      0.20      0.20      0.60      0.00      0.00      0.00      0.00      0.00
09:23:58 AM     44.00    136.80      4.60      4.60    110.60      0.00      0.00      0.00      0.00      0.00
09:24:03 AM      0.00      0.80      0.00      0.00      3.80      0.00      0.00      0.00      0.00      0.00
09:24:08 AM      0.00      0.00      0.00      0.00      4.80      0.00      0.00      0.00      0.00      0.00
09:24:13 AM      0.00      0.00      0.00      0.00      3.80      0.00      0.00      0.00      0.00      0.00
09:24:18 AM      0.00      0.00      0.00      0.00      4.20      0.00      0.00      0.00      0.00      0.00
09:24:23 AM      0.00     32.00      0.00      0.00      0.40      0.00      0.00      0.00      0.00      0.00
09:24:28 AM      0.00      4.00      0.00      0.00      4.00      0.00      0.00      0.00      0.00      0.00
09:24:33 AM      0.00     92.00      0.00      0.00      3.80      0.00      0.00      0.00      0.00      0.00
09:24:38 AM      0.00      0.80      0.00      0.00      3.80      0.00      0.00      0.00      0.00      0.00
09:24:43 AM      0.00      0.00      0.20      0.00      4.60      0.00      0.00      0.00      0.00      0.00
09:24:48 AM      0.00      0.00      0.00      0.00      5.00      0.00      0.00      0.00      0.00      0.00
09:24:53 AM     29.60     14.40      8.00      1.80      3.20      0.00      0.00      0.00      0.00      0.00
09:24:58 AM      0.00     64.00      0.00      0.00      4.00      0.00      0.00      0.00      0.00      0.00
09:25:03 AM      0.00      3.20      0.00      0.00      4.40      0.00      0.00      0.00      0.00      0.00
09:25:08 AM      0.00    136.80      0.00      0.00      4.00      0.00      0.00      0.00      0.00      0.00
09:25:13 AM      0.00      0.80      0.20      0.00      4.40      0.00      0.00      0.00      0.00      0.00
09:25:18 AM      0.00      0.00      0.00      0.00      4.00      0.00      0.00      0.00      0.00      0.00
09:25:23 AM      3.20     24.00      0.00      0.00      1.00      0.00      0.00      0.00      0.00      0.00
09:25:28 AM      0.00     64.00      0.00      0.00      4.00      0.00      0.00      0.00      0.00      0.00
09:25:33 AM      0.00      0.00      0.00      0.00      4.20      0.00      0.00      0.00      0.00      0.00
09:25:38 AM      3.20      4.00      0.00      0.00      4.00      0.00      0.00      0.00      0.00      0.00
09:25:43 AM      3.20    136.80      0.00      0.00      3.80      0.00      0.00      0.00      0.00      0.00
09:25:48 AM      0.00      1.60      0.00      0.00      4.40      0.00      0.00      0.00      0.00      0.00
09:25:53 AM      0.00      0.00      0.00      0.00      0.40      0.00      0.00      0.00      0.00      0.00
09:25:58 AM      0.00      0.00      0.00      0.00      4.00      0.00      0.00      0.00      0.00      0.00
09:26:03 AM      0.00      0.00      0.00      0.00      3.80      0.00      0.00      0.00      0.00      0.00
09:26:08 AM      0.00     32.00      0.00      0.00      3.80      0.00      0.00      0.00      0.00      0.00
09:26:13 AM      0.00      3.20      0.20      0.00      1.80      0.00      0.00      0.00      0.00      0.00
09:26:18 AM      3.20    136.80      0.00      0.00      9.60      0.00      0.00      0.00      0.00      0.00
09:26:23 AM      0.00      0.80      0.00      0.00      0.60      0.00      0.00      0.00      0.00      0.00
09:26:28 AM    392.00      0.00    583.60      6.00    399.80      0.00      0.00      0.00      0.00      0.00
09:26:33 AM      0.00      0.00      0.00      0.00     10.80      0.00      0.00      0.00      0.00      0.00
09:26:38 AM      0.00      0.00      0.00      0.00      3.80      0.00      0.00      0.00      0.00      0.00
09:26:43 AM      0.00     51.20      0.00      0.00      4.00      0.00      0.00      0.00      0.00      0.00
09:26:48 AM      0.00      0.00      0.00      0.00      4.00      0.00      0.00      0.00      0.00      0.00
09:26:53 AM      0.00      3.20      2.00      0.00      0.60      0.00      0.00      0.00      0.00      0.00
09:26:58 AM      0.00    176.00      0.00      0.00      4.00      0.00      0.00      0.00      0.00      0.00
09:27:03 AM      0.00      0.00      0.00      0.00      3.80      0.00      0.00      0.00      0.00      0.00
09:27:08 AM      0.00      0.00      0.00      0.00      4.00      0.00      0.00      0.00      0.00      0.00
09:27:13 AM      0.00      0.00      0.40      0.00      3.80      0.00      0.00      0.00      0.00      0.00
09:27:18 AM      0.00      0.00      0.00      0.00      4.20      0.00      0.00      0.00      0.00      0.00
09:27:23 AM      0.00      0.00      0.00      0.00      0.40      0.00      0.00      0.00      0.00      0.00
09:27:28 AM      0.00    155.20      0.00      0.00      3.80      0.00      0.00      0.00      0.00      0.00
09:27:33 AM      0.00      0.80      0.00      0.00      4.00      0.00      0.00      0.00      0.00      0.00
09:27:38 AM      0.00      0.00      0.00      0.00      3.80      0.00      0.00      0.00      0.00      0.00
09:27:43 AM      0.00      0.00      0.00      0.00      4.00      0.00      0.00      0.00      0.00      0.00
09:27:48 AM      0.00      0.00      0.00      0.00      4.00      0.00      0.00      0.00      0.00      0.00
09:27:53 AM      0.00      0.00      0.60      0.00      0.80      0.00      0.00      0.00      0.00      0.00
09:27:58 AM      0.00     32.00      0.00      0.00      3.80      0.00      0.00      0.00      0.00      0.00
09:28:03 AM      0.00    134.40      0.00      0.00      4.00      0.00      0.00      0.00      0.00      0.00
09:28:08 AM      0.00      0.80      0.00      0.00      3.80      0.00      0.00      0.00      0.00      0.00
09:28:13 AM      0.00      0.00      0.00      0.00      3.80      0.00      0.00      0.00      0.00      0.00
09:28:18 AM      0.00      0.00      0.00      0.00      4.20      0.00      0.00      0.00      0.00      0.00
09:28:23 AM      0.00      0.00      0.00      0.00      0.40      0.00      0.00      0.00      0.00      0.00
09:28:28 AM      0.00      0.00      0.20      0.00      4.00      0.00      0.00      0.00      0.00      0.00
09:28:33 AM      0.00     32.00      0.40      0.00      3.80      0.00      0.00      0.00      0.00      0.00
09:28:38 AM      0.00    140.00      0.00      0.00      4.20      0.00      0.00      0.00      0.00      0.00
09:28:43 AM      0.00      0.80      0.00      0.00      3.80      0.00      0.00      0.00      0.00      0.00
09:28:48 AM      0.00      0.00      0.00      0.00      4.20      0.00      0.00      0.00      0.00      0.00
09:28:53 AM      0.00      0.00      0.00      0.00      0.60      0.00      0.00      0.00      0.00      0.00
09:28:58 AM      0.00      0.00      0.00      0.00      3.80      0.00      0.00      0.00      0.00      0.00
09:29:03 AM      0.00      0.00      0.00      0.00      4.00      0.00      0.00      0.00      0.00      0.00
09:29:08 AM      0.00     32.00      0.00      0.00      3.80      0.00      0.00      0.00      0.00      0.00
09:29:13 AM      0.00    120.80      0.00      0.00      4.00      0.00      0.00      0.00      0.00      0.00
09:29:18 AM      0.00      0.80      0.00      0.00      4.00      0.00      0.00      0.00      0.00      0.00
09:29:23 AM      0.00      0.00      0.00      0.00      0.60      0.00      0.00      0.00      0.00      0.00
09:29:28 AM      0.00      0.00      0.00      0.00      3.80      0.00      0.00      0.00      0.00      0.00
09:29:33 AM      0.00      0.00      0.00      0.00      4.00      0.00      0.00      0.00      0.00      0.00
09:29:38 AM      0.00      0.00      0.00      0.00      3.80      0.00      0.00      0.00      0.00      0.00
09:29:43 AM      0.00     32.00      0.00      0.00      4.40      0.00      0.00      0.00      0.00      0.00
09:29:48 AM      0.80    140.00      0.60      0.20      5.00      0.00      0.00      0.00      0.00      0.00
09:29:53 AM      0.00     29.60      6.40      0.00      1.60      0.00      0.00      0.00      0.00      0.00
09:29:58 AM      0.00      0.00      0.00      0.00      4.40      0.00      0.00      0.00      0.00      0.00
09:30:03 AM      0.00      0.00      0.00      0.00      4.80      0.00      0.00      0.00      0.00      0.00
09:30:08 AM      0.00      0.00      0.00      0.00      4.40      0.00      0.00      0.00      0.00      0.00
09:30:13 AM      0.00      0.00      0.00      0.00      4.20      0.00      0.00      0.00      0.00      0.00
09:30:18 AM      0.00      0.00      0.00      0.00      4.00      0.00      0.00      0.00      0.00      0.00
09:30:23 AM      0.00    285.60      0.00      0.00      0.60      0.00      0.00      0.00      0.00      0.00
09:30:28 AM      0.00      0.80      0.00      0.00      3.80      0.00      0.00      0.00      0.00      0.00
09:30:33 AM      0.00      0.00      0.00      0.00      4.40      0.00      0.00      0.00      0.00      0.00
09:30:38 AM      0.00      0.00      0.00      0.00      4.00      0.00      0.00      0.00      0.00      0.00
09:30:43 AM      0.00      0.00      0.00      0.00      4.00      0.00      0.00      0.00      0.00      0.00
09:30:48 AM      0.00      0.00      0.00      0.00      4.00      0.00      0.00      0.00      0.00      0.00
09:30:53 AM      0.00     32.00      0.00      0.00      0.60      0.00      0.00      0.00      0.00      0.00
09:30:58 AM      0.00    142.40      0.00      0.00      4.00      0.00      0.00      0.00      0.00      0.00
09:31:03 AM      0.00      0.80      0.00      0.00      3.79      0.00      0.00      0.00      0.00      0.00
09:31:08 AM      0.00      0.00      0.00      0.00      4.00      0.00      0.00      0.00      0.00      0.00
09:31:13 AM      0.00      0.00      0.00      0.00      1.60      0.00      0.00      0.00      0.00      0.00
09:31:18 AM      0.00      0.00      0.00      0.00      9.80      0.00      0.00      0.00      0.00      0.00
09:31:23 AM      0.00      0.00      0.00      0.00      0.40      0.00      0.00      0.00      0.00      0.00
09:31:28 AM      0.00     32.00    279.80      0.00    216.60      0.00      0.00      0.00      0.00      0.00
09:31:33 AM      0.00    120.80      0.00      0.00      3.80      0.00      0.00      0.00      0.00      0.00
09:31:38 AM      0.00      0.80      0.00      0.00      4.00      0.00      0.00      0.00      0.00      0.00
09:31:43 AM      0.00      0.00      0.00      0.00      3.80      0.00      0.00      0.00      0.00      0.00
09:31:48 AM      0.00      0.00      0.00      0.00      4.00      0.00      0.00      0.00      0.00      0.00
09:31:53 AM      0.00      0.00      0.00      0.00      0.60      0.00      0.00      0.00      0.00      0.00
09:31:58 AM      0.00      0.00      0.00      0.00      4.00      0.00      0.00      0.00      0.00      0.00
09:32:03 AM      0.00     32.00      0.00      0.00      4.00      0.00      0.00      0.00      0.00      0.00
09:32:08 AM      0.00    114.40      0.00      0.00      3.80      0.00      0.00      0.00      0.00      0.00
09:32:13 AM      0.00      1.60      0.00      0.00      4.00      0.00      0.00      0.00      0.00      0.00
09:32:18 AM      0.00      0.00      0.00      0.00      4.00      0.00      0.00      0.00      0.00      0.00
09:32:23 AM      0.00      0.00      0.00      0.00      0.60      0.00      0.00      0.00      0.00      0.00
09:32:28 AM      0.00      0.00      0.00      0.00      3.80      0.00      0.00      0.00      0.00      0.00
09:32:33 AM      0.00      0.00      0.00      0.00      3.80      0.00      0.00      0.00      0.00      0.00
09:32:38 AM      0.00    117.60      0.00      0.00      4.00      0.00      0.00      0.00      0.00      0.00
09:32:43 AM      0.00      3.20      0.00      0.00      3.80      0.00      0.00      0.00      0.00      0.00
09:32:48 AM      0.00      0.80      0.00      0.00      4.20      0.00      0.00      0.00      0.00      0.00
09:32:53 AM      0.00      0.00      0.00      0.00      0.40      0.00      0.00      0.00      0.00      0.00
09:32:58 AM      0.00      0.00      0.00      0.00    260.20      0.00      0.00      0.00      0.00      0.00
09:33:03 AM      0.00      0.00      0.00      0.00      3.80      0.00      0.00      0.00      0.00      0.00
09:33:08 AM      0.00      0.00      0.00      0.00      3.80      0.00      0.00      0.00      0.00      0.00
09:33:13 AM      0.00    168.80      0.00      0.00      4.00      0.00      0.00      0.00      0.00      0.00
09:33:18 AM      0.00      4.00      0.00      0.00      4.00      0.00      0.00      0.00      0.00      0.00
09:33:23 AM      0.00      0.80      0.00      0.00      0.60      0.00      0.00      0.00      0.00      0.00
09:33:28 AM      0.00      0.00      0.00      0.00      3.80      0.00      0.00      0.00      0.00      0.00
09:33:33 AM      0.00      0.00      0.00      0.00      4.00      0.00      0.00      0.00      0.00      0.00
09:33:38 AM      0.00      0.00      0.00      0.00      3.80      0.00      0.00      0.00      0.00      0.00
09:33:43 AM      0.00      0.00      0.00      0.00      4.00      0.00      0.00      0.00      0.00      0.00
09:33:48 AM      0.00     44.80      0.00      0.00      4.00      0.00      0.00      0.00      0.00      0.00
09:33:53 AM      9.60    136.80      0.00      0.00      0.40      0.00      0.00      0.00      0.00      0.00
09:33:58 AM      0.00      4.80      0.00      0.00      4.00      0.00      0.00      0.00      0.00      0.00
09:34:03 AM      0.00      0.00      0.00      0.00      4.00      0.00      0.00      0.00      0.00      0.00
09:34:08 AM      0.00      0.00      0.00      0.00      4.00      0.00      0.00      0.00      0.00      0.00
09:34:13 AM      0.00      0.00      0.00      0.00      3.80      0.00      0.00      0.00      0.00      0.00
09:34:18 AM      0.00      0.00      0.00      0.00      4.20      0.00      0.00      0.00      0.00      0.00
09:34:23 AM      0.00     38.40      0.00      0.00      0.40      0.00      0.00      0.00      0.00      0.00
09:34:28 AM      0.00    136.80      0.00      0.00      4.00      0.00      0.00      0.00      0.00      0.00
09:34:33 AM      0.00      5.60      0.00      0.00      3.80      0.00      0.00      0.00      0.00      0.00
09:34:38 AM      0.00      0.00      0.00      0.00      3.80      0.00      0.00      0.00      0.00      0.00
09:34:43 AM      0.00      0.00      0.00      0.00      4.60      0.00      0.00      0.00      0.00      0.00
09:34:48 AM      0.00      0.00      0.00      0.00      4.80      0.00      0.00      0.00      0.00      0.00
09:34:53 AM      0.00     52.00      6.20      0.00      2.60      0.00      0.00      0.00      0.00      0.00
09:34:58 AM      0.00     84.80      6.20      0.00      4.00      0.00      0.00      0.00      0.00      0.00
09:35:03 AM      0.00    149.60      0.00      0.00      4.60      0.00      0.00      0.00      0.00      0.00
09:35:08 AM      0.00      4.00      0.00      0.00      4.00      0.00      0.00      0.00      0.00      0.00
09:35:13 AM      0.00      0.00      0.40      0.00      4.40      0.00      0.00      0.00      0.00      0.00
09:35:18 AM      0.00      0.00      0.00      0.00      4.00      0.00      0.00      0.00      0.00      0.00
09:35:23 AM      0.00     24.00      0.00      0.00      0.40      0.00      0.00      0.00      0.00      0.00
09:35:28 AM      0.00     70.40      0.00      0.00      4.00      0.00      0.00      0.00      0.00      0.00
09:35:33 AM      0.00      0.00      0.00      0.00      4.20      0.00      0.00      0.00      0.00      0.00
09:35:38 AM      0.00    156.00      0.00      0.00      4.00      0.00      0.00      0.00      0.00      0.00
09:35:43 AM      0.00      4.80      0.00      0.00      3.80      0.00      0.00      0.00      0.00      0.00
09:35:48 AM      0.00      0.00      0.00      0.00      4.20      0.00      0.00      0.00      0.00      0.00
09:35:53 AM      0.00      0.00      0.00      0.00      0.40      0.00      0.00      0.00      0.00      0.00
09:35:58 AM      0.00      0.00      0.00      0.00      4.00      0.00      0.00      0.00      0.00      0.00
09:36:03 AM      0.00      0.00      0.00      0.00      4.00      0.00      0.00      0.00      0.00      0.00
09:36:08 AM      0.00     44.80      0.00      0.00      3.80      0.00      0.00      0.00      0.00      0.00
09:36:13 AM      0.00    117.60      0.00      0.00      1.80      0.00      0.00      0.00      0.00      0.00
09:36:18 AM      0.00      4.00      0.00      0.00      9.80      0.00      0.00      0.00      0.00      0.00
09:36:23 AM      0.00      0.00      0.00      0.00      0.60      0.00      0.00      0.00      0.00      0.00
09:36:28 AM      0.00      0.00      0.00      0.00      3.80      0.00      0.00      0.00      0.00      0.00
09:36:33 AM      0.00      0.00    280.40      0.00    212.60      0.00      0.00      0.00      0.00      0.00
09:36:38 AM      0.00      0.00      0.00      0.00      3.80      0.00      0.00      0.00      0.00      0.00
09:36:43 AM      0.00     38.40      0.00      0.00      3.80      0.00      0.00      0.00      0.00      0.00
09:36:48 AM      0.00    130.40      0.00      0.00      4.20      0.00      0.00      0.00      0.00      0.00
09:36:53 AM      0.00      4.80      0.00      0.00      0.40      0.00      0.00      0.00      0.00      0.00
09:36:58 AM      0.00      0.00      0.00      0.00      4.00      0.00      0.00      0.00      0.00      0.00
09:37:03 AM      0.00      0.00      0.00      0.00      3.80      0.00      0.00      0.00      0.00      0.00
09:37:08 AM      0.00      0.00      0.00      0.00      4.20      0.00      0.00      0.00      0.00      0.00
09:37:13 AM      0.00      0.00      0.00      0.00      3.80      0.00      0.00      0.00      0.00      0.00
09:37:18 AM      0.00     38.40      0.00      0.00      4.20      0.00      0.00      0.00      0.00      0.00
09:37:23 AM      0.00    111.20      0.00      0.00      0.40      0.00      0.00      0.00      0.00      0.00
09:37:28 AM      0.00      4.00      0.00      0.00      3.80      0.00      0.00      0.00      0.00      0.00
09:37:33 AM      0.00      0.00      0.00      0.00      4.00      0.00      0.00      0.00      0.00      0.00
09:37:38 AM      0.00      0.00      0.00      0.00      3.80      0.00      0.00      0.00      0.00      0.00
09:37:43 AM      0.00      0.00      0.00      0.00      4.00      0.00      0.00      0.00      0.00      0.00
09:37:48 AM      0.00      0.00      0.00      0.00      4.00      0.00      0.00      0.00      0.00      0.00
09:37:53 AM      0.00     38.40      0.00      0.00      0.60      0.00      0.00      0.00      0.00      0.00
09:37:58 AM      0.00    130.40      0.00      0.00      3.80      0.00      0.00      0.00      0.00      0.00
09:38:03 AM      0.00      4.80      0.00      0.00      4.00      0.00      0.00      0.00      0.00      0.00
09:38:08 AM      0.00      0.00      0.00      0.00      4.00      0.00      0.00      0.00      0.00      0.00
09:38:13 AM      0.00      0.00      0.00      0.00      3.80      0.00      0.00      0.00      0.00      0.00
09:38:18 AM      0.00      0.00      0.00      0.00      4.20      0.00      0.00      0.00      0.00      0.00
09:38:23 AM      0.00      0.00      0.00      0.00      0.40      0.00      0.00      0.00      0.00      0.00
09:38:28 AM      0.00     44.80      0.00      0.00      4.00      0.00      0.00      0.00      0.00      0.00
09:38:33 AM      0.00    117.60      0.00      0.00      3.80      0.00      0.00      0.00      0.00      0.00
09:38:38 AM      0.00      6.40      0.00      0.00      4.00      0.00      0.00      0.00      0.00      0.00
09:38:43 AM      0.00      0.00      0.00      0.00      3.80      0.00      0.00      0.00      0.00      0.00
09:38:48 AM      0.00      0.00      0.00      0.00      4.20      0.00      0.00      0.00      0.00      0.00
09:38:53 AM      0.00      0.00      0.00      0.00      0.40      0.00      0.00      0.00      0.00      0.00
09:38:58 AM      0.00      0.00      0.00      0.00      3.80      0.00      0.00      0.00      0.00      0.00
09:39:03 AM      0.00     38.40      0.00      0.00      4.00      0.00      0.00      0.00      0.00      0.00
09:39:08 AM      0.00    130.40      0.00      0.00      4.00      0.00      0.00      0.00      0.00      0.00
09:39:13 AM      0.00      4.00      0.00      0.00      4.00      0.00      0.00      0.00      0.00      0.00
09:39:18 AM      0.00      0.00      0.00      0.00      4.00      0.00      0.00      0.00      0.00      0.00
09:39:23 AM      0.00      0.00      0.00      0.00      0.60      0.00      0.00      0.00      0.00      0.00
09:39:28 AM      0.00      0.00      0.00      0.00      3.80      0.00      0.00      0.00      0.00      0.00
09:39:33 AM      0.00      0.00      0.00      0.00      3.80      0.00      0.00      0.00      0.00      0.00
09:39:38 AM      0.00     38.40      0.00      0.00      4.00      0.00      0.00      0.00      0.00      0.00
09:39:43 AM      0.00    111.20      0.00      0.00      4.40      0.00      0.00      0.00      0.00      0.00
09:39:48 AM      0.00      4.80      0.00      0.00      5.00      0.00      0.00      0.00      0.00      0.00
09:39:53 AM      0.00      0.00      5.80      0.00      0.80      0.00      0.00      0.00      0.00      0.00
09:39:58 AM      0.00     41.60      6.00      0.20      5.00      0.00      0.00      0.00      0.00      0.00
09:40:03 AM      0.00      0.00      1.00      0.00      4.20      0.00      0.00      0.00      0.00      0.00
09:40:08 AM      0.00      0.00      0.00      0.00      4.20      0.00      0.00      0.00      0.00      0.00
09:40:13 AM      0.00     70.40      0.00      0.00      4.20      0.00      0.00      0.00      0.00      0.00
09:40:18 AM      0.00    156.00      0.00      0.00      4.20      0.00      0.00      0.00      0.00      0.00
09:40:23 AM      0.00     26.40      0.00      0.00      1.00      0.00      0.00      0.00      0.00      0.00
09:40:28 AM      0.00      0.00      0.00      0.00      3.80      0.00      0.00      0.00      0.00      0.00
09:40:33 AM      0.00      0.00      0.00      0.00      4.00      0.00      0.00      0.00      0.00      0.00
09:40:38 AM      0.00      0.00      0.00      0.00      4.60      0.00      0.00      0.00      0.00      0.00
09:40:43 AM      0.00      0.00      0.00      0.00      4.00      0.00      0.00      0.00      0.00      0.00
09:40:48 AM      0.00     38.40      0.00      0.00      4.00      0.00      0.00      0.00      0.00      0.00
09:40:53 AM      0.00    130.40      0.00      0.00      0.60      0.00      0.00      0.00      0.00      0.00
09:40:58 AM      0.00      4.80      0.00      0.00      3.80      0.00      0.00      0.00      0.00      0.00
09:41:03 AM      0.00      0.00      0.00      0.00      3.80      0.00      0.00      0.00      0.00      0.00
09:41:08 AM      0.00      0.00      0.00      0.00      4.00      0.00      0.00      0.00      0.00      0.00
09:41:13 AM      0.00      0.00      0.00      0.00      1.80      0.00      0.00      0.00      0.00      0.00
09:41:18 AM      0.00      0.00      0.00      0.00     10.00      0.00      0.00      0.00      0.00      0.00
09:41:23 AM      0.00     44.80      0.00      0.00      0.40      0.00      0.00      0.00      0.00      0.00
09:41:28 AM      0.00    136.80      0.00      0.00      4.00      0.00      0.00      0.00      0.00      0.00
09:41:33 AM      0.00      4.00    282.40      0.00    212.80      0.00      0.00      0.00      0.00      0.00
09:41:38 AM      0.00      0.00      0.00      0.00      4.00      0.00      0.00      0.00      0.00      0.00
09:41:43 AM      0.00      0.00      0.00      0.00      3.80      0.00      0.00      0.00      0.00      0.00
09:41:48 AM      0.00      0.00      0.00      0.00      4.00      0.00      0.00      0.00      0.00      0.00
09:41:53 AM      0.00      0.00      0.00      0.00      0.60      0.00      0.00      0.00      0.00      0.00
09:41:58 AM      0.00     38.40      0.00      0.00      3.80      0.00      0.00      0.00      0.00      0.00
09:42:03 AM      0.00    111.20      0.00      0.00      4.00      0.00      0.00      0.00      0.00      0.00
09:42:08 AM      0.00      5.60      0.00      0.00      3.80      0.00      0.00      0.00      0.00      0.00
09:42:13 AM      0.00      0.00      0.00      0.00      4.20      0.00      0.00      0.00      0.00      0.00
09:42:18 AM      0.00      0.00      0.00      0.00      3.80      0.00      0.00      0.00      0.00      0.00
09:42:23 AM      0.00      0.00      0.00      0.00      0.60      0.00      0.00      0.00      0.00      0.00
09:42:28 AM      0.00      0.00      0.00      0.00      4.00      0.00      0.00      0.00      0.00      0.00
09:42:33 AM      0.00     44.80      0.00      0.00      3.80      0.00      0.00      0.00      0.00      0.00
09:42:38 AM      0.00    130.40      0.00      0.00      4.00      0.00      0.00      0.00      0.00      0.00
09:42:43 AM      0.00      4.80      0.00      0.00      3.80      0.00      0.00      0.00      0.00      0.00
09:42:48 AM      0.00      0.00      0.40      0.00      4.00      0.00      0.00      0.00      0.00      0.00
09:42:53 AM      0.00      0.00    544.00      0.00      0.60      0.00      0.00      0.00      0.00      0.00
09:42:58 AM      0.00      0.00      0.00      0.00      4.00      0.00      0.00      0.00      0.00      0.00
09:43:03 AM      0.00      0.00      0.00      0.00      3.79      0.00      0.00      0.00      0.00      0.00
09:43:08 AM      0.00     44.80      0.00      0.00      3.80      0.00      0.00      0.00      0.00      0.00
09:43:13 AM      0.00    111.20      0.00      0.00      4.20      0.00      0.00      0.00      0.00      0.00
09:43:18 AM      0.00      4.80      0.00      0.00      3.80      0.00      0.00      0.00      0.00      0.00
09:43:23 AM      0.00      0.00    399.60      0.00      0.80      0.00      0.00      0.00      0.00      0.00
09:43:28 AM      0.00      0.00      0.00      0.00      3.80      0.00      0.00      0.00      0.00      0.00
09:43:33 AM      0.00      0.00      0.00      0.00      4.00      0.00      0.00      0.00      0.00      0.00
09:43:38 AM      0.00      0.00      0.00      0.00      3.80      0.00      0.00      0.00      0.00      0.00
09:43:43 AM      0.00     44.80      0.00      0.00      4.00      0.00      0.00      0.00      0.00      0.00
09:43:48 AM      0.00    143.20      0.00      0.00      3.80      0.00      0.00      0.00      0.00      0.00
09:43:53 AM    181.60 187383.20  49853.80     14.20  52435.80 266360.40   2341.60  52343.40      0.00      0.00
09:43:58 AM    294.40      0.00      4.20      2.40      4.40      0.00      0.00      0.00      0.00      0.00
09:44:03 AM      0.00      0.00      0.00      0.00      3.80      0.00      0.00      0.00      0.00      0.00
09:44:08 AM      0.00      0.00      0.00      0.00      4.00      0.00      0.00      0.00      0.00      0.00
09:44:13 AM      0.00      0.00      0.00      0.00      3.80      0.00      0.00      0.00      0.00      0.00
09:44:18 AM      0.00     38.40      0.00      0.00      4.20      0.00      0.00      0.00      0.00      0.00
09:44:23 AM    109.60    117.60      1.40      1.20      0.80      0.00      0.00      0.00      0.00      0.00
09:44:28 AM    212.00      4.00      0.20      0.20      4.60      0.00      0.00      0.00      0.00      0.00
09:44:33 AM      0.00      0.00      0.00      0.00      3.80      0.00      0.00      0.00      0.00      0.00
09:44:38 AM      0.00      0.00      0.00      0.00      3.80      0.00      0.00      0.00      0.00      0.00
09:44:43 AM     76.00      0.00      4.40      4.40      7.20      0.00      0.00      0.00      0.00      0.00
09:44:48 AM      0.00      0.00      0.40      0.00      4.60      0.00      0.00      0.00      0.00      0.00
09:44:53 AM 154013.60 164319.20  38499.80  38493.80  41074.00  41635.60    103.20  41065.80      0.00      0.00
09:44:58 AM      0.00    220.00      0.20      0.00      4.80      0.00      0.00      0.00      0.00      0.00
09:45:03 AM      4.80     19.20      6.00      0.20      4.40      0.00      0.00      0.00      0.00      0.00
09:45:08 AM      0.00      0.00      0.00      0.00      4.00      0.00      0.00      0.00      0.00      0.00
09:45:13 AM      0.00   4915.20      0.00      0.00      4.20      0.00      0.00      0.00      0.00      0.00
09:45:18 AM      0.00  73728.00      0.00      0.00  19665.00      0.00      0.00      0.00      0.00      0.00
09:45:23 AM 198156.00  94085.60  48186.80  48177.80  30536.40 242289.00      0.00  22073.20      0.00      0.00
09:45:28 AM    659.20    220.00      9.80     55.40    619.60      0.00      0.00      0.00      0.00      0.00
09:45:33 AM      0.00      0.00      0.00      0.00      3.80      0.00      0.00      0.00      0.00      0.00
09:45:38 AM    630.40      5.60      3.40     38.20    414.40      0.00      0.00      0.00      0.00      0.00
09:45:43 AM      0.00      0.00      0.00      0.00      3.80      0.00      0.00      0.00      0.00      0.00
09:45:48 AM    188.00      0.00      2.20     47.00   1266.40      0.00      0.00      0.00      0.00      0.00
09:45:53 AM  98476.00 109028.00  24494.60  24492.60  27391.80  32706.40      0.00  27314.00      0.00      0.00
09:45:58 AM    432.00    143.20     28.20     57.00   1638.00      0.00      0.00      0.00      0.00      0.00
09:46:03 AM      0.00      0.00      0.00      0.00      4.00      0.00      0.00      0.00      0.00      0.00
09:46:08 AM    176.80      0.00      0.80     44.20    771.80      0.00      0.00      0.00      0.00      0.00
09:46:13 AM    529.60      5.60     14.00      4.60      5.00      0.00      0.00      0.00      0.00      0.00
09:46:18 AM    234.40      0.00      2.60     50.60    522.60      0.00      0.00      0.00      0.00      0.00
09:46:23 AM  77572.80  80996.80  18616.20  18280.60  20488.40  20337.20      0.00  20303.20      0.00      0.00
09:46:28 AM    155.20      0.00      2.80     38.80    558.40      0.00      0.00      0.00      0.00      0.00
09:46:33 AM     85.60      0.00    283.00      1.20    215.20      0.00      0.00      0.00      0.00      0.00
09:46:38 AM    224.00      0.00      1.40     54.00    517.00      0.00      0.00      0.00      0.00      0.00
09:46:43 AM      3.20    200.80      0.00      0.00      3.80      0.00      0.00      0.00      0.00      0.00
09:46:48 AM      0.00      4.00      0.00      0.00      4.00      0.00      0.00      0.00      0.00      0.00
09:46:53 AM 151061.60 139534.40  37828.60  37875.80  35869.80 109772.60   7379.00  35156.00      0.00      0.00
09:46:58 AM     46.40      0.00      1.80      0.80      4.00      0.00      0.00      0.00      0.00      0.00
09:47:03 AM      0.00      0.00      0.00      0.00      3.80      0.00      0.00      0.00      0.00      0.00
09:47:08 AM      0.00      0.00      0.00      0.00      4.00      0.00      0.00      0.00      0.00      0.00
09:47:13 AM      0.00     57.60      0.00      0.00      3.80      0.00      0.00      0.00      0.00      0.00
09:47:18 AM      0.00    149.60      0.00      0.00      9.80      0.00      0.00      0.00      0.00      0.00
09:47:23 AM  14097.60   6968.00   3515.60   3515.40   1796.60   4068.00      0.00   1766.60      0.00      0.00
09:47:28 AM      0.80      0.00      0.20      0.20      3.80      0.00      0.00      0.00      0.00      0.00
09:47:33 AM    123.20      0.00      0.60     30.80    311.80      0.00      0.00      0.00      0.00      0.00
09:47:38 AM      0.00      0.00      0.00      0.00      3.80      0.00      0.00      0.00      0.00      0.00
09:47:43 AM    154.40   2387.20      1.00     38.60   1036.80   1069.20      0.00    622.40      0.00      0.00
09:47:48 AM      0.00     44.80      0.00      0.00      3.80      0.00      0.00      0.00      0.00      0.00
09:47:53 AM  54397.60  40180.00  13471.80  13471.60  13477.60  36351.80      0.00  13278.20      0.00      0.00
09:47:58 AM   1968.80  19815.20    150.80    136.80   6458.60   5001.60      0.00   4992.00      0.00      0.00
09:48:03 AM      0.00      0.00      0.00      0.00      4.00      0.00      0.00      0.00      0.00      0.00
09:48:08 AM      0.00      0.00      0.00      0.00      3.80      0.00      0.00      0.00      0.00      0.00
09:48:13 AM      0.80      0.00      0.20      0.20      3.80      0.00      0.00      0.00      0.00      0.00
09:48:18 AM      0.00      0.00      0.00      0.00      4.00      0.00      0.00      0.00      0.00      0.00
09:48:23 AM  72340.80  56348.80  18085.20  18085.20  14261.80  14255.00      0.00  14137.00      0.00      0.00
09:48:28 AM     10.40    136.80      0.20      0.20      4.00      0.00      0.00      0.00      0.00      0.00
09:48:33 AM      0.00      4.80      0.00      0.00      3.80      0.00      0.00      0.00      0.00      0.00
09:48:38 AM    608.00      0.00      0.20      0.20      4.00      0.00      0.00      0.00      0.00      0.00
09:48:43 AM      0.00      0.00      0.00      0.00      3.80      0.00      0.00      0.00      0.00      0.00
09:48:48 AM      0.00      0.00      0.00      0.00      3.80      0.00      0.00      0.00      0.00      0.00
09:48:53 AM 136907.20 136579.20  34136.40  34185.20  36060.00  65867.00     32.80  35464.40      0.00      0.00
09:48:58 AM   4624.80     44.80     10.80      3.20     40.20      0.00      0.00      0.00      0.00      0.00
09:49:03 AM    221.60  20686.40      1.00     54.60   5706.80   5216.80      0.00   5189.80      0.00      0.00
09:49:08 AM      3.20      4.80      5.60      0.00      3.80      0.00      0.00      0.00      0.00      0.00
09:49:13 AM    190.40      0.00      1.20     47.60    517.00      0.00      0.00      0.00      0.00      0.00
09:49:18 AM      0.00      0.00      0.00      0.00      3.80      0.00      0.00      0.00      0.00      0.00
09:49:23 AM 107660.00  99909.60  26879.60  26879.00  25750.00  64393.00      0.00  25563.20      0.00      0.00
09:49:28 AM     54.40      0.00      1.80      0.80      3.80      0.00      0.00      0.00      0.00      0.00
09:49:33 AM      0.00     44.80      0.00      0.00      3.80      0.00      0.00      0.00      0.00      0.00
09:49:38 AM     28.80    136.80      0.80      0.00      4.00      0.00      0.00      0.00      0.00      0.00
09:49:43 AM   2710.40      5.60     55.60     35.00     11.20      0.00      0.00      0.00      0.00      0.00
09:49:48 AM     80.80      0.00      4.60      3.20      4.80      0.00      0.00      0.00      0.00      0.00
09:49:53 AM  26740.00  21388.00   5907.00   5884.00   5377.20   6151.80      0.00   5360.20      0.00      0.00
09:49:58 AM      8.00      0.00     14.00      5.60      4.20      0.00      0.00      0.00      0.00      0.00
09:50:03 AM    195.20     37.60      3.60      2.00      5.00      0.00      0.00      0.00      0.00      0.00
09:50:08 AM      0.00     76.80      0.00      0.00      4.20      0.00      0.00      0.00      0.00      0.00
09:50:13 AM      0.80    156.00      5.80      0.20      4.20      0.00      0.00      0.00      0.00      0.00
09:50:18 AM      0.00      4.00      0.00      0.00      3.80      0.00      0.00      0.00      0.00      0.00
09:50:23 AM  66263.20  73954.40  16184.40  16174.60  19821.40 233879.00    302.80  19693.80      0.00      0.00
09:50:28 AM      4.00      0.00      0.20      0.20      3.80      0.00      0.00      0.00      0.00      0.00
09:50:33 AM      0.00      0.00      0.00      0.00      4.00      0.00      0.00      0.00      0.00      0.00
09:50:38 AM      0.00      0.00      0.00      0.00      3.80      0.00      0.00      0.00      0.00      0.00
09:50:43 AM      7.20    162.40      0.20      0.20      4.00      0.00      0.00      0.00      0.00      0.00
09:50:48 AM      0.00      0.00      0.00      0.00      3.80      0.00      0.00      0.00      0.00      0.00
09:50:53 AM 125295.01 105610.38  30251.50  30247.11  28340.52  31574.25      0.00  28167.27      0.00      0.00
09:50:58 AM    218.40      0.00     21.60     43.60    317.60      0.00      0.00      0.00      0.00      0.00
09:51:03 AM      8.80      0.00      2.20      2.20      4.40      0.00      0.00      0.00      0.00      0.00
09:51:08 AM    145.60      0.00      2.40     36.40    414.60      0.00      0.00      0.00      0.00      0.00
09:51:13 AM   1224.00      0.00     88.00     64.00     11.00      0.00      0.00      0.00      0.00      0.00
09:51:18 AM    332.80      0.00     16.20     56.00    523.60      0.00      0.00      0.00      0.00      0.00
09:51:23 AM   7100.00  13325.60   1740.80   1740.20   3309.40   3764.00      0.00   3299.20      0.00      0.00
09:51:28 AM     71.20      0.00      0.00     17.80    209.40      0.00      0.00      0.00      0.00      0.00
09:51:33 AM   3028.00      0.00    335.60     35.40    293.60      0.00      0.00      0.00      0.00      0.00
09:51:38 AM    135.20      0.00      1.80     33.80   2408.20      0.00      0.00      0.00      0.00      0.00
09:51:43 AM      4.00      0.00      0.40      0.40      4.00      0.00      0.00      0.00      0.00      0.00
09:51:48 AM    103.20      0.00      0.20     25.80    311.60      0.00      0.00      0.00      0.00      0.00
09:51:53 AM 124081.60 123340.00  30718.40  30717.60  32630.00 224296.80      9.80  32420.60      0.00      0.00
09:51:58 AM   1167.20      0.00    195.60    181.20     13.40      0.00      0.00      0.00      0.00      0.00
09:52:03 AM      0.00      0.00      0.00      0.00      4.00      0.00      0.00      0.00      0.00      0.00
09:52:08 AM      0.00      0.00      0.00      0.00      4.60      0.00      0.00      0.00      0.00      0.00
09:52:13 AM     28.80    149.60      0.00      0.00      4.00      0.00      0.00      0.00      0.00      0.00
09:52:18 AM      0.00      0.00      0.00      0.00      3.80      0.00      0.00      0.00      0.00      0.00
09:52:23 AM  59804.00  59130.40  14891.20  14891.00  15691.60  15809.40      6.60  15603.60      0.00      0.00
09:52:28 AM    455.20      4.00      0.60      0.60      4.20      0.00      0.00      0.00      0.00      0.00
09:52:33 AM      0.00      0.00      0.00      0.00      3.80      0.00      0.00      0.00      0.00      0.00
09:52:38 AM    786.40      0.00      0.80      0.40      4.00      0.00      0.00      0.00      0.00      0.00
09:52:43 AM    806.40      0.00      1.80      0.40      3.80      0.00      0.00      0.00      0.00      0.00
09:52:48 AM      0.00      0.00      0.00      0.00      4.00      0.00      0.00      0.00      0.00      0.00
09:52:53 AM 108806.40  97270.40  27145.80  27145.20  24961.80  32877.20      0.00  24881.60      0.00      0.00
09:52:58 AM    208.00  20269.60      2.40     49.00   5595.80   5084.20      0.00   5078.00      0.00      0.00
09:53:03 AM      0.00      0.00      0.00      0.00      3.80      0.00      0.00      0.00      0.00      0.00
09:53:08 AM     62.40      0.00      1.00     15.60    209.00      0.00      0.00      0.00      0.00      0.00
09:53:13 AM      0.80      0.00      0.20      0.20      4.00      0.00      0.00      0.00      0.00      0.00
09:53:18 AM    156.80      0.00      2.20     39.20   1688.00      0.00      0.00      0.00      0.00      0.00
09:53:23 AM  71672.00  55109.60  17941.60  17939.80  14441.00  15552.60     67.40  14394.60      0.00      0.00
09:53:28 AM   2380.00      5.60      6.60      2.40      6.40      0.00      0.00      0.00      0.00      0.00
09:53:33 AM     36.80      0.00      4.80      4.80      4.00      0.00      0.00      0.00      0.00      0.00
09:53:38 AM      0.00      0.00      0.00      0.00      3.80      0.00      0.00      0.00      0.00      0.00
09:53:43 AM     15.20      0.00      3.80      3.80      5.60      0.00      0.00      0.00      0.00      0.00
09:53:48 AM      3.20      0.00      1.00      0.80      3.80      0.00      0.00      0.00      0.00      0.00
09:53:53 AM  33386.40  44131.20   8340.20   8339.80  11146.60  11539.60      0.00  11098.00      0.00      0.00
09:53:58 AM   2404.80    136.80    215.00    196.00     18.80      0.00      0.00      0.00      0.00      0.00
09:54:03 AM      0.00      4.80      0.00      0.00      3.80      0.00      0.00      0.00      0.00      0.00
09:54:08 AM      0.00      0.00      0.00      0.00      4.00      0.00      0.00      0.00      0.00      0.00
09:54:13 AM      0.80      0.00      0.20      0.20      3.80      0.00      0.00      0.00      0.00      0.00
09:54:18 AM      0.00      0.00      0.00      0.00      4.00      0.00      0.00      0.00      0.00      0.00
09:54:23 AM  56988.00  43738.40  14247.00  14247.00  11705.20  56972.60   1160.80  11585.00      0.00      0.00
09:54:28 AM      0.00     32.00      0.00      0.00      4.20      0.00      0.00      0.00      0.00      0.00
09:54:33 AM    687.20    104.80      0.40      0.20      3.80      0.00      0.00      0.00      0.00      0.00
09:54:38 AM      0.00      4.00      0.00      0.00      3.80      0.00      0.00      0.00      0.00      0.00
09:54:43 AM   4027.20   8892.00     60.60     38.20   2251.00   4980.20      0.00   2224.40      0.00      0.00
09:54:48 AM     14.40      0.00      6.60      5.00      4.60      0.00      0.00      0.00      0.00      0.00
09:54:53 AM 101747.20 116077.60  24654.40  24624.80  29289.60  36506.20     51.40  29208.60      0.00      0.00
09:54:58 AM      8.80      0.00      5.40      1.00      4.00      0.00      0.00      0.00      0.00      0.00
09:55:03 AM    217.60    116.00      5.20     30.20    313.00      0.00      0.00      0.00      0.00      0.00
09:55:08 AM    276.00    117.60      1.40      0.80      4.40      0.00      0.00      0.00      0.00      0.00
09:55:13 AM    181.60     19.20      6.60     45.40    415.40      0.00      0.00      0.00      0.00      0.00
09:55:18 AM      0.00      0.00      0.00      0.00      4.00      0.00      0.00      0.00      0.00      0.00
09:55:23 AM  47748.80  30492.80  11774.20  11777.00   7951.60  13041.40      0.00   7713.40      0.00      0.00
09:55:28 AM      1.60      0.00      0.40      0.40      4.00      0.00      0.00      0.00      0.00      0.00
09:55:33 AM    196.80      0.00      0.20     49.20   1340.20      0.00      0.00      0.00      0.00      0.00
09:55:38 AM      0.00     64.00      0.00      0.00      4.00      0.00      0.00      0.00      0.00      0.00
09:55:43 AM    180.00    130.40      1.00     45.00   1346.20      0.00      0.00      0.00      0.00      0.00
09:55:48 AM      0.00      4.00      0.00      0.00      6.40      0.00      0.00      0.00      0.00      0.00
09:55:53 AM 146390.40 144358.40  36633.40  36633.20  37936.20  49254.60      0.00  37796.80      0.00      0.00
09:55:58 AM   3813.60      0.00    197.20    179.80     17.00      0.00      0.00      0.00      0.00      0.00
09:56:03 AM      0.00      0.00      0.00      0.00      4.00      0.00      0.00      0.00      0.00      0.00
09:56:08 AM      0.00      0.00      0.00      0.00      3.80      0.00      0.00      0.00      0.00      0.00
09:56:13 AM   1028.00      0.00     26.20     17.80      5.20      0.00      0.00      0.00      0.00      0.00
09:56:18 AM     76.00    130.40      8.00      5.40     12.60      0.00      0.00      0.00      0.00      0.00
09:56:23 AM  50501.60  44318.40  12611.60  12609.40  12798.40  12988.80      0.00  12679.20      0.00      0.00
09:56:28 AM     18.40      4.80      3.80      0.80      4.00      0.00      0.00      0.00      0.00      0.00
09:56:33 AM   4987.20  22473.60    333.80     36.60   5912.80   5671.40      0.00   5670.00      0.00      0.00
09:56:38 AM      0.00      0.00      0.00      0.00      3.80      0.00      0.00      0.00      0.00      0.00
09:56:43 AM      0.00      0.00      0.00      0.00      3.80      0.00      0.00      0.00      0.00      0.00
09:56:48 AM      0.00      0.00      0.00      0.00      4.00      0.00      0.00      0.00      0.00      0.00
09:56:53 AM  75742.40  67515.20  17886.80  17939.00  19223.60  18312.40      7.40  18057.00      0.00      0.00
09:56:58 AM      0.00      0.00      0.00      0.00      4.00      0.00      0.00      0.00      0.00      0.00
09:57:03 AM    115.20      5.60      0.60     28.80    313.20      0.00      0.00      0.00      0.00      0.00
09:57:08 AM    696.80      0.00      2.40      0.40      4.00      0.00      0.00      0.00      0.00      0.00
09:57:13 AM    994.40      0.00      1.60     48.80    516.80      0.00      0.00      0.00      0.00      0.00
09:57:18 AM      0.00      0.00      0.00      0.00      4.00      0.00      0.00      0.00      0.00      0.00
09:57:23 AM  63332.00  58372.00  15846.20  15846.20  14848.20  15933.20     25.60  14800.80      0.00      0.00
09:57:28 AM      3.20      0.00      0.40      0.20    617.00      0.00      0.00      0.00      0.00      0.00
09:57:33 AM      0.00    130.40      0.00      0.00      4.20      0.00      0.00      0.00      0.00      0.00
09:57:38 AM      0.00      4.00      0.00      0.00      3.80      0.00      0.00      0.00      0.00      0.00
09:57:43 AM      0.80      0.00      0.20      0.20      4.00      0.00      0.00      0.00      0.00      0.00
09:57:48 AM      0.00      0.00      0.00      0.00      3.80      0.00      0.00      0.00      0.00      0.00
09:57:53 AM  45976.00  41030.40  11144.60  11143.20  11587.00  11993.00    125.00  11482.80      0.00      0.00
09:57:58 AM   1089.60      0.00    232.60    213.20     14.20      0.00      0.00      0.00      0.00      0.00
09:58:03 AM      7.20    104.80      0.20      0.20      3.80      0.00      0.00      0.00      0.00      0.00
09:58:08 AM      0.00      0.00      0.00      0.00      4.00      0.00      0.00      0.00      0.00      0.00
09:58:13 AM      3.20      5.60      0.00      0.00      3.80      0.00      0.00      0.00      0.00      0.00
09:58:18 AM      0.00      0.00      0.00      0.00      4.00      0.00      0.00      0.00      0.00      0.00
09:58:23 AM  42141.60  38692.80  10532.20  10532.20  10675.20  13328.00      0.00  10581.00      0.00      0.00
09:58:28 AM   1069.60      0.00      1.00      0.80      4.80      0.00      0.00      0.00      0.00      0.00
09:58:33 AM      0.00      0.00      0.00      0.00      3.80      0.00      0.00      0.00      0.00      0.00
09:58:38 AM      0.00      0.00      0.00      0.00      4.20      0.00      0.00      0.00      0.00      0.00
09:58:43 AM     14.40    181.60      0.40      0.40      3.80      0.00      0.00      0.00      0.00      0.00
09:58:48 AM      0.00      4.80      0.00      0.00      3.80      0.00      0.00      0.00      0.00      0.00
09:58:53 AM  69680.80  60649.60  17453.00  17450.80  15694.40  23498.80     93.20  15647.80      0.00      0.00
09:58:58 AM   2572.00  16092.00      5.40     27.40   4350.60   4241.00      0.00   4038.80      0.00      0.00
09:59:03 AM     43.20      0.00      3.20      0.60      4.00      0.00      0.00      0.00      0.00      0.00
09:59:08 AM    140.80      0.00      0.80     35.20    742.40      0.00      0.00      0.00      0.00      0.00
09:59:13 AM   1048.80    162.40      4.00      0.60      4.80      0.00      0.00      0.00      0.00      0.00
09:59:18 AM     85.60      0.00      0.40     21.40    209.00      0.00      0.00      0.00      0.00      0.00
09:59:23 AM  54478.24  55314.97  13645.91  13643.71  14186.83 153080.44     21.36  14128.34      0.00      0.00
09:59:28 AM     52.00      0.00     10.00      6.40      5.80      0.00      0.00      0.00      0.00      0.00
09:59:33 AM      0.00      0.00      0.00      0.00      3.80      0.00      0.00      0.00      0.00      0.00
09:59:38 AM      0.00      0.00      0.00      0.00      4.20      0.00      0.00      0.00      0.00      0.00
09:59:43 AM   2218.40      0.00     83.00     60.20     23.20      0.00      0.00      0.00      0.00      0.00
09:59:48 AM    513.60      0.00     13.20     11.80      5.80      0.00      0.00      0.00      0.00      0.00
09:59:53 AM  78060.00  69108.80  17728.60  17697.40  18839.60  67720.20     39.60  18749.00      0.00      0.00
09:59:58 AM   1494.40   4104.80    197.60    179.20   1052.60   1472.80      0.00   1028.80      0.00      0.00
10:00:03 AM    109.60      0.00      1.20      1.00      4.80      0.00      0.00      0.00      0.00      0.00
10:00:08 AM    343.20      0.00      1.00      0.60     14.00      0.00      0.00      0.00      0.00      0.00
10:00:13 AM     82.40     37.60      3.60      2.20      5.80      0.00      0.00      0.00      0.00      0.00
10:00:18 AM      0.00      0.00      0.00      0.00      3.80      0.00      0.00      0.00      0.00      0.00
10:00:23 AM  48548.00  48241.60  11860.20  11849.60  12076.80  18381.20      0.00  12029.80      0.00      0.00
10:00:28 AM      0.00      0.00      0.00      0.00      3.80      0.00      0.00      0.00      0.00      0.00
10:00:33 AM      0.00      5.60      0.00      0.00      4.00      0.00      0.00      0.00      0.00      0.00
10:00:38 AM      0.00      0.00      0.00      0.00      4.00      0.00      0.00      0.00      0.00      0.00
10:00:43 AM      0.80      0.00      0.20      0.20      4.00      0.00      0.00      0.00      0.00      0.00
10:00:48 AM      0.00      0.00      0.00      0.00      3.80      0.00      0.00      0.00      0.00      0.00
10:00:53 AM 125653.60 129099.20  31439.20  31439.20  32945.20  49075.40      8.60  32810.20      0.00      0.00
10:00:58 AM      4.00      0.00      0.60      0.60      4.00      0.00      0.00      0.00      0.00      0.00
10:01:03 AM    152.00     92.00      2.20     36.40    414.40      0.00      0.00      0.00      0.00      0.00
10:01:08 AM      0.00      0.00      0.00      0.00      4.00      0.00      0.00      0.00      0.00      0.00
10:01:13 AM   1183.20      0.00     42.60     75.60    619.40      0.00      0.00      0.00      0.00      0.00
10:01:18 AM     75.20      0.00     10.00      7.80     10.20      0.00      0.00      0.00      0.00      0.00
10:01:23 AM 153576.00 134326.40  38376.20  38426.80  36369.20  40571.80      0.00  35626.80      0.00      0.00
10:01:28 AM    583.20      0.00      8.60      4.60      5.00      0.00      0.00      0.00      0.00      0.00
10:01:33 AM     12.80    130.40      0.00      0.00      3.80      0.00      0.00      0.00      0.00      0.00
10:01:38 AM   3328.00  20275.20    333.60     36.20   5267.00   5082.20      0.00   5076.60      0.00      0.00
10:01:43 AM    600.80      0.00      6.20      4.20      5.00      0.00      0.00      0.00      0.00      0.00
10:01:48 AM      1.60      0.00      0.40      0.40      3.80      0.00      0.00      0.00      0.00      0.00
10:01:53 AM   5632.80      0.00   1406.40   1406.00     31.80      0.00      0.00      0.00      0.00      0.00
10:01:58 AM   2793.60      4.00    200.80    182.60     22.40      0.00      0.00      0.00      0.00      0.00
10:02:03 AM      0.00      0.00      0.00      0.00      4.00      0.00      0.00      0.00      0.00      0.00
10:02:08 AM      0.00      0.00      0.00      0.00      3.80      0.00      0.00      0.00      0.00      0.00
10:02:13 AM      0.00      0.00      0.00      0.00      4.00      0.00      0.00      0.00      0.00      0.00
10:02:18 AM      0.00      0.00      0.00      0.00      3.80      0.00      0.00      0.00      0.00      0.00
10:02:23 AM  18077.60  20222.40   4519.60   4519.60   5090.40   5083.80      0.00   5066.40      0.00      0.00
10:02:28 AM      0.00    162.40      0.00      0.00      4.00      0.00      0.00      0.00      0.00      0.00
10:02:33 AM      0.00      4.00      0.00      0.00      3.80      0.00      0.00      0.00      0.00      0.00
10:02:38 AM      0.00      0.00      0.00      0.00      4.00      0.00      0.00      0.00      0.00      0.00
10:02:43 AM      0.80      0.00      0.20      0.20      4.40      0.00      0.00      0.00      0.00      0.00
10:02:48 AM      0.00      0.00      0.00      0.00      4.00      0.00      0.00      0.00      0.00      0.00
10:02:53 AM 114838.40 105404.00  28734.40  28731.80  28026.60 175192.00  75407.60  27892.20      0.00      0.00
10:02:58 AM     10.40     32.00      0.40      0.40      4.20      0.00      0.00      0.00      0.00      0.00
10:03:03 AM     78.40     98.40      0.40     17.20    209.00      0.00      0.00      0.00      0.00      0.00
10:03:08 AM    795.20      4.00      0.20      0.20      3.80      0.00      0.00      0.00      0.00      0.00
10:03:13 AM    112.00      0.00      0.60     28.00    311.80      0.00      0.00      0.00      0.00      0.00
10:03:18 AM   1797.60      0.00      1.80      0.80      3.80      0.00      0.00      0.00      0.00      0.00
10:03:23 AM  61591.20  71059.20  15398.00  15420.80  18179.20  22834.00      0.00  17828.60      0.00      0.00
10:03:28 AM      0.80      0.00      0.20      0.20      3.80      0.00      0.00      0.00      0.00      0.00
10:03:33 AM     12.80     32.00      4.00      3.20      4.40      0.00      0.00      0.00      0.00      0.00
10:03:38 AM      6.40    104.80      0.00      0.00      3.80      0.00      0.00      0.00      0.00      0.00
10:03:43 AM      1.60      4.00      0.40      0.40      4.20      0.00      0.00      0.00      0.00      0.00
10:03:48 AM      0.00      0.00      0.00      0.00      3.80      0.00      0.00      0.00      0.00      0.00
10:03:53 AM  94841.60  94783.20  23554.40  23554.20  24786.00  55261.80      0.00  24631.60      0.00      0.00
10:03:58 AM   3043.20      0.00    233.20    214.60     25.60      0.00      0.00      0.00      0.00      0.00
10:04:03 AM      0.00      0.00      0.00      0.00      3.80      0.00      0.00      0.00      0.00      0.00
10:04:08 AM     48.00     38.40      0.80      0.80      5.60      0.00      0.00      0.00      0.00      0.00
10:04:13 AM      3.20     92.00      0.20      0.20      3.80      0.00      0.00      0.00      0.00      0.00
10:04:18 AM      0.00      7.20      0.00      0.00      4.00      0.00      0.00      0.00      0.00      0.00
10:04:23 AM  98480.80  83155.20  24454.60  24454.40  21626.60  26733.00      9.80  21472.00      0.00      0.00
10:04:28 AM      6.40      0.00      0.20      0.20      3.80      0.00      0.00      0.00      0.00      0.00
10:04:33 AM      0.00      0.00      0.00      0.00      4.00      0.00      0.00      0.00      0.00      0.00
10:04:38 AM      0.00      0.00      0.00      0.00      3.80      0.00      0.00      0.00      0.00      0.00
10:04:43 AM   3409.60  10623.20     60.60     41.80   2667.80   3213.20      0.00   2649.40      0.00      0.00
10:04:48 AM     20.80    104.80      5.20      3.60      5.00      0.00      0.00      0.00      0.00      0.00
10:04:53 AM  33144.80  35693.60   7346.40   7319.60   9351.00  10638.40      0.00   9306.80      0.00      0.00
10:04:58 AM    216.80    344.00      2.60     52.60    604.40      0.00      0.00     86.40      0.00      0.00
10:05:03 AM      3.20      0.00      1.00      0.80      4.80      0.00      0.00      0.00      0.00      0.00
10:05:08 AM    237.60      0.00      1.60     59.40    619.80      0.00      0.00      0.00      0.00      0.00
10:05:13 AM    102.40     37.60      3.20      2.40      5.80      0.00      0.00      0.00      0.00      0.00
10:05:18 AM     48.80     76.80      0.40     12.20    106.60      0.00      0.00      0.00      0.00      0.00
10:05:23 AM  56940.80  47894.40  14254.40  14253.60  13878.00  16701.40      0.00  13091.80      0.00      0.00
10:05:28 AM    592.80      4.00     24.60     16.80     12.20      0.00      0.00      0.00      0.00      0.00
10:05:33 AM      0.80      0.00      0.20      0.20      3.80      0.00      0.00      0.00      0.00      0.00
10:05:38 AM      0.00      0.00      0.00      0.00      4.00      0.00      0.00      0.00      0.00      0.00
10:05:43 AM      0.80      0.00      0.20      0.20      3.80      0.00      0.00      0.00      0.00      0.00
10:05:48 AM      0.00      0.00      0.00      0.00      4.20      0.00      0.00      0.00      0.00      0.00
10:05:53 AM  46672.00  41198.40  11672.20  11672.20  11150.80  13509.20     23.80  11106.80      0.00      0.00
10:05:58 AM   4322.40  20386.40    199.20    180.20   5141.20   5077.80      0.00   5077.80      0.00      0.00
10:06:03 AM      0.00      4.00      0.00      0.00      4.00      0.00      0.00      0.00      0.00      0.00
10:06:08 AM      0.00      0.00      0.00      0.00      3.80      0.00      0.00      0.00      0.00      0.00
10:06:13 AM   1344.00      0.00     39.80     22.20      7.80      0.00      0.00      0.00      0.00      0.00
10:06:18 AM    154.40      0.00      6.00      3.40     10.20      0.00      0.00      0.00      0.00      0.00
10:06:23 AM  51310.40  43080.80  12811.20  12809.80  11685.80 137355.20     14.20  11562.00      0.00      0.00
10:06:28 AM    423.20      0.00      9.40      1.40      6.40      0.00      0.00      0.00      0.00      0.00
10:06:33 AM      3.20     92.00      0.00      0.00      4.00      0.00      0.00      0.00      0.00      0.00
10:06:38 AM   2521.60      0.00    335.20     35.40    192.60      0.00      0.00      0.00      0.00      0.00
10:06:43 AM      4.00      0.00      1.00      1.00      3.80      0.00      0.00      0.00      0.00      0.00
10:06:48 AM      0.00      0.00      0.00      0.00      4.20      0.00      0.00      0.00      0.00      0.00
10:06:53 AM  55714.40  60232.80  13939.40  13939.20  16014.00  22484.80      0.00  15993.20      0.00      0.00
10:06:58 AM     40.80      4.80     10.40     10.40      5.20      0.00      0.00      0.00      0.00      0.00
10:07:03 AM     39.20      0.00      9.80      9.80      4.60      0.00      0.00      0.00      0.00      0.00
10:07:08 AM      0.00      0.00      0.00      0.00      4.00      0.00      0.00      0.00      0.00      0.00
10:07:13 AM     16.00      0.00      4.20      4.20      4.40      0.00      0.00      0.00      0.00      0.00
10:07:18 AM      0.00      0.00      0.00      0.00      3.80      0.00      0.00      0.00      0.00      0.00
10:07:23 AM  43513.60  25668.80  10889.00  10889.00   7235.80  11022.80      0.00   7155.00      0.00      0.00
10:07:28 AM    215.20     50.40     26.80     26.80    538.60    543.20      0.00    519.00      0.00      0.00
10:07:33 AM      7.20      4.80      0.20      0.20      4.00      0.00      0.00      0.00      0.00      0.00
10:07:38 AM      0.80      0.00      0.20      0.20      3.80      0.00      0.00      0.00      0.00      0.00
10:07:43 AM      1.60      0.00      0.40      0.40      4.00      0.00      0.00      0.00      0.00      0.00
10:07:48 AM      0.00      0.00      0.00      0.00      4.00      0.00      0.00      0.00      0.00      0.00
10:07:53 AM  51621.60  60268.80  12663.40  12663.20  15378.60 143874.80     52.60  15345.20      0.00      0.00
10:07:58 AM   7770.40      0.00    985.00    964.60     72.80      0.00      0.00      0.00      0.00      0.00
10:08:03 AM    408.80    104.80      1.00      0.60      3.80      0.00      0.00      0.00      0.00      0.00
10:08:08 AM      0.00      0.00      0.00      0.00      4.00      0.00      0.00      0.00      0.00      0.00
10:08:13 AM      2.40      0.00      0.60      0.60      3.80      0.00      0.00      0.00      0.00      0.00
10:08:18 AM     10.40      0.00      2.40      1.80      6.00      0.00      0.00      0.00      0.00      0.00
10:08:23 AM  35329.60  31055.20   8733.20   8733.20   8771.20   9349.40     11.20   8683.60      0.00      0.00
10:08:28 AM     74.40      4.00     17.00     17.00      6.20      0.00      0.00      0.00      0.00      0.00
10:08:33 AM     19.20    149.60      0.00      0.00      3.80      0.00      0.00      0.00      0.00      0.00
10:08:38 AM      0.80      0.00      0.20      0.20      4.00      0.00      0.00      0.00      0.00      0.00
10:08:43 AM      0.00      0.00      0.00      0.00      3.80      0.00      0.00      0.00      0.00      0.00
10:08:48 AM   2152.00  20080.80      4.80      2.40   5556.40   5068.80      0.00   5068.80      0.00      0.00
10:08:53 AM  51838.40  33247.20  12519.80  12518.80   8522.20  11927.60      0.00   8507.60      0.00      0.00
10:08:58 AM  21018.40  36432.00   5229.80   5229.80   9179.00  10532.40      0.00   9128.40      0.00      0.00
10:09:03 AM      3.20     42.40      0.80      0.80      4.80      0.00      0.00      0.00      0.00      0.00
10:09:08 AM      0.00      0.00      0.00      0.00      3.80      0.00      0.00      0.00      0.00      0.00
10:09:13 AM    155.20      0.00      0.80      0.80      4.80      0.00      0.00      0.00      0.00      0.00
10:09:18 AM      3.20      0.00      1.20      0.20      3.80      0.00      0.00      0.00      0.00      0.00
10:09:23 AM  18260.00   4705.60   4570.60   4570.60   1646.00   1977.60      0.00   1576.40      0.00      0.00
10:09:28 AM    594.01   1415.57    120.16    119.96    374.45    447.11      0.00    369.46      0.00      0.00
10:09:33 AM     12.80    143.20      0.00      0.00      5.40      0.00      0.00      0.00      0.00      0.00
10:09:38 AM      0.00      0.00      0.00      0.00      4.00      0.00      0.00      0.00      0.00      0.00
10:09:43 AM   4072.00      0.00     88.40     60.00     19.80      0.00      0.00      0.00      0.00      0.00
10:09:48 AM    506.40   4758.40     14.60     13.20   1212.80   1598.60      0.00   1207.80      0.00      0.00
10:09:53 AM  35024.00  25436.00   8085.20   8056.40   7559.00   8085.60      0.00   7483.80      0.00      0.00
10:09:58 AM  31556.00  37208.00   7170.80   7151.40   9752.00  13339.20     26.00   9695.80      0.00      0.00
10:10:03 AM    239.20      0.00      4.80      3.00      7.40      0.00      0.00      0.00      0.00      0.00
10:10:08 AM    247.20      0.00      4.80      2.80      5.20      0.00      0.00      0.00      0.00      0.00
10:10:13 AM     80.80     40.80      9.20      1.80      5.20      0.00      0.00      0.00      0.00      0.00
10:10:18 AM      0.00      0.00      0.00      0.00      3.80      0.00      0.00      0.00      0.00      0.00
10:10:23 AM  23884.00  13247.20   5895.20   5894.00   4341.40 129723.80      0.00   4338.20      0.00      0.00
10:10:28 AM  17996.80  31105.60   4195.80   4185.40   7949.00  52583.60      0.00   7891.80      0.00      0.00
10:10:33 AM      2.40      0.00      0.60      0.60      4.00      0.00      0.00      0.00      0.00      0.00
10:10:38 AM      0.00      0.00      0.00      0.00      3.80      0.00      0.00      0.00      0.00      0.00
10:10:43 AM      0.80      0.00      0.20      0.20      4.00      0.00      0.00      0.00      0.00      0.00
10:10:48 AM      0.00      0.00      0.00      0.00      3.80      0.00      0.00      0.00      0.00      0.00
10:10:53 AM  19360.80   5642.40   4840.00   4840.00   1412.80   1843.20      0.00   1410.00      0.00      0.00
10:10:58 AM  87253.60  87880.80  21859.80  21858.60  23170.60  25964.00     26.40  22726.60      0.00      0.00
10:11:03 AM      0.00      4.00      0.00      0.00      3.80      0.00      0.00      0.00      0.00      0.00
10:11:08 AM      0.00      0.00      0.00      0.00      4.00      0.00      0.00      0.00      0.00      0.00
10:11:13 AM   4575.20      0.00     46.80     27.20      2.40      0.00      0.00      0.00      0.00      0.00
10:11:18 AM     72.00      0.00      9.80      6.80     10.00      0.00      0.00      0.00      0.00      0.00
10:11:23 AM   6560.80   6059.20   1689.20   1639.80   2303.20  15287.00      0.00   2263.40      0.00      0.00
10:11:28 AM  57386.40  66748.80  14263.20  13927.60  17746.60  19952.20      0.00  17709.20      0.00      0.00
10:11:33 AM    720.80     98.40      4.80      1.80     15.00      0.00      0.00      0.00      0.00      0.00
10:11:38 AM   3839.20      0.00    342.40     41.20    139.00      0.00      0.00      0.00      0.00      0.00
10:11:43 AM      4.00      0.00      1.00      1.00      4.00      0.00      0.00      0.00      0.00      0.00
10:11:48 AM    836.80      0.00      4.20      2.20      3.80      0.00      0.00      0.00      0.00      0.00
10:11:53 AM   1622.40      0.00      6.80      4.80      2.40      0.00      0.00      0.00      0.00      0.00
10:11:58 AM  27305.60  21192.80   6694.40   6673.40   5337.40   5321.20      0.00   5310.40      0.00      0.00
10:12:03 AM      7.20    117.60      0.20      0.20      4.00      0.00      0.00      0.00      0.00      0.00
10:12:08 AM      1.60      0.00      0.60      0.40      3.80      0.00      0.00      0.00      0.00      0.00
10:12:13 AM     10.40      0.00      0.40      0.80      4.20      0.00      0.00      0.00      0.00      0.00
Average:      5742.88   5787.89   1461.70   1381.28   1577.07   4242.78    121.31   1475.59      0.00      0.00
