Linux 7.0.10-arch1-1 (archlinux) 	05/30/2026 	_x86_64_	(4 CPU)

09:12:13 AM kbmemfree   kbavail kbmemused  %memused kbbuffers  kbcached  kbcommit   %commit  kbactive   kbinact   kbdirty   kbshmem
09:12:18 AM   4001256   4014732   3891084     49.22      2556    227920   8784584     31.96   3640240     62276       728      5372
09:12:23 AM   4001256   4014796   3891020     49.22      2556    227988   8778504     31.94   3636664     62348      1092      5372
09:12:28 AM   4001032   4014572   3891244     49.22      2556    228020   8778504     31.94   3636672     62348       556      5372
09:12:33 AM   4001032   4014604   3891212     49.22      2556    228020   8778504     31.94   3636672     62380       556      5372
09:12:38 AM   4001032   4014604   3891212     49.22      2556    228020   8778504     31.94   3636672     62380       556      5372
09:12:43 AM   3999268   4014000   3891816     49.23      2556    229224   8778504     31.94   3636672     63532       484      5372
09:12:48 AM   3999268   4012536   3893280     49.25      2512    227756   8778504     31.94   3636060     62680       384      5372
09:12:53 AM   4015620   4013584   3892232     49.23      1952    213044   8778504     31.94   3632688     50704       148      5372
09:12:58 AM   4015620   4013140   3892676     49.24      1952    212600   8778504     31.94   3632360     50580       148      5372
09:13:03 AM   4015620   4012916   3892900     49.24      1952    212340   8778504     31.94   3632136     50580       148      5372
09:13:08 AM   4018916   4014316   3891500     49.22      1948    210556   8778504     31.94   3630408     50400       148      5372
09:13:13 AM   4018836   4014536   3891280     49.22      1948    210748   8778504     31.94   3630716     50400       148      5372
09:13:18 AM   4018492   4014780   3891036     49.22      1956    211632   8778504     31.94   3631060     50644        68      5372
09:13:23 AM   4018080   4016488   3889328     49.20      1956    213608   8778504     31.94   3632876     50948        96      5372
09:13:28 AM   4018080   4016620   3889196     49.19      1956    213760   8778504     31.94   3633000     50964       120      5372
09:13:33 AM   4018080   4016636   3889180     49.19      1956    213788   8778504     31.94   3633000     50980       276      5372
09:13:38 AM   4018080   4016828   3888988     49.19      1956    213788   8778504     31.94   3633164     51012       276      5372
09:13:43 AM   4018080   4016828   3888988     49.19      1956    213788   8778504     31.94   3633188     51012       276      5372
09:13:48 AM   4018080   4017076   3888740     49.19      1956    214112   8778504     31.94   3633188     51260       200      5372
09:13:53 AM   4018080   4017180   3888636     49.19      1956    214140   8778504     31.94   3633188     51364       228      5372
09:13:58 AM   4018080   4017228   3888588     49.19      1956    214192   8778760     31.94   3633188     51412       260      5372
09:14:03 AM   4018080   4017276   3888540     49.19      1956    214236   8778760     31.94   3633260     51460       148      5372
09:14:08 AM   4018080   4017276   3888540     49.19      1956    214236   8778760     31.94   3633260     51460       148      5372
09:14:13 AM   4018080   4017276   3888540     49.19      1956    214236   8778760     31.94   3633260     51460       148      5372
09:14:18 AM   4018080   4017276   3888540     49.19      1956    214320   8778760     31.94   3633260     51460       144      5372
09:14:23 AM   4018080   4017324   3888492     49.19      1956    214396   8778760     31.94   3633260     51508       220      5372
09:14:28 AM   4018080   4017436   3888380     49.18      1956    214396   8778760     31.94   3633248     51620       220      5372
09:14:33 AM   4018080   4017484   3888332     49.18      1956    214444   8778760     31.94   3633248     51668       248      5372
09:14:38 AM   4018080   4017484   3888332     49.18      1956    214444   8778760     31.94   3633248     51668       268      5372
09:14:43 AM   4018080   4017136   3888680     49.19      1956    214096   8778760     31.94   3633072     51496       268      5372
09:14:48 AM   4018080   4015976   3889840     49.20      1956    212936   8778760     31.94   3632600     50740       272      5372
09:14:53 AM   4017576   4015876   3889940     49.20      1956    213600   8778760     31.94   3632772     50972        72      5372
09:14:58 AM   4017576   4016136   3889680     49.20      1956    213600   8778760     31.94   3632936     51068        72      5372
09:15:03 AM   4017576   4015796   3890020     49.20      1948    213404   8778760     31.94   3632784     50880        72      5372
09:15:08 AM   4017576   4015772   3890044     49.20      1948    213432   8778760     31.94   3632764     50876       144      5372
09:15:13 AM   4017576   4015876   3889940     49.20      1948    213500   8778760     31.94   3632852     50892       168      5372
09:15:18 AM   4017576   4016076   3889740     49.20      1948    213548   8778760     31.94   3633048     50896       172      5372
09:15:23 AM   4017576   4016200   3889616     49.20      1956    213776   8778760     31.94   3633048     51020        28      5372
09:15:28 AM   4017576   4015928   3889888     49.20      1956    213452   8778760     31.94   3632840     50956        28      5372
09:15:33 AM   4017576   4015928   3889888     49.20      1956    213496   8778760     31.94   3632840     50956        28      5372
09:15:38 AM   4017576   4016144   3889672     49.20      1956    213680   8778760     31.94   3632988     51024       224      5372
09:15:43 AM   4017576   4016264   3889552     49.20      1956    213728   8778760     31.94   3632996     51140       292      5372
09:15:48 AM   4017576   4016320   3889496     49.20      1956    213788   8778760     31.94   3633024     51168       320      5372
09:15:53 AM   4017576   4016320   3889496     49.20      1956    213792   8778760     31.94   3633024     51168       324      5372
09:15:58 AM   4017576   4016328   3889488     49.20      1956    213792   8778760     31.94   3633064     51176       324      5372
09:16:03 AM   4017576   4016328   3889488     49.20      1956    213792   8778760     31.94   3633064     51176       324      5372
09:16:08 AM   4017324   4016460   3889356     49.20      1956    214292   8778760     31.94   3633104     51560        32      5372
09:16:13 AM   4017072   4016328   3889488     49.20      1956    214392   8786956     31.97   3633108     51680        32      5372
09:16:18 AM   4017072   4016536   3889280     49.20      1956    214504   8786956     31.97   3633116     51884       112      5372
09:16:23 AM   4017072   4016536   3889280     49.20      1956    214552   8786956     31.97   3633116     51884       180      5372
09:16:28 AM   4015560   4017816   3888000     49.18      1956    217296   8786020     31.97   3635524     52076       180      5372
09:16:33 AM   4015560   4017320   3888496     49.19      1956    216900   8786020     31.97   3635284     51812       180      5372
09:16:38 AM   4012156   4014216   3891600     49.22      1956    217128   8798260     32.01   3637972     51976       284      5372
09:16:43 AM   4012156   4013504   3892312     49.23      1956    216472   8786020     31.97   3634268     51728       104      5372
09:16:48 AM   4012156   4013628   3892188     49.23      1956    216512   8786020     31.97   3634308     51812       104      5372
09:16:53 AM   4012156   4013172   3892644     49.24      1956    216156   8786020     31.97   3634044     51408       180      5352
09:16:58 AM   4011932   4012940   3892876     49.24      1956    216072   8786020     31.97   3634040     51316       200      5352
09:17:03 AM   4011932   4012940   3892876     49.24      1956    216072   8786020     31.97   3634048     51316       200      5352
09:17:08 AM   4011932   4012984   3892832     49.24      1956    216072   8786020     31.97   3634096     51316        20      5352
09:17:13 AM   4011932   4013480   3892336     49.23      1956    216672   8786020     31.97   3634096     51812        20      5352
09:17:18 AM   4011932   4013628   3892188     49.23      1956    216716   8786020     31.97   3634120     52016        20      5352
09:17:23 AM   4011932   4013676   3892140     49.23      1956    216768   8786020     31.97   3634120     52064        68      5352
09:17:28 AM   4011932   4013744   3892072     49.23      1956    216832   8786020     31.97   3634120     52132       116      5352
09:17:33 AM   4011932   4013744   3892072     49.23      1956    216832   8786020     31.97   3634120     52132       132      5352
09:17:38 AM   4011932   4013744   3892072     49.23      1956    216832   8786020     31.97   3634120     52132       132      5352
09:17:43 AM   4011932   4013744   3892072     49.23      1956    216832   8786020     31.97   3634120     52132        20      5352
09:17:48 AM   4011932   4013424   3892392     49.23      1956    216512   8786020     31.97   3634020     51912        20      5352
09:17:53 AM   4011932   4013016   3892800     49.24      1956    216300   8786020     31.97   3633836     51596        16      5352
09:17:58 AM   4009800   4011664   3894152     49.26      1956    216892   8798260     32.01   3637240     51892       284      5372
09:18:03 AM   4006904   4008772   3897044     49.29      1956    216988   8798260     32.01   3637236     51892       476      5372
09:18:08 AM   4008128   4010080   3895736     49.28      1956    216988   8786020     31.97   3634736     51988       492      5372
09:18:13 AM   4008128   4010080   3895736     49.28      1956    216988   8786020     31.97   3634764     51988       492      5372
09:18:18 AM   4008380   4010144   3895672     49.28      1956    216820   8786020     31.97   3634752     51800       496      5372
09:18:23 AM   4008380   4010708   3895108     49.27      1956    217440   8786020     31.97   3634772     52344       348      5372
09:18:28 AM   4008380   4010844   3894972     49.27      1956    217500   8786020     31.97   3634768     52484        72      5372
09:18:33 AM   4008380   4010844   3894972     49.27      1956    217500   8786020     31.97   3634768     52484        72      5372
09:18:38 AM   4008380   4010844   3894972     49.27      1956    217596   8786020     31.97   3634768     52484       148      5372
09:18:43 AM   4008028   4010624   3895192     49.27      1956    217620   8798260     32.01   3637256     52592       368      5372
09:18:48 AM   4007660   4010256   3895560     49.27      1956    217620   8798260     32.01   3637388     52592       476      5372
09:18:53 AM   4007660   4010244   3895572     49.27      1956    217728   8786020     31.97   3634788     52592       356      5372
09:18:58 AM   4007660   4010244   3895572     49.27      1956    217728   8786020     31.97   3634788     52592       360      5372
09:19:03 AM   4007660   4010672   3895144     49.27      1956    218048   8786020     31.97   3634788     53020       328      5372
09:19:08 AM   4007660   4010672   3895144     49.27      1956    218048   8786020     31.97   3634788     53020       328      5372
09:19:13 AM   4007660   4010720   3895096     49.27      1956    218192   8786020     31.97   3634788     53068       148      5372
09:19:18 AM   4007660   4010720   3895096     49.27      1956    218192   8786020     31.97   3634788     53068       164      5372
09:19:23 AM   4007660   4010816   3895000     49.27      1956    218256   8786020     31.97   3634788     53164        16      5372
09:19:28 AM   4007660   4010816   3895000     49.27      1956    218256   8786020     31.97   3634788     53164        20      5372
09:19:33 AM   4007436   4011000   3894816     49.27      1956    218600   8786020     31.97   3634788     53572        20      5372
09:19:38 AM   4007436   4011028   3894788     49.26      1956    218648   8786020     31.97   3634788     53600        28      5372
09:19:43 AM   4007436   4011048   3894768     49.26      1956    218648   8786020     31.97   3634788     53620        28      5372
09:19:48 AM   4007436   4011048   3894768     49.26      1956    218744   8786020     31.97   3634788     53620       100      5372
09:19:53 AM   4007436   4011144   3894672     49.26      1956    218816   8786020     31.97   3634788     53716       284      5372
09:19:58 AM   4007436   4011264   3894552     49.26      1956    218884   8786020     31.97   3634796     53836       316      5372
09:20:03 AM   4007436   4011280   3894536     49.26      1956    218884   8786020     31.97   3634804     53852       320      5372
09:20:08 AM   4007436   4011280   3894536     49.26      1956    218928   8786020     31.97   3634804     53852       188      5372
09:20:13 AM   4007436   4011328   3894488     49.26      1956    218960   8786020     31.97   3634804     53900       220      5372
09:20:18 AM   4007436   4011576   3894240     49.26      1956    219264   8786020     31.97   3634804     54148       140      5372
09:20:23 AM   4007436   4011832   3893984     49.25      1956    219432   8786020     31.97   3634808     54404       228      5372
09:20:28 AM   4007436   4011832   3893984     49.25      1956    219436   8786020     31.97   3634808     54404       372      5372
09:20:33 AM   4007436   4011832   3893984     49.25      1956    219432   8786020     31.97   3634824     54404       372      5372
09:20:38 AM   4007436   4011832   3893984     49.25      1956    219432   8786020     31.97   3634824     54404       152      5372
09:20:43 AM   4007436   4011832   3893984     49.25      1956    219432   8786020     31.97   3634824     54404       152      5372
09:20:48 AM   4007436   4011832   3893984     49.25      1956    219432   8786020     31.97   3634824     54404       152      5372
09:20:53 AM   4007436   4012392   3893424     49.25      1956    219992   8786020     31.97   3634824     54964       152      5372
09:20:58 AM   4007436   4012392   3893424     49.25      1956    220088   8786020     31.97   3634824     54964       232      5372
09:21:03 AM   4007436   4012488   3893328     49.25      1956    220088   8786020     31.97   3634824     55060       116      5372
09:21:08 AM   4007436   4010924   3894892     49.27      1956    218608   8786020     31.97   3634224     53936       112      5360
09:21:13 AM   4007436   4011020   3894796     49.26      1956    218608   8786020     31.97   3634320     53936       116      5360
09:21:18 AM   4007436   4011020   3894796     49.26      1956    218608   8786020     31.97   3634320     53936       116      5360
09:21:23 AM   4007436   4011024   3894792     49.26      1956    218612   8786020     31.97   3634312     53948        24      5360
09:21:28 AM   4008552   4010560   3895256     49.27      1956    217064   8786020     31.97   3634620     52152        24      5360
09:21:33 AM   4008552   4010180   3895636     49.28      1956    216644   8786020     31.97   3634128     51880       100      5360
09:21:38 AM   4008552   4010252   3895564     49.27      1956    216768   8786020     31.97   3634196     51888       116      5360
09:21:43 AM   4008552   4010260   3895556     49.27      1956    216768   8786020     31.97   3634196     51896       112      5360
09:21:48 AM   4008552   4010304   3895512     49.27      1956    216768   8786020     31.97   3634196     51940       116      5360
09:21:53 AM   4008552   4010304   3895512     49.27      1956    216768   8786020     31.97   3634200     51940       116      5360
09:21:58 AM   4008552   4010304   3895512     49.27      1956    216768   8786020     31.97   3634252     51940        20      5360
09:22:03 AM   4009576   4011672   3894144     49.26      1956    217216   8786020     31.97   3634280     52284        20      5360
09:22:08 AM   4009576   4011572   3894244     49.26      1956    217196   8786020     31.97   3634064     52376       100      5360
09:22:13 AM   4009576   4011572   3894244     49.26      1956    217232   8786020     31.97   3634064     52376       120      5360
09:22:18 AM   4009324   4011536   3894280     49.26      1956    217232   8786020     31.97   3634148     52508       116      5360
09:22:23 AM   4009324   4011536   3894280     49.26      1956    217232   8786020     31.97   3634148     52508       120      5360
09:22:28 AM   4009324   4011536   3894280     49.26      1956    217232   8786020     31.97   3634156     52508       120      5360
09:22:33 AM   4009324   4011536   3894280     49.26      1956    217236   8786020     31.97   3634156     52508        28      5360
09:22:38 AM   4009324   4011712   3894104     49.26      1956    217472   8786020     31.97   3634156     52684         0      5360
09:22:43 AM   4009324   4011152   3894664     49.26      1956    217044   8786020     31.97   3633948     52252       100      5360
09:22:48 AM   4009324   4011348   3894468     49.26      1956    217044   8786020     31.97   3634032     52364       116      5360
09:22:53 AM   4009324   4011348   3894468     49.26      1956    217044   8786020     31.97   3634048     52364       112      5360
09:22:58 AM   4009324   4011348   3894468     49.26      1956    217044   8786020     31.97   3634064     52364       116      5360
09:23:03 AM   4009324   4010996   3894820     49.27      1956    216740   8786020     31.97   3634096     51976       116      5360
09:23:08 AM   4009324   4011044   3894772     49.26      1956    216740   8786020     31.97   3634144     51976       116      5360
09:23:13 AM   4009324   4011044   3894772     49.26      1956    216740   8786020     31.97   3634144     51976        20      5360
09:23:18 AM   4009324   4011580   3894236     49.26      1956    217276   8786020     31.97   3634136     52520         4      5360
09:23:23 AM   4009324   4011168   3894648     49.26      1956    216976   8786020     31.97   3633940     52272        20      5360
09:23:28 AM   4008820   4010856   3894960     49.27      1956    217056   8786020     31.97   3634052     52352        96      5360
09:23:33 AM   4008820   4010468   3895348     49.27      1956    216716   8786020     31.97   3634132     51872       148      5360
09:23:38 AM   4008820   4010552   3895264     49.27      1956    216752   8786020     31.97   3634200     51908       152      5360
09:23:43 AM   4008820   4010512   3895304     49.27      1956    216720   8786020     31.97   3634148     51876       152      5360
09:23:48 AM   4008820   4010564   3895252     49.27      1956    216764   8786020     31.97   3634148     51928        24      5360
09:23:53 AM   4008820   4010564   3895252     49.27      1956    216860   8786020     31.97   3634148     51928        88      5360
09:23:58 AM   4008820   4011044   3894772     49.26      1956    217244   8786020     31.97   3632208     52392        24      5360
09:24:03 AM   4008820   4011044   3894772     49.26      1956    217324   8786020     31.97   3632208     52392       100      5360
09:24:08 AM   4008820   4011108   3894708     49.26      1956    217308   8786020     31.97   3632192     52472       100      5360
09:24:13 AM   4008820   4011108   3894708     49.26      1956    217308   8786020     31.97   3632192     52472       104      5360
09:24:18 AM   4008820   4011108   3894708     49.26      1956    217308   8786020     31.97   3632192     52472       104      5360
09:24:23 AM   4008820   4011108   3894708     49.26      1956    217312   8786020     31.97   3632192     52472        28      5360
09:24:28 AM   4008820   4011192   3894624     49.26      1956    217392   8786020     31.97   3632192     52556        88      5360
09:24:33 AM   4008820   4011316   3894500     49.26      1956    217536   8786020     31.97   3632192     52680        24      5360
09:24:38 AM   4008568   4011164   3894652     49.26      1956    217616   8786020     31.97   3632192     52780        96      5360
09:24:43 AM   4008568   4011164   3894652     49.26      1956    217616   8786020     31.97   3632192     52780       100      5360
09:24:48 AM   4008568   4011164   3894652     49.26      1956    217616   8786020     31.97   3632192     52780       100      5360
09:24:53 AM   4008568   4011232   3894584     49.26      1956    217784   8786020     31.97   3632208     52848       268      5360
09:24:58 AM   4008568   4011412   3894404     49.26      1956    217864   8786020     31.97   3632228     53028       188      5360
09:25:03 AM   4008568   4011440   3894376     49.26      1956    217976   8786020     31.97   3632228     53056       284      5360
09:25:08 AM   4008568   4011648   3894168     49.26      1956    218152   8786020     31.97   3632228     53264       140      5360
09:25:13 AM   4008568   4011824   3893992     49.25      1956    218312   8786020     31.97   3632228     53440       300      5360
09:25:18 AM   4008568   4011824   3893992     49.25      1956    218316   8786020     31.97   3632228     53440       308      5360
09:25:23 AM   4008568   4011868   3893948     49.25      1956    218320   8786020     31.97   3632228     53484       188      5360
09:25:28 AM   4008568   4011868   3893948     49.25      1956    218320   8786020     31.97   3632228     53484        28      5360
09:25:33 AM   4008568   4011868   3893948     49.25      1956    218320   8786020     31.97   3632228     53484        28      5360
09:25:38 AM   4008316   4011616   3894200     49.26      1956    218432   8786020     31.97   3632228     53484       104      5360
09:25:43 AM   4008316   4011976   3893840     49.25      1956    218688   8786020     31.97   3632228     53844        24      5360
09:25:48 AM   4008316   4011976   3893840     49.25      1956    218768   8786020     31.97   3632228     53844        96      5360
09:25:53 AM   4008316   4012064   3893752     49.25      1956    218768   8786020     31.97   3632228     53932       100      5360
09:25:58 AM   4008316   4012064   3893752     49.25      1956    218768   8786020     31.97   3632228     53932       100      5360
09:26:03 AM   4008316   4012064   3893752     49.25      1956    218768   8786020     31.97   3632228     53932       100      5360
09:26:08 AM   4008316   4012064   3893752     49.25      1956    218768   8786020     31.97   3632228     53932        20      5360
09:26:13 AM   4008316   4012064   3893752     49.25      1956    218864   8786020     31.97   3632228     53932       100      5360
09:26:18 AM   4008316   4012236   3893580     49.25      1956    219036   8786020     31.97   3632228     54104       116      5360
09:26:23 AM   4008316   4012416   3893400     49.25      1956    219200   8786020     31.97   3632228     54284        96      5360
09:26:28 AM   4008648   4013444   3892372     49.23      1956    219900   8786440     31.97   3632936     54728       340      5360
09:26:33 AM   4008648   4013540   3892276     49.23      1956    219900   8786440     31.97   3633032     54824       340      5360
09:26:38 AM   4008648   4013540   3892276     49.23      1956    219900   8786440     31.97   3633032     54824       340      5360
09:26:43 AM   4008648   4013540   3892276     49.23      1956    219900   8786440     31.97   3633032     54824       340      5360
09:26:48 AM   4008648   4013540   3892276     49.23      1956    219900   8786440     31.97   3633032     54824       212      5360
09:26:53 AM   4008648   4013636   3892180     49.23      1956    219996   8786440     31.97   3633032     54920       292      5360
09:26:58 AM   4008648   4013876   3891940     49.23      1956    220236   8786440     31.97   3633032     55160        16      5360
09:27:03 AM   4008648   4013884   3891932     49.23      1956    220244   8786440     31.97   3633032     55168        28      5360
09:27:08 AM   4008648   4013884   3891932     49.23      1956    220244   8786440     31.97   3633032     55168        28      5360
09:27:13 AM   4008648   4013884   3891932     49.23      1956    220244   8786440     31.97   3633032     55168        28      5360
09:27:18 AM   4008648   4013884   3891932     49.23      1956    220244   8786440     31.97   3633032     55168        28      5360
09:27:23 AM   4008648   4013884   3891932     49.23      1956    220244   8786440     31.97   3633032     55168        28      5360
09:27:28 AM   4008648   4014136   3891680     49.23      1956    220616   8786440     31.97   3633032     55420         4      5360
09:27:33 AM   4008396   4014084   3891732     49.23      1956    220696   8786440     31.97   3633032     55620        96      5360
09:27:38 AM   4008396   4014084   3891732     49.23      1956    220696   8786440     31.97   3633032     55620       100      5360
09:27:43 AM   4008396   4014088   3891728     49.23      1956    220700   8786440     31.97   3633032     55624       104      5360
09:27:48 AM   4008396   4014088   3891728     49.23      1956    220700   8786440     31.97   3633032     55624       104      5360
09:27:53 AM   4008396   4014088   3891728     49.23      1956    220700   8786440     31.97   3633036     55624       104      5360
09:27:58 AM   4008396   4014088   3891728     49.23      1956    220700   8786440     31.97   3633036     55624        24      5360
09:28:03 AM   4008396   4014408   3891408     49.22      1956    221020   8786440     31.97   3633036     55944         4      5360
09:28:08 AM   4008396   4014408   3891408     49.22      1956    221100   8786440     31.97   3633036     55944        96      5360
09:28:13 AM   4008396   4014488   3891328     49.22      1956    221100   8786440     31.97   3633036     56024       100      5360
09:28:18 AM   4008396   4014488   3891328     49.22      1956    221100   8786440     31.97   3633036     56024       100      5360
09:28:23 AM   4008396   4014488   3891328     49.22      1956    221100   8786440     31.97   3633036     56024       100      5360
09:28:28 AM   4008396   4014488   3891328     49.22      1956    221100   8786440     31.97   3633036     56024       100      5360
09:28:33 AM   4008396   4014488   3891328     49.22      1956    221100   8786440     31.97   3633036     56024        20      5360
09:28:38 AM   4008396   4014736   3891080     49.22      1956    221436   8786440     31.97   3633036     56272         4      5360
09:28:43 AM   4008396   4014880   3890936     49.22      1956    221516   8786440     31.97   3633036     56416        96      5360
09:28:48 AM   4008396   4014904   3890912     49.22      1956    221516   8786440     31.97   3633036     56440       100      5360
09:28:53 AM   4008396   4014904   3890912     49.22      1956    221516   8786440     31.97   3633036     56440       100      5360
09:28:58 AM   4008396   4014904   3890912     49.22      1956    221516   8786440     31.97   3633036     56440       100      5360
09:29:03 AM   4008396   4014904   3890912     49.22      1956    221516   8786440     31.97   3633036     56440       100      5360
09:29:08 AM   4008396   4014904   3890912     49.22      1956    221516   8786440     31.97   3633036     56440        20      5360
09:29:13 AM   4008144   4014776   3891040     49.22      1956    221804   8786440     31.97   3633036     56564         4      5360
09:29:18 AM   4008144   4014940   3890876     49.22      1956    221884   8786440     31.97   3633036     56728        96      5360
09:29:23 AM   4008144   4014940   3890876     49.22      1956    221884   8786440     31.97   3633036     56728       100      5360
09:29:28 AM   4008144   4015020   3890796     49.21      1956    221884   8786440     31.97   3633036     56808       100      5360
09:29:33 AM   4008144   4015020   3890796     49.21      1956    221884   8786440     31.97   3633036     56808       100      5360
09:29:38 AM   4008144   4015020   3890796     49.21      1956    221884   8786440     31.97   3633036     56808       100      5360
09:29:43 AM   4008144   4015020   3890796     49.21      1956    221884   8786440     31.97   3633036     56808        20      5360
09:29:48 AM   4008144   4015268   3890548     49.21      1956    222220   8786440     31.97   3633040     57056        84      5360
09:29:53 AM   4008144   4015320   3890496     49.21      1956    222416   8786440     31.97   3633044     57108       264      5360
09:29:58 AM   4008144   4015580   3890236     49.21      1956    222448   8786440     31.97   3633044     57368       300      5360
09:30:03 AM   4008144   4015580   3890236     49.21      1956    222448   8786440     31.97   3633044     57368       300      5360
09:30:08 AM   4008144   4015580   3890236     49.21      1956    222444   8786440     31.97   3633044     57368       296      5360
09:30:13 AM   4008144   4015580   3890236     49.21      1956    222444   8786440     31.97   3633044     57368       296      5360
09:30:18 AM   4008144   4015584   3890232     49.21      1956    222448   8786440     31.97   3633044     57372       300      5360
09:30:23 AM   4008144   4015864   3889952     49.20      1956    222928   8786440     31.97   3633044     57652         4      5360
09:30:28 AM   4007892   4015896   3889920     49.20      1956    223012   8786440     31.97   3633044     57936       100      5360
09:30:33 AM   4007892   4015896   3889920     49.20      1956    223012   8786440     31.97   3633044     57936       104      5360
09:30:38 AM   4007892   4015896   3889920     49.20      1956    223012   8786440     31.97   3635088     57936       104      5360
09:30:43 AM   4007892   4015896   3889920     49.20      1956    223020   8786440     31.97   3635088     57936       112      5360
09:30:48 AM   4007892   4015904   3889912     49.20      1956    223020   8786440     31.97   3635088     57944       112      5360
09:30:53 AM   4007892   4015904   3889912     49.20      1956    223020   8786440     31.97   3635088     57944       112      5360
09:30:58 AM   4007892   4016240   3889576     49.20      1956    223356   8786440     31.97   3635088     58280         4      5360
09:31:03 AM   4007892   4016240   3889576     49.20      1956    223436   8786440     31.97   3635088     58280        96      5360
09:31:08 AM   4007892   4016320   3889496     49.20      1956    223436   8786440     31.97   3635088     58360       100      5360
09:31:13 AM   4007892   4016320   3889496     49.20      1956    223436   8786440     31.97   3635088     58360       100      5360
09:31:18 AM   4007892   4016320   3889496     49.20      1956    223436   8786440     31.97   3635088     58360       100      5360
09:31:23 AM   4007892   4016320   3889496     49.20      1956    223436   8786440     31.97   3635088     58360       100      5360
09:31:28 AM   4007388   4015812   3890004     49.20      1956    223436   8786020     31.97   3634884     58360        20      5360
09:31:33 AM   4007148   4015768   3890048     49.20      1956    223724   8786020     31.97   3634980     58544         4      5360
09:31:38 AM   4007148   4015952   3889864     49.20      1956    223804   8786020     31.97   3635008     58728        96      5360
09:31:43 AM   4007148   4015952   3889864     49.20      1956    223804   8786020     31.97   3635008     58728       100      5360
09:31:48 AM   4007148   4015952   3889864     49.20      1956    223804   8786020     31.97   3635008     58728       100      5360
09:31:53 AM   4007148   4015952   3889864     49.20      1956    223808   8786020     31.97   3635008     58728       104      5360
09:31:58 AM   4007148   4015956   3889860     49.20      1956    223808   8786020     31.97   3635008     58732       104      5360
09:32:03 AM   4007148   4015956   3889860     49.20      1956    223808   8786020     31.97   3635008     58732        24      5360
09:32:08 AM   4007148   4016324   3889492     49.20      1956    224176   8786020     31.97   3635008     59100       104      5360
09:32:13 AM   4007148   4016324   3889492     49.20      1956    224176   8786020     31.97   3635008     59100       112      5360
09:32:18 AM   4007148   4016324   3889492     49.20      1956    224176   8786020     31.97   3635008     59100       116      5360
09:32:23 AM   4007148   4016324   3889492     49.20      1956    224176   8786020     31.97   3635008     59100       116      5360
09:32:28 AM   4007148   4016324   3889492     49.20      1956    224176   8786020     31.97   3635008     59100       116      5360
09:32:33 AM   4007148   4016324   3889492     49.20      1956    224176   8786020     31.97   3635008     59100       116      5360
09:32:38 AM   4007148   4016448   3889368     49.20      1956    224368   8786020     31.97   3635008     59224        20      5360
09:32:43 AM   4007148   4016516   3889300     49.20      1956    224464   8786020     31.97   3635008     59292       100      5360
09:32:48 AM   4007148   4016532   3889284     49.20      1956    224464   8786020     31.97   3635008     59308       112      5360
09:32:53 AM   4007148   4016616   3889200     49.19      1956    224468   8786020     31.97   3635008     59392       120      5360
09:32:58 AM   4010220   4019688   3886128     49.16      1956    224468   8786020     31.97   3635008     59392       120      5360
09:33:03 AM   4010220   4019688   3886128     49.16      1956    224468   8786020     31.97   3635008     59392       120      5360
09:33:08 AM   4010220   4019688   3886128     49.16      1956    224468   8786020     31.97   3635008     59392       120      5360
09:33:13 AM   4010220   4019936   3885880     49.15      1956    224788   8786020     31.97   3635008     59640        24      5360
09:33:18 AM   4009968   4019756   3886060     49.15      1956    224900   8786020     31.97   3635008     59712       116      5360
09:33:23 AM   4009968   4019868   3885948     49.15      1956    224900   8786020     31.97   3635008     59824       128      5360
09:33:28 AM   4009968   4019868   3885948     49.15      1956    224900   8786020     31.97   3635008     59824       132      5360
09:33:33 AM   4009968   4019872   3885944     49.15      1956    224904   8786020     31.97   3635008     59828       136      5360
09:33:38 AM   4009968   4019872   3885944     49.15      1956    224904   8786020     31.97   3635008     59828       136      5360
09:33:43 AM   4009968   4019872   3885944     49.15      1956    224904   8786020     31.97   3635008     59828       136      5360
09:33:48 AM   4009968   4019872   3885944     49.15      1956    224904   8786020     31.97   3635008     59828        24      5360
09:33:53 AM   4009716   4020012   3885804     49.15      1956    225288   8786020     31.97   3635008     60212        24      5360
09:33:58 AM   4009464   4019760   3886056     49.15      1956    225384   8786020     31.97   3635008     60212        96      5360
09:34:03 AM   4009464   4019856   3885960     49.15      1956    225384   8786020     31.97   3635008     60308       116      5360
09:34:08 AM   4009464   4019856   3885960     49.15      1956    225384   8786020     31.97   3635008     60308       116      5360
09:34:13 AM   4009464   4019856   3885960     49.15      1956    225384   8786020     31.97   3635008     60308       116      5360
09:34:18 AM   4009464   4019856   3885960     49.15      1956    225384   8786020     31.97   3635008     60308       116      5360
09:34:23 AM   4009464   4019856   3885960     49.15      1956    225384   8786020     31.97   3635008     60308        20      5360
09:34:28 AM   4009212   4019852   3885964     49.15      1956    225728   8786020     31.97   3635008     60556        28      5360
09:34:33 AM   4009212   4020044   3885772     49.15      1956    225824   8786020     31.97   3635008     60748        96      5360
09:34:38 AM   4009212   4020044   3885772     49.15      1956    225824   8786020     31.97   3635008     60748       116      5360
09:34:43 AM   4009212   4020044   3885772     49.15      1956    225824   8786020     31.97   3635008     60748       116      5360
09:34:48 AM   4009212   4020044   3885772     49.15      1956    225824   8786020     31.97   3635008     60748       116      5360
09:34:53 AM   4009212   4020160   3885656     49.15      1956    225940   8786020     31.97   3635008     60864       168      5360
09:34:58 AM   4009212   4020188   3885628     49.15      1956    226052   8786020     31.97   3635008     60892       192      5360
09:35:03 AM   4008456   4019832   3885984     49.15      1956    226420   8786020     31.97   3635008     61292       192      5360
09:35:08 AM   4008456   4019896   3885920     49.15      1956    226544   8786020     31.97   3635008     61356       296      5360
09:35:13 AM   4008456   4020008   3885808     49.15      1956    226544   8786020     31.97   3635008     61468       316      5360
09:35:18 AM   4008456   4020008   3885808     49.15      1956    226544   8786020     31.97   3635008     61468       316      5360
09:35:23 AM   4008456   4020008   3885808     49.15      1956    226544   8786020     31.97   3635008     61468       196      5360
09:35:28 AM   4008456   4020008   3885808     49.15      1956    226548   8786020     31.97   3635008     61468        24      5360
09:35:33 AM   4008456   4020012   3885804     49.15      1956    226548   8786020     31.97   3635008     61472        24      5360
09:35:38 AM   4007700   4019628   3886188     49.16      1956    226932   8786020     31.97   3635008     61844        24      5360
09:35:43 AM   4007700   4019752   3886064     49.15      1956    227044   8786020     31.97   3635008     61968       112      5360
09:35:48 AM   4007700   4019752   3886064     49.15      1956    227044   8786020     31.97   3635008     61968       132      5360
09:35:53 AM   4007700   4019752   3886064     49.15      1956    227044   8786020     31.97   3635008     61968       132      5360
09:35:58 AM   4007700   4019752   3886064     49.15      1956    227044   8786020     31.97   3635008     61968       132      5360
09:36:03 AM   4007700   4019752   3886064     49.15      1956    227044   8786020     31.97   3635008     61968       132      5360
09:36:08 AM   4007700   4019752   3886064     49.15      1956    227044   8786020     31.97   3635008     61968        20      5360
09:36:13 AM   4007448   4019748   3886068     49.15      1956    227332   8786020     31.97   3635008     62216        20      5360
09:36:18 AM   4007448   4019788   3886028     49.15      1956    227428   8786020     31.97   3635008     62256        96      5360
09:36:23 AM   4007448   4019788   3886028     49.15      1956    227428   8786020     31.97   3635008     62256       116      5360
09:36:28 AM   4007448   4019884   3885932     49.15      1956    227428   8786020     31.97   3635008     62352       116      5360
09:36:33 AM   4007880   4020312   3885504     49.15      1956    227428   8786020     31.97   3634884     62352       116      5360
09:36:38 AM   4007880   4020320   3885496     49.15      1956    227432   8786020     31.97   3635004     62356       120      5360
09:36:43 AM   4007880   4020320   3885496     49.15      1956    227432   8786020     31.97   3635004     62356        24      5360
09:36:48 AM   4007628   4020316   3885500     49.15      1956    227752   8786020     31.97   3635004     62604        24      5360
09:36:53 AM   4007628   4020388   3885428     49.15      1956    227848   8786020     31.97   3635004     62676        96      5360
09:36:58 AM   4007628   4020484   3885332     49.15      1956    227848   8786020     31.97   3635004     62772       116      5360
09:37:03 AM   4007628   4020484   3885332     49.15      1956    227848   8786020     31.97   3635004     62772       116      5360
09:37:08 AM   4007628   4020484   3885332     49.15      1956    227848   8786020     31.97   3635004     62772       116      5360
09:37:13 AM   4007628   4020484   3885332     49.15      1956    227848   8786020     31.97   3635004     62772       116      5360
09:37:18 AM   4007628   4020484   3885332     49.15      1956    227848   8786020     31.97   3635004     62772        20      5360
09:37:23 AM   4007628   4020732   3885084     49.14      1956    228120   8786020     31.97   3635004     63020        20      5360
09:37:28 AM   4007628   4020852   3884964     49.14      1956    228216   8786020     31.97   3635004     63140        96      5360
09:37:33 AM   4007628   4020852   3884964     49.14      1956    228216   8786020     31.97   3635004     63140       116      5360
09:37:38 AM   4007628   4020852   3884964     49.14      1956    228216   8786020     31.97   3635004     63140       116      5360
09:37:43 AM   4007628   4020852   3884964     49.14      1956    228216   8786020     31.97   3635004     63140       116      5360
09:37:48 AM   4007628   4020852   3884964     49.14      1956    228216   8786020     31.97   3635004     63140       116      5360
09:37:53 AM   4007628   4020852   3884964     49.14      1956    228216   8786020     31.97   3635004     63140        20      5360
09:37:58 AM   4007628   4021172   3884644     49.14      1956    228536   8786020     31.97   3635004     63460        20      5360
09:38:03 AM   4007376   4020924   3884892     49.14      1956    228652   8786020     31.97   3635004     63464       112      5360
09:38:08 AM   4007376   4021044   3884772     49.14      1956    228660   8786020     31.97   3635004     63584       140      5360
09:38:13 AM   4007376   4021044   3884772     49.14      1956    228660   8786020     31.97   3635004     63584       140      5360
09:38:18 AM   4007376   4021044   3884772     49.14      1956    228660   8786020     31.97   3635004     63584       140      5360
09:38:23 AM   4007376   4021044   3884772     49.14      1956    228664   8786020     31.97   3635004     63584       144      5360
09:38:28 AM   4007376   4021048   3884768     49.14      1956    228664   8786020     31.97   3635004     63588        32      5360
09:38:33 AM   4007376   4021296   3884520     49.13      1956    228952   8786020     31.97   3635004     63836        32      5360
09:38:38 AM   4007376   4021432   3884384     49.13      1956    229048   8786020     31.97   3635004     63972        96      5360
09:38:43 AM   4007376   4021432   3884384     49.13      1956    229048   8786020     31.97   3635004     63972       116      5360
09:38:48 AM   4007376   4021432   3884384     49.13      1956    229048   8786020     31.97   3635004     63972       116      5360
09:38:53 AM   4007376   4021432   3884384     49.13      1956    229048   8786020     31.97   3635004     63972       116      5360
09:38:58 AM   4007376   4021432   3884384     49.13      1956    229048   8786020     31.97   3635004     63972       116      5360
09:39:03 AM   4007376   4021432   3884384     49.13      1956    229048   8786020     31.97   3635004     63972        20      5360
09:39:08 AM   4007376   4021752   3884064     49.13      1956    229368   8786020     31.97   3635004     64292        20      5360
09:39:13 AM   4007376   4021752   3884064     49.13      1956    229464   8786020     31.97   3635004     64292        96      5360
09:39:18 AM   4007376   4021752   3884064     49.13      1956    229464   8786020     31.97   3635004     64292       116      5360
09:39:23 AM   4007376   4021848   3883968     49.13      1956    229464   8786020     31.97   3635004     64388       116      5360
09:39:28 AM   4007376   4021848   3883968     49.13      1956    229464   8786020     31.97   3635004     64388       116      5360
09:39:33 AM   4007376   4021848   3883968     49.13      1956    229464   8786020     31.97   3635004     64388       116      5360
09:39:38 AM   4007376   4021848   3883968     49.13      1956    229468   8786020     31.97   3635004     64388        24      5360
09:39:43 AM   4007124   4021848   3883968     49.13      1956    229740   8786020     31.97   3635004     64640        24      5360
09:39:48 AM   4007124   4021872   3883944     49.13      1956    229836   8786020     31.97   3635004     64664        96      5360
09:39:53 AM   4006872   4021716   3884100     49.13      1956    229916   8786020     31.97   3635004     64760       312      5360
09:39:58 AM   4006872   4021716   3884100     49.13      1956    229916   8786020     31.97   3635004     64760       312      5360
09:40:03 AM   4006872   4021828   3883988     49.13      1956    229948   8786020     31.97   3635008     64872       288      5360
09:40:08 AM   4006872   4021828   3883988     49.13      1956    229948   8786020     31.97   3635008     64872       308      5360
09:40:13 AM   4006872   4021828   3883988     49.13      1956    229996   8786020     31.97   3635008     64872       180      5360
09:40:18 AM   4006620   4021820   3883996     49.13      1956    230332   8786020     31.97   3635008     65116       132      5360
09:40:23 AM   4006620   4022040   3883776     49.13      1956    230428   8786020     31.97   3635008     65336        96      5360
09:40:28 AM   4006620   4022040   3883776     49.13      1956    230428   8786020     31.97   3635008     65336       116      5360
09:40:33 AM   4006620   4022056   3883760     49.13      1956    230428   8786020     31.97   3635008     65352       116      5360
09:40:38 AM   4006620   4022056   3883760     49.13      1956    230432   8786020     31.97   3635008     65352       120      5360
09:40:43 AM   4006620   4022060   3883756     49.13      1956    230432   8786020     31.97   3635008     65356       120      5360
09:40:48 AM   4006620   4022060   3883756     49.13      1956    230432   8786020     31.97   3635008     65356        24      5360
09:40:53 AM   4006368   4022056   3883760     49.13      1956    230752   8786020     31.97   3635008     65604        24      5360
09:40:58 AM   4006116   4021804   3884012     49.13      1956    230864   8786020     31.97   3635008     65604       112      5360
09:41:03 AM   4006116   4021988   3883828     49.13      1956    230864   8786020     31.97   3635008     65788       132      5360
09:41:08 AM   4006116   4021988   3883828     49.13      1956    230864   8786020     31.97   3635008     65788       132      5360
09:41:13 AM   4006116   4021988   3883828     49.13      1956    230864   8786020     31.97   3635008     65788       132      5360
09:41:18 AM   4006116   4021988   3883828     49.13      1956    230864   8786020     31.97   3635008     65788       132      5360
09:41:23 AM   4006116   4021988   3883828     49.13      1956    230864   8786020     31.97   3635008     65788       132      5360
09:41:28 AM   4005864   4021984   3883832     49.13      1956    231200   8786020     31.97   3635008     66036        20      5360
09:41:33 AM   4005612   4021916   3883900     49.13      1956    231296   8786020     31.97   3635000     66220        96      5360
09:41:38 AM   4005612   4021916   3883900     49.13      1956    231296   8786020     31.97   3635000     66220       116      5360
09:41:43 AM   4005612   4021916   3883900     49.13      1956    231296   8786020     31.97   3635000     66220       116      5360
09:41:48 AM   4005612   4021916   3883900     49.13      1956    231296   8786020     31.97   3635000     66220       116      5360
09:41:53 AM   4005612   4021924   3883892     49.13      1956    231304   8786020     31.97   3635000     66228       124      5360
09:41:58 AM   4005612   4021924   3883892     49.13      1956    231304   8786020     31.97   3635000     66228        28      5360
09:42:03 AM   4005360   4021944   3883872     49.13      1956    231576   8786020     31.97   3635000     66500        28      5360
09:42:08 AM   4005360   4021944   3883872     49.13      1956    231688   8786020     31.97   3635000     66500       112      5360
09:42:13 AM   4005360   4022056   3883760     49.13      1956    231688   8786020     31.97   3635000     66612       132      5360
09:42:18 AM   4005360   4022056   3883760     49.13      1956    231688   8786020     31.97   3635000     66612       132      5360
09:42:23 AM   4005360   4022056   3883760     49.13      1956    231688   8786020     31.97   3635000     66612       132      5360
09:42:28 AM   4005360   4022056   3883760     49.13      1956    231688   8786020     31.97   3635000     66612       132      5360
09:42:33 AM   4005360   4022056   3883760     49.13      1956    231688   8786020     31.97   3635000     66612        20      5360
09:42:38 AM   4005360   4022304   3883512     49.12      1956    232008   8786020     31.97   3635000     66860        20      5360
09:42:43 AM   4005360   4022432   3883384     49.12      1956    232124   8786020     31.97   3635000     66988       112      5360
09:42:48 AM   4005360   4022492   3883324     49.12      1956    232124   8786020     31.97   3635000     67048       132      5360
09:42:53 AM   2318440   2335572   5570244     70.46      1956    232124   8786020     31.97   5312424     67048       132      5360
09:42:58 AM   2318216   2335348   5570468     70.46      1956    232124   8786020     31.97   5312436     67048       132      5360
09:43:03 AM   2318216   2335348   5570468     70.46      1956    232124   8786020     31.97   5312436     67048       132      5360
09:43:08 AM   2317964   2335096   5570720     70.46      1956    232124   8786020     31.97   5312436     67048        20      5360
09:43:13 AM   2317712   2335092   5570724     70.46      1956    232400   8786020     31.97   5312436     67296        24      5360
09:43:18 AM   2317488   2334896   5570920     70.47      1956    232512   8786020     31.97   5312436     67324       112      5360
09:43:23 AM    638192    655600   7250216     91.71      1956    232512   8786020     31.97   6988328     67324       132      5360
09:43:28 AM    638192    655712   7250104     91.71      1956    232512   8786020     31.97   6988424     67436       132      5360
09:43:33 AM    638192    655712   7250104     91.71      1956    232512   8786020     31.97   6988424     67436       132      5360
09:43:38 AM    638192    655712   7250104     91.71      1956    232512   8786020     31.97   6988424     67436       132      5360
09:43:43 AM    638192    655712   7250104     91.71      1956    232512   8786020     31.97   6988424     67436        20      5360
09:43:48 AM    637436    655204   7250612     91.71      1956    232864   8786020     31.97   6988424     67684        20      5360
09:43:53 AM    125800     57848   7847968     99.27        28    125192   8786020     31.97   5731372   1854560        96      5192
09:43:58 AM    122284     55116   7850700     99.30        28    126736   8786020     31.97   5732864   1854732       120      5192
09:44:03 AM    122284     55116   7850700     99.30        28    126736   8786020     31.97   5732864   1854732       120      5192
09:44:08 AM    122284     55168   7850648     99.30        28    126736   8786020     31.97   5732984   1854732       120      5192
09:44:13 AM    122284     55168   7850648     99.30        28    126736   8786020     31.97   5732984   1854732       120      5192
09:44:18 AM    122284     55168   7850648     99.30        28    126736   8786020     31.97   5732984   1854732        24      5192
09:44:23 AM    115924     48992   7856824     99.38        28    127480   8786020     31.97   5733176   1854912        24      5192
09:44:28 AM    114512     48052   7857764     99.39        28    128052   8786020     31.97   5733836   1855196        96      5192
09:44:33 AM    114512     48052   7857764     99.39        28    128052   8786020     31.97   5733836   1855196       116      5192
09:44:38 AM    114288     47828   7857988     99.40        28    128052   8786020     31.97   5733836   1855196       116      5192
09:44:43 AM    114064     47612   7858204     99.40        28    128112   8786020     31.97   5733872   1855196       116      5192
09:44:48 AM    114064     47636   7858180     99.40        28    128112   8786020     31.97   5733972   1855196       116      5192
09:44:53 AM    163636     97240   7808576     98.77        28    128196   8786020     31.97   6499564   1038124        16      5148
09:44:58 AM    163144     97048   7808768     98.77        28    128820   8786020     31.97   6499784   1038616        76      5148
09:45:03 AM    161128     96208   7809608     98.78        28    131204   8786020     31.97   6501984   1038764       312      5148
09:45:08 AM    161128     96264   7809552     98.78        28    131200   8786020     31.97   6501992   1038872       328      5148
09:45:13 AM    161128     96264   7809552     98.78        28    131200   8786020     31.97   6370920   1038872       328      5148
09:45:18 AM    543288    478428   7427388     93.95        28    131208   8786020     31.97   6108776   1038880       332      5148
09:45:23 AM    153364     51348   7854468     99.35        16     57716   8786020     31.97   4232004   3305616       216      4236
09:45:28 AM    138556     37616   7868200     99.52        28     59888   8786020     31.97   4235040   3305872        24      4236
09:45:33 AM    138556     37616   7868200     99.52        28     59888   8786020     31.97   4235040   3305872        24      4236
09:45:38 AM    133648     33984   7871832     99.57        28     62244   8786020     31.97   4238396   3305920       116      4236
09:45:43 AM    133624     34028   7871788     99.57        28     62404   8786020     31.97   4238452   3305908       140      4236
09:45:48 AM    145232     45660   7860156     99.42        28     62408   8786020     31.97   4244968   3300376       140      4236
09:45:53 AM    206020    106844   7798972     98.65        28     63376   8786020     31.97   5197304   2293052       140      4236
09:45:58 AM    201144    102656   7803160     98.70        28     64692   8786020     31.97   5199984   2292992        28      4236
09:46:03 AM    201144    102656   7803160     98.70        28     64692   8786020     31.97   5199984   2292992        28      4236
09:46:08 AM    193128     94696   7811120     98.80        28     64692   8786020     31.97   5201108   2292880        28      4236
09:46:13 AM    193128     95844   7809972     98.79        28     67092   8786020     31.97   5203320   2293000       112      4236
09:46:18 AM    192180     94896   7810920     98.80        28     67220   8786020     31.97   5204668   2292828       132      4236
09:46:23 AM    192380    114356   7791460     98.55        28    105512   8798260     32.01   5611272   1886460       388      4264
09:46:28 AM    183964    105936   7799880     98.66        28    105512   8786020     31.97   5610020   1886080       388      4264
09:46:33 AM    190164    112364   7793452     98.58        28    105976   8786020     31.97   5612764   1883768       388      4264
09:46:38 AM    179252    101468   7804348     98.72        28    106028   8786020     31.97   5614208   1883596       388      4264
09:46:43 AM    179164    101520   7804296     98.72        28    106380   8786020     31.97   5614172   1883808       228      4264
09:46:48 AM    178912    101320   7804496     98.72        28    106476   8786020     31.97   5614172   1883912       304      4264
09:46:53 AM    158156     78520   7827296     99.01        28    100292   8786020     31.97   2930272   4622288       164      2208
09:46:58 AM    157428     77792   7828024     99.02        28    100424   8786020     31.97   2930272   4622288       164      2208
09:47:03 AM    157428     77884   7827932     99.01        28    100424   8786020     31.97   2930412   4622336       164      2208
09:47:08 AM    157428     77884   7827932     99.01        28    100424   8786020     31.97   2930412   4622336       164      2208
09:47:13 AM    157428     77884   7827932     99.01        28    100424   8786020     31.97   2930412   4622336        20      2208
09:47:18 AM    157176     77756   7828060     99.02        28    100792   8786020     31.97   2930412   4622584        20      2208
09:47:23 AM    123112     43688   7862128     99.45        28    100700   8786020     31.97   3165668   4422696       112      2208
09:47:28 AM    122860     43436   7862380     99.45        28    100700   8786020     31.97   3165668   4422696       132      2208
09:47:33 AM    114416     35008   7870808     99.56        28    100700   8786020     31.97   3169424   4419688       132      2208
09:47:38 AM    114416     35008   7870808     99.56        28    100700   8786020     31.97   3169424   4419688       132      2208
09:47:43 AM    132924     53260   7852556     99.33        28    100188   8786020     31.97   5767708   1809728       132      2208
09:47:48 AM    132924     53260   7852556     99.33        28    100188   8786020     31.97   5767708   1809728       132      2208
09:47:53 AM    117368      6336   7899480     99.92        28     36756   8786020     31.97   3181424   4403108        20       128
09:47:58 AM    205932     98236   7807580     98.76        28     43316   8786020     31.97   3197208   4297656        96       128
09:48:03 AM    205708     98012   7807804     98.76        28     43316   8786020     31.97   3197348   4297656       116       128
09:48:08 AM    205232     97536   7808280     98.77        28     43316   8786020     31.97   3197348   4297656       116       128
09:48:13 AM    204728     97032   7808784     98.77        28     43316   8786020     31.97   3197352   4297656       116       128
09:48:18 AM    204728     97032   7808784     98.77        28     43316   8786020     31.97   3197352   4297656       116       128
09:48:23 AM    132828     24544   7881272     99.69        28     42144   8786020     31.97   3561884   4012092        24       128
09:48:28 AM    132828     24680   7881136     99.69        28     42528   8786020     31.97   3561888   4012360        24       128
09:48:33 AM    131820     23784   7882032     99.70        28     42640   8786020     31.97   3561888   4012588       112       128
09:48:38 AM    128040     21492   7884324     99.73        28     45680   8786020     31.97   3564864   4012588       132       128
09:48:43 AM    128040     21524   7884292     99.73        28     45680   8786020     31.97   3564928   4012588       132       128
09:48:48 AM    128040     21524   7884292     99.73        28     45684   8786020     31.97   3564928   4012588       136       128
09:48:53 AM    146784     27652   7878164     99.65        28     20536   8786020     31.97   4752592   2800196       136       128
09:48:58 AM    120604     13012   7892804     99.84        28     43656   8786020     31.97   4775680   2800196        24       128
09:49:03 AM    208856    100996   7804820     98.72        28     42996   8786020     31.97   4760124   2713492        24       128
09:49:08 AM    211344    103484   7802332     98.69        28     43124   8786020     31.97   4760124   2713492       112       128
09:49:13 AM    204324     96528   7809288     98.78        28     43124   8786020     31.97   4762620   2712076       132       128
09:49:18 AM    204324     96528   7809288     98.78        28     43132   8786020     31.97   4762620   2712076       140       128
09:49:23 AM    187316     74156   7831660     99.06        16     32648   8786020     31.97    877916   6623908       140       124
09:49:28 AM    187316     74292   7831524     99.06        16     33068   8786020     31.97    878192   6623908       140       124
09:49:33 AM    187316     74400   7831416     99.06        16     33068   8786020     31.97    878372   6623940        28       124
09:49:38 AM    186812     74080   7831736     99.06        28     33548   8786020     31.97    878372   6624312        28       124
09:49:43 AM    168416     62696   7843120     99.21        28     47448   8786020     31.97    892644   6624636       112       124
09:49:48 AM    168224     62628   7843188     99.21        28     47796   8786020     31.97    892936   6624636       132       124
09:49:53 AM    134752     38800   7867016     99.51        28     67024   8786020     31.97   1044920   6502352       328       128
09:49:58 AM    134528     38576   7867240     99.51        28     67028   8786020     31.97   1045116   6502352       332       128
09:50:03 AM    135412     39756   7866060     99.50        28     67584   8786020     31.97   1045620   6502484       216       128
09:50:08 AM    135664     40008   7865808     99.49        28     67580   8786020     31.97   1045620   6502480        20       128
09:50:13 AM    135664     40200   7865616     99.49        28     68044   8786020     31.97   1045620   6502864       212       128
09:50:18 AM    135664     40240   7865576     99.49        28     68140   8786020     31.97   1045624   6502944       288       128
09:50:23 AM    207096    104212   7801604     98.68        28     53256   8786020     31.97   6047512   1439380        96       128
09:50:28 AM    207096    104284   7801532     98.68        28     53272   8786020     31.97   6047836   1439312       116       128
09:50:33 AM    207096    104284   7801532     98.68        28     53272   8786020     31.97   6047836   1439312       116       128
09:50:38 AM    207096    104284   7801532     98.68        28     53272   8786020     31.97   6047836   1439312       116       128
09:50:43 AM    206340    103652   7802164     98.69        28     53608   8786020     31.97   6047840   1439560        20       128
09:50:48 AM    206340    103696   7802120     98.69        28     53608   8786020     31.97   6047840   1439648        20       128
09:50:53 AM    135884     27124   7878692     99.66         8     41548   8786020     31.97   1466384   6085292        80       124
09:50:58 AM    127440     18836   7886980     99.76         8     41752   8786020     31.97   1469232   6083660       104       124
09:51:03 AM    131320     22716   7883100     99.71         8     41752   8786020     31.97   1469272   6083660       104       124
09:51:08 AM    127684     19080   7886736     99.76         8     41752   8786020     31.97   1472172   6081492       104       124
09:51:13 AM    126232     19744   7886072     99.75         8     45984   8786020     31.97   1477516   6081544       104       124
09:51:18 AM    119256     12896   7892920     99.84         8     46240   8786020     31.97   1481400   6079052       104       124
09:51:23 AM    159120     53112   7852704     99.33        20     47088   8786020     31.97   1625404   5904432         0       124
09:51:28 AM    155024     49096   7856720     99.38        20     47088   8786020     31.97   1626384   5904080        20       124
09:51:33 AM    137096     38736   7867080     99.51        20     62400   8786020     31.97   1644272   5904424        24       124
09:51:38 AM    125072     26960   7878856     99.66        20     62748   8786020     31.97   1674792   5875100        24       124
09:51:43 AM    125072     26960   7878856     99.66        20     62764   8786020     31.97   1674800   5875100        24       124
09:51:48 AM    125680     27592   7878224     99.65        20     62768   8786020     31.97   1675992   5874468        28       124
09:51:53 AM    165008     54900   7850916     99.31         8     38924   8786020     31.97   5903920   1619868       128       124
09:51:58 AM    163272     54428   7851388     99.31         8     41300   8786020     31.97   5910080   1619872       148       124
09:52:03 AM    163272     54428   7851388     99.31         8     41300   8786020     31.97   5910080   1619872       148       124
09:52:08 AM    163272     54444   7851372     99.31         8     41300   8786020     31.97   5910144   1619872       148       124
09:52:13 AM    163124     54380   7851436     99.31        20     41632   8786020     31.97   5910144   1620044       148       124
09:52:18 AM    163020     54388   7851428     99.31        20     41684   8786020     31.97   5910144   1620268        20       124
09:52:23 AM    177464     61088   7844728     99.23        20     26280   8786020     31.97   2387848   5128724        20       124
09:52:28 AM    175236     60084   7845732     99.24        20     28644   8786020     31.97   2390316   5128820        96       124
09:52:33 AM    175236     60084   7845732     99.24        20     28644   8786020     31.97   2390316   5128820       116       124
09:52:38 AM    167424     54196   7851620     99.31        20     32548   8786020     31.97   2394160   5128820       116       124
09:52:43 AM    163644     52400   7853416     99.34        20     36608   8786020     31.97   2398128   5128820       116       124
09:52:48 AM    163644     52476   7853340     99.34        20     36608   8786020     31.97   2398280   5128820       116       124
09:52:53 AM    125628     10116   7895700     99.87        20     28004   8786020     31.97   4575460   2998828        80       124
09:52:58 AM    233704    118120   7787696     98.51        20     27780   8786020     31.97   4578044   2896088        20       124
09:53:03 AM    233480    117896   7787920     98.51        20     27788   8786020     31.97   4578044   2896088        28       124
09:53:08 AM    229384    113800   7792016     98.56        20     27788   8786020     31.97   4578756   2895744        28       124
09:53:13 AM    228376    112796   7793020     98.57        20     27788   8786020     31.97   4578708   2895748        28       124
09:53:18 AM    210116     94536   7811280     98.80        20     27788   8786020     31.97   4599708   2875532        28       124
09:53:23 AM    138984     17296   7888520     99.78        20     15568   8786020     31.97    921380   6624720        28       124
09:53:28 AM    138744     23136   7882680     99.71        20     27732   8786020     31.97    933500   6624824        96       124
09:53:33 AM    138744     23136   7882680     99.71        20     27732   8786020     31.97    933500   6624824       116       124
09:53:38 AM    138744     23184   7882632     99.71        20     27828   8786020     31.97    933684   6624828       120       124
09:53:43 AM    138744     23184   7882632     99.71        20     27828   8786020     31.97    933736   6624828       120       124
09:53:48 AM    138744     23184   7882632     99.71        20     27828   8786020     31.97    933736   6624828       120       124
09:53:53 AM    194016     78320   7827496     99.01        20     27672   8786020     31.97   1101896   6401776       120       124
09:53:58 AM    180556     69224   7836592     99.12        20     36300   8786020     31.97   1114056   6402016        24       124
09:54:03 AM    180304     68980   7836836     99.13        20     36380   8786020     31.97   1114336   6402016        80       124
09:54:08 AM    180304     68980   7836836     99.13        20     36380   8786020     31.97   1114336   6402016       100       124
09:54:13 AM    180304     69020   7836796     99.13        20     36380   8786020     31.97   1114340   6402096       100       124
09:54:18 AM    180304     69020   7836796     99.13        20     36380   8786020     31.97   1114340   6402096       100       124
09:54:23 AM    130676     12896   7892920     99.84         8     23400   8786020     31.97   3202660   4366988       100       124
09:54:28 AM    130676     12896   7892920     99.84         8     23400   8786020     31.97   3202660   4366988        20       124
09:54:33 AM    128912     12956   7892860     99.84        20     27092   8786020     31.97   3206036   4367288        20       124
09:54:38 AM    128912     12956   7892860     99.84        20     27172   8786020     31.97   3206036   4367288        80       124
09:54:43 AM    151228     45792   7860024     99.42        20     48032   8786020     31.97   3312948   4237516       100       124
09:54:48 AM    151116     45704   7860112     99.42        20     48124   8786020     31.97   3313236   4237388       100       124
09:54:53 AM    215944    118316   7787500     98.50        20     63716   8786020     31.97   4461580   3015604       272       128
09:54:58 AM    215720    118188   7787628     98.51        20     64048   8786020     31.97   4461796   3015648       304       128
09:55:03 AM    213836    116644   7789172     98.52        20     64676   8786020     31.97   4465800   3013044        76       128
09:55:08 AM    212176    115944   7789872     98.53        20     66720   8786020     31.97   4467492   3013276        24       128
09:55:13 AM    207072    110996   7794820     98.60        20     66912   8786020     31.97   4471676   3010316       276       128
09:55:18 AM    207072    110996   7794820     98.60        20     66912   8786020     31.97   4471676   3010316       292       128
09:55:23 AM    124312     29536   7876280     99.63        20     69572   8786020     31.97   5356944   2210508       180       128
09:55:28 AM    124088     29400   7876416     99.63        20     69576   8786020     31.97   5357140   2210508       180       128
09:55:33 AM    130408     35720   7870096     99.55        20     69576   8786020     31.97   5362292   2206412       180       128
09:55:38 AM    130184     35496   7870320     99.55        20     69576   8786020     31.97   5362292   2206412        20       128
09:55:43 AM    119504     24976   7880840     99.68        20     69896   8786020     31.97   5368652   2201272        20       128
09:55:48 AM    119504     24976   7880840     99.68        20     69976   8786020     31.97   5368652   2201272        80       128
09:55:53 AM    155312     44116   7861700     99.44         8     36676   8786020     31.97   7485052     61548        96       128
09:55:58 AM    129860     26572   7879244     99.66         8     52404   8786020     31.97   7504248     61688       116       128
09:56:03 AM    129860     26580   7879236     99.66         8     52404   8786020     31.97   7504440     61688       116       128
09:56:08 AM    129860     26580   7879236     99.66         8     52404   8786020     31.97   7504440     61688       116       128
09:56:13 AM    129104     28404   7877412     99.64         8     57560   8786020     31.97   7509812     61744       120       128
09:56:18 AM    128124     27600   7878216     99.65        20     57984   8786020     31.97   7510040     61984        24       128
09:56:23 AM    126664     10280   7895536     99.87        20     26192   8786020     31.97    263624   7307208        24       124
09:56:28 AM    126412     10220   7895596     99.87        20     26640   8786020     31.97    263952   7307276        96       124
09:56:33 AM    210308    106744   7799072     98.65        20     51988   8786020     31.97    292644   7194400       116       124
09:56:38 AM    210004    106592   7799224     98.65        20     52124   8786020     31.97    292900   7194480       116       124
09:56:43 AM    210004    106596   7799220     98.65        20     52132   8786020     31.97    293044   7194488       124       124
09:56:48 AM    210004    106596   7799220     98.65        20     52132   8786020     31.97    293044   7194488       124       124
09:56:53 AM    176352     71348   7834468     99.10        20     49056   8786020     31.97   3499076   4006920        28       124
09:56:58 AM    176352     71348   7834468     99.10        20     49056   8786020     31.97   3499076   4006920        28       124
09:57:03 AM    173356     68452   7837364     99.13        20     49136   8786020     31.97   3502612   4004160        80       124
09:57:08 AM    173356     70188   7835628     99.11        20     52620   8786020     31.97   3506084   4004160       100       124
09:57:13 AM    161384     60200   7845616     99.24        20     56620   8786020     31.97   3516360   3999000       100       124
09:57:18 AM    162636     61472   7844344     99.22        20     56620   8786020     31.97   3516340   3998888       100       124
09:57:23 AM    156376     53156   7852660     99.33        20     52508   8786020     31.97   2533500   5002604       100       124
09:57:28 AM    158288     55068   7850748     99.30        20     52536   8786020     31.97   2540136   4995936       100       124
09:57:33 AM    157320     54224   7851592     99.31        20     52776   8786020     31.97   2540164   4996156        20       124
09:57:38 AM    157320     54236   7851580     99.31        20     52856   8786020     31.97   2540228   4996176        80       124
09:57:43 AM    157320     54236   7851580     99.31        20     52856   8786020     31.97   2540232   4996176       100       124
09:57:48 AM    157320     54276   7851540     99.31        20     52856   8786020     31.97   2540232   4996256       100       124
09:57:53 AM    161680     50412   7855404     99.36         8     36660   8786020     31.97   1923724   5613108       100       124
09:57:58 AM    159916     49460   7856356     99.37         8     38048   8786020     31.97   1929508   5613176       104       124
09:58:03 AM    159664     49276   7856540     99.38        20     38256   8786020     31.97   1929624   5613308        24       124
09:58:08 AM    159664     49320   7856496     99.38        20     38260   8786020     31.97   1929648   5613400        28       124
09:58:13 AM    159412     49068   7856748     99.38        20     38388   8786020     31.97   1929648   5613400       112       124
09:58:18 AM    159412     49132   7856684     99.38        20     38388   8786020     31.97   1929644   5613532       132       124
09:58:23 AM    164328     45016   7860800     99.43         8     20400   8786020     31.97   4559552   2982556       132       124
09:58:28 AM    156516     39856   7865960     99.50         8     25756   8786020     31.97   4564884   2982620       132       124
09:58:33 AM    148452     31792   7874024     99.60         8     25756   8786020     31.97   4564884   2982620       132       124
09:58:38 AM    148452     31852   7873964     99.60         8     25756   8786020     31.97   4565004   2982620       132       124
09:58:43 AM    149128     32708   7873108     99.59        20     26156   8786020     31.97   4565012   2982980        20       124
09:58:48 AM    150548     34204   7871612     99.57        20     26256   8786020     31.97   4565012   2983132        96       124
09:58:53 AM    112060    112060   7793756     98.58        20     17020   8786020     31.97   2286660   5297320       116       124
09:58:58 AM    173392     58576   7847240     99.26        20     29312   8786020     31.97   2323576   5192724       116       124
09:59:03 AM    173168     58412   7847404     99.26        20     29520   8786020     31.97   2323700   5192724       116       124
09:59:08 AM    173992     59280   7846536     99.25        20     29520   8786020     31.97   2328320   5188900       116       124
09:59:13 AM    173516     61468   7844348     99.22        20     35068   8786020     31.97   2333432   5189120        20       124
09:59:18 AM    169420     57480   7848336     99.27        20     35068   8786020     31.97   2334996   5188204        20       124
09:59:23 AM    195424     80700   7825116     98.98         8     29636   8786020     31.97   5092032   2421460         0       124
09:59:28 AM    194696     80156   7825660     98.99         8     29876   8786020     31.97   5092560   2421480        20       124
09:59:33 AM    194696     80156   7825660     98.99         8     29876   8786020     31.97   5092560   2421480        20       124
09:59:38 AM    194696     80156   7825660     98.99         8     29876   8786020     31.97   5092560   2421480        20       124
09:59:43 AM    178104     69132   7836684     99.13         8     41020   8786020     31.97   5104660   2421548        20       124
09:59:48 AM    175080     67296   7838520     99.15         8     43388   8786020     31.97   5107288   2421548        20       124
09:59:53 AM    151660     49300   7856516     99.38         8     54432   8786020     31.97   2163412   5383216       188       124
09:59:58 AM    165828     65416   7840400     99.17         8     58140   8786020     31.97   2180208   5354968       284       128
10:00:03 AM    165828     65568   7840248     99.17         8     58448   8786020     31.97   2180524   5354964       300       128
10:00:08 AM    162048     62860   7842956     99.20         8     60588   8786020     31.97   2182676   5354964       296       128
10:00:13 AM    162048     63092   7842724     99.20        12     61112   8786020     31.97   2183100   5355032       184       128
10:00:18 AM    162048     63116   7842700     99.20        12     61108   8786020     31.97   2183104   5355080       180       128
10:00:23 AM    157436     62000   7843816     99.22        20     68140   8786020     31.97   2641396   4900160        24       128
10:00:28 AM    157132     61788   7844028     99.22        20     68264   8786020     31.97   2641680   4900168        28       128
10:00:33 AM    156656     61312   7844504     99.22        20     68344   8786020     31.97   2641680   4900168        80       128
10:00:38 AM    156656     61352   7844464     99.22        20     68344   8786020     31.97   2641680   4900248       100       128
10:00:43 AM    156656     61352   7844464     99.22        20     68344   8786020     31.97   2641684   4900248       100       128
10:00:48 AM    156656     61352   7844464     99.22        20     68344   8786020     31.97   2641684   4900248       100       128
10:00:53 AM    195968     95560   7810256     98.79        12     58248   8786020     31.97   6508256   1006212       116       128
10:00:58 AM    194736     94328   7811488     98.81        12     58252   8786020     31.97   6508256   1006212       120       128
10:01:03 AM    186544     86252   7819564     98.91        20     58408   8786020     31.97   6509232   1006252        24       128
10:01:08 AM    186320     86028   7819788     98.91        20     58408   8786020     31.97   6509232   1006252        24       128
10:01:13 AM    178344     80036   7825780     98.99        20     62352   8786020     31.97   6514852   1005992        24       128
10:01:18 AM    178344     80120   7825696     98.99        20     62504   8786020     31.97   6515136   1006024        24       128
10:01:23 AM    125832      7420   7898396     99.91         8     22384   8786020     31.97   1066112   6511000       116       128
10:01:28 AM    121852      4968   7900848     99.94         8     25264   8786020     31.97   1069100   6511156       132       128
10:01:33 AM    121376      4644   7901172     99.94        20     25536   8786020     31.97   1069164   6511432        20       128
10:01:38 AM    199108     91768   7814048     98.84        20     44288   8786020     31.97   1090904   6410024        20       128
10:01:43 AM    195104     89228   7816588     98.87        20     47212   8786020     31.97   1093948   6410024        20       128
10:01:48 AM    195104     89228   7816588     98.87        20     47212   8786020     31.97   1093952   6410024        20       128
10:01:53 AM    167384     61564   7844252     99.22        20     47324   8786020     31.97   1122124   6410024        20       128
10:01:58 AM    148484     47944   7857872     99.39        20     57936   8786020     31.97   1136128   6410120       108       128
10:02:03 AM    148484     47968   7857848     99.39        20     57936   8786020     31.97   1136348   6410120       116       128
10:02:08 AM    148484     47968   7857848     99.39        20     57936   8786020     31.97   1136348   6410120       116       128
10:02:13 AM    148484     47968   7857848     99.39        20     57936   8786020     31.97   1136348   6410120       116       128
10:02:18 AM    148484     47968   7857848     99.39        20     57936   8786020     31.97   1136348   6410120       116       128
10:02:23 AM    164840     64292   7841524     99.19        20     57932   8786020     31.97   1231852   6303420       116       128
10:02:28 AM    163876     63452   7842364     99.20        20     58176   8786020     31.97   1231884   6303784        20       128
10:02:33 AM    163876     63520   7842296     99.20        20     58256   8786020     31.97   1231996   6303920        80       128
10:02:38 AM    163876     63520   7842296     99.20        20     58256   8786020     31.97   1231996   6303920       100       128
10:02:43 AM    163876     63520   7842296     99.20        20     58256   8786020     31.97   1232000   6303920       100       128
10:02:48 AM    163876     63520   7842296     99.20        20     58256   8786020     31.97   1232000   6303920       100       128
10:02:53 AM    148088     32716   7873100     99.59         8     28228   8786020     31.97   6036956   1515628       100       124
10:02:58 AM    144824     29452   7876364     99.63         8     28284   8786020     31.97   6036968   1515628        20       124
10:03:03 AM    140476     25280   7880536     99.68        20     28572   8786020     31.97   6037832   1515584        20       124
10:03:08 AM    139496     26284   7879532     99.67        20     32628   8786020     31.97   6041800   1515584        88       124
10:03:13 AM    130296     17128   7888688     99.78        20     32628   8786020     31.97   6043160   1514872       100       124
10:03:18 AM    114952      6248   7899568     99.92        20     41612   8786020     31.97   6052088   1514872       100       124
10:03:23 AM    173728     64680   7841136     99.18        20     40868   8786020     31.97   2298148   5220728       100       124
10:03:28 AM    176100     67052   7838764     99.15        20     40868   8786020     31.97   2298152   5220728       100       124
10:03:33 AM    179732     70684   7835132     99.11        20     40868   8786020     31.97   2298264   5220728        20       124
10:03:38 AM    179480     70556   7835260     99.11        20     41156   8786020     31.97   2298264   5220976        20       124
10:03:43 AM    179732     70876   7834940     99.10        20     41252   8786020     31.97   2298272   5221112       108       124
10:03:48 AM    179732     70876   7834940     99.10        20     41252   8786020     31.97   2298272   5221112       116       124
10:03:53 AM    200740     85136   7820680     98.92         8     27796   8786020     31.97   2411472   5090864       116       124
10:03:58 AM    181284     71252   7834564     99.10         8     38996   8786020     31.97   2426868   5090932       120       124
10:04:03 AM    181284     71280   7834536     99.10         8     39008   8786020     31.97   2427012   5090936       132       124
10:04:08 AM    181060     71116   7834700     99.10         8     39236   8786020     31.97   2427136   5090936        36       124
10:04:13 AM    181060     71300   7834516     99.10        20     39476   8786020     31.97   2427268   5091180        36       124
10:04:18 AM    181060     71300   7834516     99.10        20     39572   8786020     31.97   2427268   5091180        96       124
10:04:23 AM    120812      6212   7899604     99.92         8     29804   8786020     31.97   4792960   2788504       116       124
10:04:28 AM    120732      6132   7899684     99.92         8     29848   8786020     31.97   4792968   2788504       116       124
10:04:33 AM    120732      6132   7899684     99.92         8     29848   8786020     31.97   4792968   2788504       116       124
10:04:38 AM    120480      5904   7899912     99.93         8     29852   8786020     31.97   4793012   2788508       120       124
10:04:43 AM    144364     37916   7867900     99.52         8     46264   8786020     31.97   4821184   2724308        24       124
10:04:48 AM    143608     37388   7868428     99.53        20     46552   8786020     31.97   4821416   2724608        24       124
10:04:53 AM    157976     59376   7846440     99.25        20     61928   8786020     31.97   3822764   3706184       284       128
10:04:58 AM    181544     83056   7822760     98.95        20     62028   8786020     31.97   3831896   3696732       332       128
10:05:03 AM    181052     82564   7823252     98.96        20     62028   8786020     31.97   3831904   3696732       332       128
10:05:08 AM    170772     72284   7833532     99.09        20     62024   8786020     31.97   3842224   3687616       328       128
10:05:13 AM    170268     72028   7833788     99.09        20     62536   8786020     31.97   3842660   3687712       212       128
10:05:18 AM    167968     69736   7836080     99.12        20     62536   8786020     31.97   3844304   3686324        20       128
10:05:23 AM    144540     35028   7870788     99.56         8     39984   8786020     31.97   2730460   4823544        20       128
10:05:28 AM    139512     31996   7873820     99.60         8     43976   8786020     31.97   2734888   4823640        96       128
10:05:33 AM    139512     31996   7873820     99.60         8     43976   8786020     31.97   2734888   4823640       116       128
10:05:38 AM    139260     31744   7874072     99.60         8     43976   8786020     31.97   2734900   4823640       116       128
10:05:43 AM    139260     31744   7874072     99.60         8     43976   8786020     31.97   2734900   4823640       116       128
10:05:48 AM    139260     31744   7874072     99.60         8     43976   8786020     31.97   2734904   4823640       116       128
10:05:53 AM    140056     24616   7881200     99.69         8     28128   8786020     31.97   3391000   4178616        20       128
10:05:58 AM    210672    104388   7801428     98.68        20     46448   8786020     31.97   3395724   4094432        20       128
10:06:03 AM    210672    104388   7801428     98.68        20     46544   8786020     31.97   3395840   4094432        96       128
10:06:08 AM    210672    104444   7801372     98.68        20     46544   8786020     31.97   3395932   4094528       116       128
10:06:13 AM    200100     97164   7808652     98.77        20     53128   8786020     31.97   3402852   4094564       116       128
10:06:18 AM    199624     96872   7808944     98.77        20     53492   8786020     31.97   3403216   4094616       116       128
10:06:23 AM    177328     66748   7839068     99.16         8     37924   8786020     31.97   3178048   4344800        80       128
10:06:28 AM    175984     66280   7839536     99.16         8     39616   8786020     31.97   3179976   4344820       100       128
10:06:33 AM    175984     66340   7839476     99.16        20     39780   8786020     31.97   3179976   4344944        24       128
10:06:38 AM    155848     53248   7852568     99.33        20     53800   8786020     31.97   3196628   4345492        24       128
10:06:43 AM    155848     53248   7852568     99.33        20     53800   8786020     31.97   3196636   4345492        24       128
10:06:48 AM    155848     53248   7852568     99.33        20     53800   8786020     31.97   3196648   4345492        24       128
10:06:53 AM    195628     84028   7821788     98.94        20     35800   8786020     31.97   4553500   2947600        24       128
10:06:58 AM    195232     83672   7822144     98.94        20     35880   8786020     31.97   4553772   2947684        80       128
10:07:03 AM    194980     83424   7822392     98.94        20     35884   8786020     31.97   4553908   2947688       104       128
10:07:08 AM    194756     83200   7822616     98.95        20     35884   8786020     31.97   4553968   2947688       104       128
10:07:13 AM    194756     83200   7822616     98.95        20     35884   8786020     31.97   4554016   2947688       104       128
10:07:18 AM    194756     83200   7822616     98.95        20     35884   8786020     31.97   4554052   2947688       104       128
10:07:23 AM    121776      2704   7903112     99.97         8     20984   8786020     31.97   2783708   4792756        24       124
10:07:28 AM    131944      8120   7897696     99.90         8     11356   8786020     31.97   1458636   6108700        24       124
10:07:33 AM    131720      7936   7897880     99.90         8     11500   8786020     31.97   1458640   6108780       112       124
10:07:38 AM    131720      7968   7897848     99.90         8     11500   8786020     31.97   1458644   6108844       132       124
10:07:43 AM    131720      7968   7897848     99.90         8     11500   8786020     31.97   1458648   6108844       132       124
10:07:48 AM    131720      7968   7897848     99.90         8     11500   8786020     31.97   1458648   6108844       132       124
10:07:53 AM    172376     49196   7856620     99.38         8     12728   8786020     31.97   5441620   2078676         0       124
10:07:58 AM    132496     19344   7886472     99.76         8     32704   8786020     31.97   5480908   2078700        20       124
10:08:03 AM    124432     12768   7893048     99.84        20     35760   8786020     31.97   5483596   2079092        20       124
10:08:08 AM    124432     12768   7893048     99.84        20     35760   8786020     31.97   5483596   2079092        20       124
10:08:13 AM    127528     15912   7889904     99.80        20     35760   8786020     31.97   5483696   2079096        20       124
10:08:18 AM    128436     16820   7888996     99.79        20     35800   8786020     31.97   5483712   2079096        20       124
10:08:23 AM    130980     11072   7894744     99.86         8     19192   8786020     31.97   2712028   4853092        20       124
10:08:28 AM    130752     10852   7894964     99.86         8     19304   8786020     31.97   2712536   4853108        80       124
10:08:33 AM    130248     10584   7895232     99.87        20     19688   8786020     31.97   2712552   4853576        20       124
10:08:38 AM    130248     10584   7895232     99.87        20     19688   8786020     31.97   2712552   4853576        20       124
10:08:43 AM    130248     10596   7895220     99.87        20     19688   8786020     31.97   2712556   4853600        20       124
10:08:48 AM    205056     90380   7815436     98.86        20     29656   8786020     31.97   2732096   4743432        20       124
10:08:53 AM    120156      8292   7897524     99.90        20     35512   8786020     31.97   3725972   3838676        24       124
10:08:58 AM    200660     89424   7816392     98.87        20     36668   8786020     31.97   5477368   2010880        24       124
10:09:03 AM    201720     90604   7815212     98.85        20     36764   8786020     31.97   5477604   2010976         4       124
10:09:08 AM    201952     90836   7814980     98.85        20     36768   8786020     31.97   5477604   2010976        28       124
10:09:13 AM    201952     91212   7814604     98.85        20     37532   8786020     31.97   5478376   2010980        28       124
10:09:18 AM    201792     91052   7814764     98.85        20     37548   8786020     31.97   5478376   2010980        28       124
10:09:23 AM    142196     27308   7878508     99.65         8     29368   8786020     31.97    393312   7155744        24       124
10:09:28 AM    146600     32120   7873696     99.59         8     30188   8786020     31.97    401212   7143784       148       124
10:09:33 AM    146348     32064   7873752     99.59        20     30476   8786020     31.97    401336   7144108        20       124
10:09:38 AM    146348     32064   7873752     99.59        20     30476   8786020     31.97    401336   7144108        20       124
10:09:43 AM    119132     15292   7890524     99.81        20     51316   8786020     31.97    423196   7144180        20       124
10:09:48 AM    142836     40084   7865732     99.49        20     53488   8786020     31.97    434740   7111056        20       124
10:09:53 AM    117416     12116   7893700     99.85         8     48628   8786020     31.97   1163360   6411684         0       128
10:09:58 AM    157248     56024   7849792     99.29         8     56576   8786020     31.97   1410184   6129456       184       128
10:10:03 AM    157024     56164   7849652     99.29         8     57372   8786020     31.97   1411220   6129460       216       128
10:10:08 AM    157024     56476   7849340     99.29         8     58088   8786020     31.97   1411856   6129464       216       128
10:10:13 AM    157024     56824   7848992     99.28        12     58608   8786020     31.97   1412456   6129596       188       128
10:10:18 AM    157024     56824   7848992     99.28        12     58608   8786020     31.97   1412456   6129596       188       128
10:10:23 AM    120224     10224   7895592     99.87        20     39056   8786020     31.97   4427860   3146244       108       128
10:10:28 AM    189572     82256   7823560     98.96        20     44484   8786020     31.97   6308912   1199444         0       128
10:10:33 AM    189572     82256   7823560     98.96        20     44484   8786020     31.97   6308912   1199444        20       128
10:10:38 AM    189348     82092   7823724     98.96        20     44484   8786020     31.97   6309084   1199444        20       128
10:10:43 AM    189348     82092   7823724     98.96        20     44484   8786020     31.97   6309100   1199444        20       128
10:10:48 AM    189348     82092   7823724     98.96        20     44484   8786020     31.97   6309100   1199444        20       128
10:10:53 AM    114044      6788   7899028     99.91        20     44484   8786020     31.97   6467064   1109844        20       128
10:10:58 AM    153732     38944   7866872     99.51        20     29556   8786020     31.97   7011824    542008        20       128
10:11:03 AM    153732     38984   7866832     99.51        20     29652   8786020     31.97   7011844    542088        96       128
10:11:08 AM    153508     38836   7866980     99.51        20     29652   8786020     31.97   7011844    542240       116       128
10:11:13 AM    117976     14312   7891504     99.82        20     51668   8786020     31.97   7034212    542296       120       128
10:11:18 AM    116808     13192   7892624     99.83        20     51820   8786020     31.97   7034380    542296       120       128
10:11:23 AM    123432      8088   7897728     99.90         8     28496   8786020     31.97   3314312   4249580        80       128
10:11:28 AM    200652     79724   7826092     98.99         8     17344   8786020     31.97    972308   6524844       100       124
10:11:33 AM    196620     79180   7826636     99.00        20     24116   8786020     31.97    979012   6525132        28       124
10:11:38 AM    173208     65972   7839844     99.17        20     44592   8786020     31.97   1002344   6525444        28       124
10:11:43 AM    173208     65976   7839840     99.17        20     44596   8786020     31.97   1002420   6525448        32       124
10:11:48 AM    165144     59992   7845824     99.24        20     48756   8786020     31.97   1006644   6525448        32       124
10:11:53 AM    149308     48284   7857532     99.39        20     57184   8786020     31.97   1014900   6525448        32       124
10:11:58 AM    127416     28356   7877460     99.64        20     60872   8786020     31.97   1152632   6418928        96       124
10:12:03 AM    127416     28416   7877400     99.64        20     61096   8786020     31.97   1152668   6419052        20       124
10:12:08 AM    127416     28468   7877348     99.64        20     61096   8785912     31.97   1152888   6419152        20       124
10:12:13 AM    127416     28468   7877348     99.64        20     61096   8785912     31.97   1152892   6419152        20       124
Average:      2144562   2099334   5806482     73.45      1044    141433   8785688     31.97   3608199   1945422       119      3146
