Linux 7.0.10-arch1-1 (archlinux) 	05/28/2026 	_x86_64_	(4 CPU)

12:39:48 PM  pgpgin/s pgpgout/s   fault/s  majflt/s  pgfree/s pgscank/s pgscand/s pgsteal/s  pgprom/s   pgdem/s
12:39:53 PM      0.00      0.00   1275.60      0.00    128.00      0.00      0.00      0.00      0.00      0.00
12:39:58 PM      0.00      0.00    203.60      0.00    311.60      0.00      0.00      0.00      0.00      0.00
12:40:03 PM      3.20    239.20      1.20      0.00      8.80      0.00      0.00      0.00      0.00      0.00
12:40:08 PM      0.00      0.00      3.00      0.00      4.20      0.00      0.00      0.00      0.00      0.00
12:40:13 PM      0.00      0.80      0.00      0.00    516.20      0.00      0.00      0.00      0.00      0.00
12:40:18 PM      0.00    133.60      0.00      0.00      3.80      0.00      0.00      0.00      0.00      0.00
12:40:23 PM      0.00      0.00      0.40      0.00      4.40      0.00      0.00      0.00      0.00      0.00
12:40:28 PM      0.00      0.80      1.20      0.00      0.40      0.00      0.00      0.00      0.00      0.00
12:40:33 PM      0.00      0.00      0.00      0.00      4.00      0.00      0.00      0.00      0.00      0.00
12:40:38 PM      9.60    316.00      6.80      0.00      4.00      0.00      0.00      0.00      0.00      0.00
12:40:43 PM      0.00      0.00      0.20      0.00      4.60      0.00      0.00      0.00      0.00      0.00
12:40:48 PM      0.00      0.00      0.00      0.00      3.80      0.00      0.00      0.00      0.00      0.00
12:40:53 PM      0.00     27.20      0.00      0.00    346.60      0.00      0.00      0.00      0.00      0.00
12:40:58 PM      0.00      0.00      0.00      0.00      0.60      0.00      0.00      0.00      0.00      0.00
12:41:03 PM      0.00      0.00      0.00      0.00      4.00      0.00      0.00      0.00      0.00      0.00
12:41:08 PM     84.80     78.40      1.60      0.20      4.20      0.00      0.00      0.00      0.00      0.00
12:41:13 PM      0.00    164.00      0.00      0.00    232.00      0.00      0.00      0.00      0.00      0.00
12:41:18 PM      0.00      0.00      0.00      0.00      4.00      0.00      0.00      0.00      0.00      0.00
12:41:23 PM      0.00      0.00      0.00      0.00      4.20      0.00      0.00      0.00      0.00      0.00
12:41:28 PM    628.00      0.80      2.80      1.20     34.00      0.00      0.00      0.00      0.00      0.00
12:41:33 PM      0.00      0.80      0.00      0.00      4.80      0.00      0.00      0.00      0.00      0.00
12:41:38 PM      3.20      1.60      6.40      0.00     39.20      0.00      0.00      0.00      0.00      0.00
12:41:43 PM    407.20     51.20      3.00      1.00      6.60      0.00      0.00      0.00      0.00      0.00
12:41:48 PM      0.00      0.00      0.00      0.00      4.80      0.00      0.00      0.00      0.00      0.00
12:41:53 PM      0.00    104.80      0.00      0.00      4.80      0.00      0.00      0.00      0.00      0.00
12:41:58 PM      0.00      0.00      0.20      0.00      0.60      0.00      0.00      0.00      0.00      0.00
12:42:03 PM      0.00      0.00      0.00      0.00      8.00      0.00      0.00      0.00      0.00      0.00
12:42:08 PM      6.40     25.60      0.40      0.00     17.40      0.00      0.00      0.00      0.00      0.00
12:42:13 PM      0.00    211.20      0.00      0.00    980.20      0.00      0.00      0.00      0.00      0.00
12:42:18 PM    137.60      0.00      6.00      0.20      6.80      0.00      0.00      0.00      0.00      0.00
12:42:23 PM    180.80      1.60      0.20      0.20      4.60      0.00      0.00      0.00      0.00      0.00
12:42:28 PM    632.00    241.60      8.20      1.80     79.40      0.00      0.00      0.00      0.00      0.00
12:42:33 PM      0.00      0.00     14.60      0.00      7.40      0.00      0.00      0.00      0.00      0.00
12:42:38 PM      0.00      0.00      0.00      0.00      4.00      0.00      0.00      0.00      0.00      0.00
12:42:43 PM      3.20      0.80      0.00      0.00      3.80      0.00      0.00      0.00      0.00      0.00
12:42:48 PM   2044.80      0.00    303.20      6.00    381.60      0.00      0.00      0.00      0.00      0.00
12:42:53 PM      0.00      7.20      2.40      0.00     44.40      0.00      0.00      0.00      0.00      0.00
12:42:58 PM      0.00     32.00      0.00      0.00      1.20      0.00      0.00      0.00      0.00      0.00
12:43:03 PM    472.00    269.60     12.40      2.00    246.40      0.00      0.00      0.00      0.00      0.00
12:43:08 PM      6.40     24.00      0.00      0.00     13.60      0.00      0.00      0.00      0.00      0.00
12:43:13 PM     84.00    130.40      8.20      6.60      6.20      0.00      0.00      0.00      0.00      0.00
12:43:18 PM      6.40      4.00      0.00      0.00     34.80      0.00      0.00      0.00      0.00      0.00
12:43:23 PM    157.60     27.20      2.20      0.80     37.00      0.00      0.00      0.00      0.00      0.00
12:43:28 PM    318.40      4.80      9.60      1.80      2.80      0.00      0.00      0.00      0.00      0.00
12:43:33 PM      0.00      0.00      0.00      0.00      4.00      0.00      0.00      0.00      0.00      0.00
12:43:38 PM     44.00     63.20      5.80      4.20      5.00      0.00      0.00      0.00      0.00      0.00
12:43:43 PM      0.00      0.00      0.00      0.00      3.80      0.00      0.00      0.00      0.00      0.00
12:43:48 PM     19.20    105.60      0.00      0.00     17.40      0.00      0.00      0.00      0.00      0.00
12:43:53 PM     32.80     16.80      0.20      0.20     34.40      0.00      0.00      0.00      0.00      0.00
12:43:58 PM    371.20      6.40     11.00      1.60     20.20      0.00      0.00      0.00      0.00      0.00
12:44:03 PM     32.80      0.00     19.80      4.80      7.20      0.00      0.00      0.00      0.00      0.00
12:44:08 PM      4.00      4.00      1.60      1.00    109.80      0.00      0.00      0.00      0.00      0.00
12:44:13 PM      0.00      0.00      0.00      0.00      3.80      0.00      0.00      0.00      0.00      0.00
12:44:18 PM      0.00     32.00      0.00      0.00      4.00      0.00      0.00      0.00      0.00      0.00
12:44:23 PM     59.20    124.00      2.80      0.20      4.00      0.00      0.00      0.00      0.00      0.00
12:44:28 PM     17.60      3.20      3.00      1.20      0.40      0.00      0.00      0.00      0.00      0.00
12:44:33 PM      0.00      2.40      0.00      0.00      4.60      0.00      0.00      0.00      0.00      0.00
12:44:38 PM      0.00      0.00      0.00      0.00      3.80      0.00      0.00      0.00      0.00      0.00
12:44:43 PM      0.00      0.00      0.00      0.00      4.00      0.00      0.00      0.00      0.00      0.00
12:44:48 PM      0.00      0.00      0.00      0.00      3.80      0.00      0.00      0.00      0.00      0.00
12:44:53 PM      0.00     38.40      0.00      0.00      4.20      0.00      0.00      0.00      0.00      0.00
12:44:58 PM      0.00     98.40      0.00      0.00      0.60      0.00      0.00      0.00      0.00      0.00
12:45:03 PM      0.00      8.00      0.00      0.00      4.80      0.00      0.00      0.00      0.00      0.00
12:45:08 PM      0.00      0.00      0.20      0.00      4.00      0.00      0.00      0.00      0.00      0.00
12:45:13 PM      0.00     36.00      0.00      0.00     47.20      0.00      0.00      0.00      0.00      0.00
12:45:18 PM      4.00      0.00      1.00      1.00      4.00      0.00      0.00      0.00      0.00      0.00
12:45:23 PM      0.00      0.00      0.00      0.00      4.00      0.00      0.00      0.00      0.00      0.00
12:45:28 PM    456.80     35.20      4.60      1.80     41.60      0.00      0.00      0.00      0.00      0.00
12:45:33 PM     25.60    117.60      2.00      0.00      3.80      0.00      0.00      0.00      0.00      0.00
12:45:38 PM      0.00      7.20      0.00      0.00      6.00      0.00      0.00      0.00      0.00      0.00
12:45:43 PM     99.20     12.00      5.20      4.80     20.00      0.00      0.00      0.00      0.00      0.00
12:45:48 PM      0.00      0.00      0.00      0.00      3.80      0.00      0.00      0.00      0.00      0.00
12:45:53 PM     26.40      0.00      0.60      0.20      4.20      0.00      0.00      0.00      0.00      0.00
12:45:58 PM      0.00      0.00      0.00      0.00      1.00      0.00      0.00      0.00      0.00      0.00
12:46:03 PM    212.38     54.29      9.38      1.40     41.92      0.00      0.00      0.00      0.00      0.00
12:46:08 PM     72.80    124.80     13.40      4.80     32.00      0.00      0.00      0.00      0.00      0.00
12:46:13 PM    436.80      8.00     13.60      1.60     16.60      0.00      0.00      0.00      0.00      0.00
12:46:18 PM      6.40      0.00      0.60      0.00      4.20      0.00      0.00      0.00      0.00      0.00
12:46:23 PM     29.60      0.00      0.80      0.20      8.80      0.00      0.00      0.00      0.00      0.00
12:46:28 PM    297.60      0.00      3.40      1.40      1.00      0.00      0.00      0.00      0.00      0.00
12:46:33 PM      8.80      0.80      1.80      1.60     14.20      0.00      0.00      0.00      0.00      0.00
12:46:38 PM      0.00     64.00      0.00      0.00      4.00      0.00      0.00      0.00      0.00      0.00
12:46:43 PM     45.60    168.80      0.60      0.40      5.40      0.00      0.00      0.00      0.00      0.00
12:46:48 PM      0.00      7.20      1.60      0.00     27.20      0.00      0.00      0.00      0.00      0.00
12:46:53 PM      3.20     12.00      1.20      0.20     46.20      0.00      0.00      0.00      0.00      0.00
12:46:58 PM     24.00      0.00      3.40      2.40      1.60      0.00      0.00      0.00      0.00      0.00
12:47:03 PM      0.00      0.00      0.00      0.00      4.20      0.00      0.00      0.00      0.00      0.00
12:47:08 PM      0.00      0.00      0.00      0.00      4.00      0.00      0.00      0.00      0.00      0.00
12:47:13 PM      0.00     61.60      0.60      0.00      4.80      0.00      0.00      0.00      0.00      0.00
12:47:18 PM     22.40    117.60      0.00      0.00      3.80      0.00      0.00      0.00      0.00      0.00
12:47:23 PM      4.00      5.60      1.00      1.00      4.20      0.00      0.00      0.00      0.00      0.00
12:47:28 PM    461.60      0.00      6.20      2.00     16.40      0.00      0.00      0.00      0.00      0.00
12:47:33 PM     53.60      9.60      4.00      0.40     35.00      0.00      0.00      0.00      0.00      0.00
12:47:38 PM      0.00      2.40      0.00      0.00      4.40      0.00      0.00      0.00      0.00      0.00
12:47:43 PM      0.80      0.00      0.20      0.20     11.80      0.00      0.00      0.00      0.00      0.00
12:47:48 PM   1211.20     32.80    309.40     16.60    191.60      0.00      0.00      0.00      0.00      0.00
12:47:53 PM     28.80    128.80      0.20      0.00      8.60      0.00      0.00      0.00      0.00      0.00
12:47:58 PM     40.80      4.80      0.60      0.20      0.60      0.00      0.00      0.00      0.00      0.00
12:48:03 PM     13.60     14.40      1.00      0.20      5.80      0.00      0.00      0.00      0.00      0.00
12:48:08 PM      4.00      0.00      1.20      1.00      4.20      0.00      0.00      0.00      0.00      0.00
12:48:13 PM      0.00      0.00      0.00      0.00      3.80      0.00      0.00      0.00      0.00      0.00
12:48:18 PM      0.00      0.00      0.00      0.00      4.80      0.00      0.00      0.00      0.00      0.00
12:48:23 PM      0.00     38.40      0.00      0.00    209.60      0.00      0.00      0.00      0.00      0.00
12:48:28 PM     16.80    147.20      0.60      0.40     27.80      0.00      0.00      0.00      0.00      0.00
12:48:33 PM    154.40    375.20      6.40      0.40    184.00      0.00      0.00      0.00      0.00      0.00
12:48:38 PM    352.00      0.00     21.00      8.40      7.40      0.00      0.00      0.00      0.00      0.00
12:48:43 PM    136.80     18.40      9.20      0.60     26.40      0.00      0.00      0.00      0.00      0.00
12:48:48 PM      0.00     11.20      9.80      0.00      9.20      0.00      0.00      0.00      0.00      0.00
12:48:53 PM     63.20      0.00      4.00      0.60      8.40      0.00      0.00      0.00      0.00      0.00
12:48:58 PM      0.00     32.80      3.80      0.00      0.80      0.00      0.00      0.00      0.00      0.00
12:49:03 PM     67.20    117.60      7.80      7.60      9.40      0.00      0.00      0.00      0.00      0.00
12:49:08 PM      0.00      4.80      0.60      0.00     14.80      0.00      0.00      0.00      0.00      0.00
12:49:13 PM      0.00     28.80      0.00      0.00     27.40      0.00      0.00      0.00      0.00      0.00
12:49:18 PM      0.00      0.00      0.20      0.00      4.00      0.00      0.00      0.00      0.00      0.00
12:49:23 PM      0.00      0.80      0.40      0.00      4.20      0.00      0.00      0.00      0.00      0.00
12:49:28 PM    352.80      0.00     14.60      9.40      4.20      0.00      0.00      0.00      0.00      0.00
12:49:33 PM      0.00     38.40      0.00      0.00      3.80      0.00      0.00      0.00      0.00      0.00
12:49:38 PM     16.00     92.00      0.00      0.00      4.00      0.00      0.00      0.00      0.00      0.00
12:49:43 PM      0.00      4.00      0.00      0.00      3.80      0.00      0.00      0.00      0.00      0.00
12:49:48 PM      7.20      0.00      1.20      0.20      4.00      0.00      0.00      0.00      0.00      0.00
12:49:53 PM      0.00      0.00      0.00      0.00      4.20      0.00      0.00      0.00      0.00      0.00
12:49:58 PM      0.00      0.00      0.00      0.00      0.60      0.00      0.00      0.00      0.00      0.00
12:50:03 PM      0.00      0.00      0.00      0.00      4.00      0.00      0.00      0.00      0.00      0.00
12:50:08 PM      4.80     51.20      1.20      1.20    208.60      0.00      0.00      0.00      0.00      0.00
12:50:13 PM      6.40    130.40      0.00      0.00      4.00      0.00      0.00      0.00      0.00      0.00
12:50:18 PM      0.00      4.80      0.00      0.00      3.80      0.00      0.00      0.00      0.00      0.00
12:50:23 PM      0.00      0.00      0.00      0.00      4.20      0.00      0.00      0.00      0.00      0.00
12:50:28 PM      0.00      0.00      0.00      0.00      0.40      0.00      0.00      0.00      0.00      0.00
12:50:33 PM      0.00      0.00      0.00      0.00      4.00      0.00      0.00      0.00      0.00      0.00
12:50:38 PM      0.00      0.00      0.00      0.00      3.80      0.00      0.00      0.00      0.00      0.00
12:50:43 PM      0.00     38.40      0.00      0.00      3.80      0.00      0.00      0.00      0.00      0.00
12:50:48 PM     12.80    117.60      0.00      0.00      4.40      0.00      0.00      0.00      0.00      0.00
12:50:53 PM      0.00      5.60      0.00      0.00      4.00      0.00      0.00      0.00      0.00      0.00
12:50:58 PM      0.00      3.20      0.00      0.00      1.60      0.00      0.00      0.00      0.00      0.00
12:51:03 PM      0.00      0.00      0.80      0.00      4.20      0.00      0.00      0.00      0.00      0.00
12:51:08 PM      3.20      0.00      0.80      0.80      5.00      0.00      0.00      0.00      0.00      0.00
12:51:13 PM     20.80     14.40      8.00      0.40      5.00      0.00      0.00      0.00      0.00      0.00
12:51:18 PM      0.00     64.00      0.00      0.00      4.40      0.00      0.00      0.00      0.00      0.00
12:51:23 PM      0.00    156.00      0.40      0.00      4.40      0.00      0.00      0.00      0.00      0.00
12:51:28 PM      0.00      4.00      0.00      0.00      0.80      0.00      0.00      0.00      0.00      0.00
12:51:33 PM      0.00      0.00      0.00      0.00      4.20      0.00      0.00      0.00      0.00      0.00
12:51:38 PM      0.00      0.00      0.00      0.00      4.00      0.00      0.00      0.00      0.00      0.00
12:51:43 PM      9.60     24.80      0.00      0.00      4.00      0.00      0.00      0.00      0.00      0.00
12:51:48 PM      0.00      0.00      0.00      0.00      3.80      0.00      0.00      0.00      0.00      0.00
12:51:53 PM      0.00     70.40      1.00      0.00      4.60      0.00      0.00      0.00      0.00      0.00
12:51:58 PM      0.00    124.00      0.00      0.00      0.40      0.00      0.00      0.00      0.00      0.00
12:52:03 PM      0.00      4.80      0.00      0.00      4.00      0.00      0.00      0.00      0.00      0.00
12:52:08 PM      2.40      2.40      0.60      0.60     36.80      0.00      0.00      0.00      0.00      0.00
12:52:13 PM      0.00      0.00      0.00      0.00      3.80      0.00      0.00      0.00      0.00      0.00
12:52:18 PM      0.00      0.00      0.00      0.00      4.00      0.00      0.00      0.00      0.00      0.00
12:52:23 PM      0.80      0.00      0.20      0.20      4.00      0.00      0.00      0.00      0.00      0.00
12:52:28 PM   1379.20     32.00    326.00     19.00    195.20      0.00      0.00      0.00      0.00      0.00
12:52:33 PM      3.20    136.80      1.60      0.00      7.80      0.00      0.00      0.00      0.00      0.00
12:52:38 PM      0.00      4.00      0.00      0.00      4.20      0.00      0.00      0.00      0.00      0.00
12:52:43 PM      0.00      0.00      0.00      0.00      3.80      0.00      0.00      0.00      0.00      0.00
12:52:48 PM      0.00      0.00      0.00      0.00      4.00      0.00      0.00      0.00      0.00      0.00
12:52:53 PM     18.40      0.00    288.00      4.60    137.00      0.00      0.00      0.00      0.00      0.00
12:52:58 PM      0.00     40.80      0.00      0.00      0.40      0.00      0.00      0.00      0.00      0.00
12:53:03 PM      0.00     38.40      0.00      0.00      4.00      0.00      0.00      0.00      0.00      0.00
12:53:08 PM      0.00    111.20      0.00      0.00      4.00      0.00      0.00      0.00      0.00      0.00
12:53:13 PM      0.00      5.60      0.00      0.00      4.00      0.00      0.00      0.00      0.00      0.00
12:53:18 PM      0.00      0.00      0.40      0.00      3.80      0.00      0.00      0.00      0.00      0.00
12:53:23 PM      0.00      0.00      0.00      0.00      4.20      0.00      0.00      0.00      0.00      0.00
12:53:28 PM      0.00      0.00      0.40      0.00      0.40      0.00      0.00      0.00      0.00      0.00
12:53:33 PM      0.00      0.00      0.00      0.00      4.00      0.00      0.00      0.00      0.00      0.00
12:53:38 PM      0.00     32.00      0.00      0.00      3.80      0.00      0.00      0.00      0.00      0.00
12:53:43 PM      0.00    117.60      0.00      0.00      3.80      0.00      0.00      0.00      0.00      0.00
12:53:48 PM      0.00      4.00      0.00      0.00      4.00      0.00      0.00      0.00      0.00      0.00
12:53:53 PM      0.00      0.00      0.00      0.00      4.00      0.00      0.00      0.00      0.00      0.00
12:53:58 PM      0.00      0.00      0.00      0.00      0.60      0.00      0.00      0.00      0.00      0.00
12:54:03 PM      0.00      0.00      0.00      0.00      3.80      0.00      0.00      0.00      0.00      0.00
12:54:08 PM      0.00      0.00      0.00      0.00      4.00      0.00      0.00      0.00      0.00      0.00
12:54:13 PM      0.00     38.40      0.00      0.00      4.00      0.00      0.00      0.00      0.00      0.00
12:54:18 PM      0.00     92.00      0.00      0.00      3.80      0.00      0.00      0.00      0.00      0.00
12:54:23 PM      0.00      4.00      0.00      0.00      5.00      0.00      0.00      0.00      0.00      0.00
12:54:28 PM      0.00      0.00      0.40      0.00      0.40      0.00      0.00      0.00      0.00      0.00
12:54:33 PM      0.80      0.00      2.00      0.20      4.00      0.00      0.00      0.00      0.00      0.00
12:54:38 PM      0.00      0.00      0.00      0.00      3.80      0.00      0.00      0.00      0.00      0.00
12:54:43 PM      0.00      0.00      0.00      0.00      4.20      0.00      0.00      0.00      0.00      0.00
12:54:48 PM      0.00     32.00      0.00      0.00      3.80      0.00      0.00      0.00      0.00      0.00
12:54:53 PM      0.00    117.60      0.00      0.00      4.20      0.00      0.00      0.00      0.00      0.00
12:54:58 PM      0.00      5.60      0.00      0.00      0.40      0.00      0.00      0.00      0.00      0.00
12:55:03 PM      0.00      0.00      0.00      0.00      3.80      0.00      0.00      0.00      0.00      0.00
12:55:08 PM      0.00      0.00      0.00      0.00      4.00      0.00      0.00      0.00      0.00      0.00
12:55:13 PM      0.00      0.00      0.00      0.00      4.00      0.00      0.00      0.00      0.00      0.00
12:55:18 PM      0.00      0.00      0.00      0.00      4.00      0.00      0.00      0.00      0.00      0.00
12:55:23 PM      0.00     38.40      0.00      0.00      4.00      0.00      0.00      0.00      0.00      0.00
12:55:28 PM      0.00     92.00      0.00      0.00      0.60      0.00      0.00      0.00      0.00      0.00
12:55:33 PM      0.00      5.60      0.00      0.00      3.80      0.00      0.00      0.00      0.00      0.00
12:55:38 PM      0.00      0.00      0.00      0.00      4.00      0.00      0.00      0.00      0.00      0.00
12:55:43 PM      0.00      0.00      0.00      0.00      3.80      0.00      0.00      0.00      0.00      0.00
12:55:48 PM      0.00      0.00      0.00      0.00      3.80      0.00      0.00      0.00      0.00      0.00
12:55:53 PM      0.00      0.00      0.00      0.00      4.20      0.00      0.00      0.00      0.00      0.00
12:55:58 PM      0.00     32.00      0.00      0.00      0.60      0.00      0.00      0.00      0.00      0.00
12:56:03 PM      0.00    117.60      0.60      0.00      4.40      0.00      0.00      0.00      0.00      0.00
12:56:08 PM      0.00      4.00      0.00      0.00      4.60      0.00      0.00      0.00      0.00      0.00
12:56:13 PM      0.00     52.00      6.40      0.00      5.20      0.00      0.00      0.00      0.00      0.00
12:56:18 PM      0.00     14.40      6.00      0.00      4.20      0.00      0.00      0.00      0.00      0.00
12:56:23 PM      0.00      0.00      0.00      0.00      4.60      0.00      0.00      0.00      0.00      0.00
12:56:28 PM      0.00      0.00      0.00      0.00      0.60      0.00      0.00      0.00      0.00      0.00
12:56:33 PM      0.00     70.40      0.00      0.00      4.40      0.00      0.00      0.00      0.00      0.00
12:56:38 PM      0.00    124.00      0.00      0.00      4.00      0.00      0.00      0.00      0.00      0.00
12:56:43 PM      0.00     27.20      0.00      0.00      3.80      0.00      0.00      0.00      0.00      0.00
12:56:48 PM      0.00      0.00      0.00      0.00      4.00      0.00      0.00      0.00      0.00      0.00
12:56:53 PM      0.00      0.00      0.00      0.00      4.40      0.00      0.00      0.00      0.00      0.00
12:56:58 PM      0.00      0.00      0.00      0.00      0.60      0.00      0.00      0.00      0.00      0.00
12:57:03 PM      0.00     32.00      0.00      0.00      4.60      0.00      0.00      0.00      0.00      0.00
12:57:08 PM      0.00      0.00      0.00      0.00      3.80      0.00      0.00      0.00      0.00      0.00
12:57:13 PM      0.00    130.40      0.00      0.00      4.20      0.00      0.00      0.00      0.00      0.00
12:57:18 PM      0.00      4.00      0.00      0.00      3.80      0.00      0.00      0.00      0.00      0.00
12:57:23 PM      0.00      0.00      0.00      0.00      4.20      0.00      0.00      0.00      0.00      0.00
12:57:28 PM      0.00      0.00      0.00      0.00      0.40      0.00      0.00      0.00      0.00      0.00
12:57:33 PM      0.00      0.00      0.00      0.00      7.40      0.00      0.00      0.00      0.00      0.00
12:57:38 PM      0.00      0.00      0.00      0.00      3.80      0.00      0.00      0.00      0.00      0.00
12:57:43 PM      0.00     38.40      0.00      0.00      4.00      0.00      0.00      0.00      0.00      0.00
12:57:48 PM      0.00     92.00      0.00      0.00      4.60      0.00      0.00      0.00      0.00      0.00
12:57:53 PM      0.00      4.80      0.00      0.00      4.00      0.00      0.00      0.00      0.00      0.00
12:57:58 PM      0.00      0.00    280.00      0.00    208.40      0.00      0.00      0.00      0.00      0.00
12:58:03 PM      0.00      0.00      0.00      0.00      3.80      0.00      0.00      0.00      0.00      0.00
12:58:08 PM      0.00      0.00      0.00      0.00      4.00      0.00      0.00      0.00      0.00      0.00
12:58:13 PM      0.80      0.00      0.20      0.20      3.80      0.00      0.00      0.00      0.00      0.00
12:58:18 PM      0.00     32.00      0.00      0.00      4.20      0.00      0.00      0.00      0.00      0.00
12:58:23 PM      0.00    117.60      0.00      0.00      4.00      0.00      0.00      0.00      0.00      0.00
12:58:28 PM      0.00      6.40      0.00      0.00      0.80      0.00      0.00      0.00      0.00      0.00
12:58:33 PM      0.00      0.00      0.00      0.00      3.80      0.00      0.00      0.00      0.00      0.00
12:58:38 PM      0.00     46.40      0.00      0.00    286.20      0.00      0.00      0.00      0.00      0.00
12:58:43 PM      0.00      0.00      0.00      0.00      4.00      0.00      0.00      0.00      0.00      0.00
12:58:48 PM      0.80      0.00      0.20      0.20      5.20      0.00      0.00      0.00      0.00      0.00
12:58:53 PM      0.00     38.40      0.00      0.00      4.20      0.00      0.00      0.00      0.00      0.00
12:58:58 PM      6.40     92.00      0.00      0.00      1.60      0.00      0.00      0.00      0.00      0.00
12:59:03 PM      0.00      4.00      0.00      0.00      4.00      0.00      0.00      0.00      0.00      0.00
12:59:08 PM      0.00      0.00      0.00      0.00      3.80      0.00      0.00      0.00      0.00      0.00
12:59:13 PM      0.00      0.00      0.00      0.00      4.00      0.00      0.00      0.00      0.00      0.00
12:59:18 PM      0.00      0.00      0.00      0.00    311.20      0.00      0.00      0.00      0.00      0.00
12:59:23 PM      0.00      0.00      0.00      0.00      4.00      0.00      0.00      0.00      0.00      0.00
12:59:28 PM      0.80     32.00      0.20      0.20      0.80      0.00      0.00      0.00      0.00      0.00
12:59:33 PM      0.00    117.60      0.00      0.00      3.80      0.00      0.00      0.00      0.00      0.00
12:59:38 PM      0.00      4.80      0.00      0.00      4.00      0.00      0.00      0.00      0.00      0.00
12:59:43 PM      0.00      0.00      0.00      0.00      4.60      0.00      0.00      0.00      0.00      0.00
12:59:48 PM      0.00      0.00      0.00      0.00      4.00      0.00      0.00      0.00      0.00      0.00
12:59:53 PM      0.00      0.00      0.00      0.00      4.80      0.00      0.00      0.00      0.00      0.00
12:59:58 PM      0.00      0.00      0.00      0.00      0.40      0.00      0.00      0.00      0.00      0.00
01:00:03 PM      0.00     38.40      0.00      0.00      4.00      0.00      0.00      0.00      0.00      0.00
01:00:08 PM      0.00     92.00      0.00      0.00      3.80      0.00      0.00      0.00      0.00      0.00
01:00:13 PM      0.00      4.00      0.00      0.00      4.00      0.00      0.00      0.00      0.00      0.00
01:00:18 PM      0.00      0.00      0.00      0.00      4.00      0.00      0.00      0.00      0.00      0.00
01:00:23 PM      0.00      0.00      0.00      0.00      4.20      0.00      0.00      0.00      0.00      0.00
01:00:28 PM      0.00      0.00      0.00      0.00      0.40      0.00      0.00      0.00      0.00      0.00
01:00:33 PM      0.00      0.00      0.00      0.00      4.00      0.00      0.00      0.00      0.00      0.00
01:00:38 PM      0.00     31.94      0.00      0.00      3.79      0.00      0.00      0.00      0.00      0.00
01:00:43 PM      3.20    124.00      0.00      0.00      3.80      0.00      0.00      0.00      0.00      0.00
01:00:48 PM      0.00      4.80      0.00      0.00      4.00      0.00      0.00      0.00      0.00      0.00
01:00:53 PM      0.00      0.00      0.00      0.00      4.00      0.00      0.00      0.00      0.00      0.00
01:00:58 PM      0.00      0.00      0.00      0.00      0.80      0.00      0.00      0.00      0.00      0.00
01:01:03 PM      0.00      0.00      0.00      0.00      4.20      0.00      0.00      0.00      0.00      0.00
01:01:08 PM      0.00      0.00      0.00      0.00      4.80      0.00      0.00      0.00      0.00      0.00
01:01:13 PM      6.40     38.40      6.00      0.00      4.40      0.00      0.00      0.00      0.00      0.00
01:01:18 PM     22.40    182.40      0.20      0.00      6.40      0.00      0.00      0.00      0.00      0.00
01:01:23 PM      0.00     19.20      6.20      0.00      4.60      0.00      0.00      0.00      0.00      0.00
01:01:28 PM      0.00      0.00      0.00      0.00      1.60      0.00      0.00      0.00      0.00      0.00
01:01:33 PM      0.00      0.00      0.00      0.00      4.20      0.00      0.00      0.00      0.00      0.00
01:01:38 PM      0.00      0.00      0.00      0.00      3.80      0.00      0.00      0.00      0.00      0.00
01:01:43 PM      0.00     88.00      0.00      0.00      4.20      0.00      0.00      0.00      0.00      0.00
01:01:48 PM      0.00    156.00      0.00      0.00      3.80      0.00      0.00      0.00      0.00      0.00
01:01:53 PM      0.00      0.00      0.00      0.00      4.60      0.00      0.00      0.00      0.00      0.00
01:01:58 PM      0.00      4.00      0.00      0.00      0.40      0.00      0.00      0.00      0.00      0.00
01:02:03 PM      0.00      0.00      0.00      0.00      4.00      0.00      0.00      0.00      0.00      0.00
01:02:08 PM      0.00      0.00      0.00      0.00      3.80      0.00      0.00      0.00      0.00      0.00
01:02:13 PM      0.00     38.40      0.00      0.00      3.80      0.00      0.00      0.00      0.00      0.00
01:02:18 PM      0.00      0.00      0.00      0.00      4.00      0.00      0.00      0.00      0.00      0.00
01:02:23 PM      0.00      0.00      0.00      0.00      4.20      0.00      0.00      0.00      0.00      0.00
01:02:28 PM      0.00     92.00      0.00      0.00      0.60      0.00      0.00      0.00      0.00      0.00
01:02:33 PM      0.00      5.60      0.00      0.00      7.60      0.00      0.00      0.00      0.00      0.00
01:02:38 PM      0.00      0.00      0.00      0.00      4.00      0.00      0.00      0.00      0.00      0.00
01:02:43 PM      0.00      0.00      0.00      0.00      3.80      0.00      0.00      0.00      0.00      0.00
01:02:48 PM      0.00      0.00      0.00      0.00      4.00      0.00      0.00      0.00      0.00      0.00
01:02:53 PM      0.00      0.00      0.00      0.00      4.00      0.00      0.00      0.00      0.00      0.00
01:02:58 PM    156.00     32.00    284.20      2.00    209.20      0.00      0.00      0.00      0.00      0.00
01:03:03 PM      9.60    143.20      0.00      0.00      4.00      0.00      0.00      0.00      0.00      0.00
01:03:08 PM      0.00      4.80      0.00      0.00      3.80      0.00      0.00      0.00      0.00      0.00
01:03:13 PM      0.00      0.00      0.00      0.00      4.00      0.00      0.00      0.00      0.00      0.00
01:03:18 PM      0.00      0.00      0.00      0.00      3.80      0.00      0.00      0.00      0.00      0.00
01:03:23 PM      0.00     40.80      0.00      0.00    253.20      0.00      0.00      0.00      0.00      0.00
01:03:28 PM     80.80      0.00      0.60      0.20      1.20      0.00      0.00      0.00      0.00      0.00
01:03:33 PM      0.00     38.40      0.00      0.00      4.00      0.00      0.00      0.00      0.00      0.00
01:03:38 PM      6.40     92.00      0.00      0.00      5.20      0.00      0.00      0.00      0.00      0.00
01:03:43 PM      0.00      4.00      0.00      0.00      3.80      0.00      0.00      0.00      0.00      0.00
01:03:48 PM      0.80      0.00      0.40      0.20      4.00      0.00      0.00      0.00      0.00      0.00
01:03:53 PM      0.00      0.00      0.00      0.00      4.00      0.00      0.00      0.00      0.00      0.00
01:03:58 PM      0.00      0.00      0.00      0.00      0.60      0.00      0.00      0.00      0.00      0.00
01:04:03 PM      0.00      0.00      0.00      0.00      3.80      0.00      0.00      0.00      0.00      0.00
01:04:08 PM      1.60     32.00      0.40      0.40      4.00      0.00      0.00      0.00      0.00      0.00
01:04:13 PM      3.20    124.00      0.00      0.00      4.40      0.00      0.00      0.00      0.00      0.00
01:04:18 PM      0.00      4.80      0.00      0.00      3.80      0.00      0.00      0.00      0.00      0.00
01:04:23 PM      0.00      0.00      0.00      0.00      4.40      0.00      0.00      0.00      0.00      0.00
01:04:28 PM      0.80      0.00      0.60      0.20      1.40      0.00      0.00      0.00      0.00      0.00
01:04:33 PM      0.00      0.00      0.00      0.00      4.00      0.00      0.00      0.00      0.00      0.00
01:04:38 PM      0.00      0.00      0.00      0.00      3.80      0.00      0.00      0.00      0.00      0.00
01:04:43 PM      0.00     38.40      0.00      0.00      4.00      0.00      0.00      0.00      0.00      0.00
01:04:48 PM      0.00     92.00      0.00      0.00      3.80      0.00      0.00      0.00      0.00      0.00
01:04:53 PM      0.00      4.00      0.00      0.00      4.20      0.00      0.00      0.00      0.00      0.00
01:04:58 PM      0.00      0.00      0.00      0.00      0.40      0.00      0.00      0.00      0.00      0.00
01:05:03 PM      0.00      0.00      0.00      0.00      4.60      0.00      0.00      0.00      0.00      0.00
01:05:08 PM      0.00      0.00      0.00      0.00      4.00      0.00      0.00      0.00      0.00      0.00
01:05:13 PM      0.00      0.00      0.00      0.00      3.80      0.00      0.00      0.00      0.00      0.00
01:05:18 PM      0.00     32.00      0.00      0.00      4.80      0.00      0.00      0.00      0.00      0.00
01:05:23 PM      0.00    124.00      0.00      0.00      4.00      0.00      0.00      0.00      0.00      0.00
01:05:28 PM      0.00      4.00      0.00      0.00      0.80      0.00      0.00      0.00      0.00      0.00
01:05:33 PM      0.00      0.00      0.00      0.00      3.80      0.00      0.00      0.00      0.00      0.00
01:05:38 PM      0.00      0.00      0.00      0.00      4.00      0.00      0.00      0.00      0.00      0.00
01:05:43 PM      0.00      0.00      0.00      0.00      3.80      0.00      0.00      0.00      0.00      0.00
01:05:48 PM      0.00      0.00      0.00      0.00      3.80      0.00      0.00      0.00      0.00      0.00
01:05:53 PM      0.00     38.40      0.00      0.00      4.00      0.00      0.00      0.00      0.00      0.00
01:05:58 PM      0.00     92.00      0.00      0.00      0.80      0.00      0.00      0.00      0.00      0.00
01:06:03 PM      0.00      7.20      0.00      0.00      4.40      0.00      0.00      0.00      0.00      0.00
01:06:08 PM      0.00      0.00      0.00      0.00      4.60      0.00      0.00      0.00      0.00      0.00
01:06:13 PM      4.00      0.00      6.40      0.20      4.80      0.00      0.00      0.00      0.00      0.00
01:06:18 PM      0.00      0.00      0.00      0.00      4.20      0.00      0.00      0.00      0.00      0.00
01:06:23 PM      6.40     44.80      5.60      0.00      5.80      0.00      0.00      0.00      0.00      0.00
01:06:28 PM      0.00     64.00      0.00      0.00      1.40      0.00      0.00      0.00      0.00      0.00
01:06:33 PM      0.00    156.00      1.80      0.00      4.20      0.00      0.00      0.00      0.00      0.00
01:06:38 PM      0.00      4.00      0.00      0.00      4.00      0.00      0.00      0.00      0.00      0.00
01:06:43 PM      0.00     23.20      0.00      0.00      3.80      0.00      0.00      0.00      0.00      0.00
01:06:48 PM      0.00      0.00      0.00      0.00      4.00      0.00      0.00      0.00      0.00      0.00
01:06:53 PM      0.00      0.00      0.00      0.00      4.20      0.00      0.00      0.00      0.00      0.00
01:06:58 PM      0.00      0.00      0.00      0.00      0.80      0.00      0.00      0.00      0.00      0.00
01:07:03 PM      0.00    143.20      0.00      0.00      3.80      0.00      0.00      0.00      0.00      0.00
01:07:08 PM      0.00      0.00      0.00      0.00      3.80      0.00      0.00      0.00      0.00      0.00
01:07:13 PM      0.00      4.80      0.00      0.00      4.00      0.00      0.00      0.00      0.00      0.00
01:07:18 PM      0.00      0.00      0.00      0.00      3.80      0.00      0.00      0.00      0.00      0.00
01:07:23 PM      0.00      0.00      0.00      0.00      4.00      0.00      0.00      0.00      0.00      0.00
01:07:28 PM      0.00      0.00      0.00      0.00      0.80      0.00      0.00      0.00      0.00      0.00
01:07:33 PM      0.00      0.00      0.00      0.00      7.40      0.00      0.00      0.00      0.00      0.00
01:07:38 PM      0.00      0.00      0.00      0.00      3.80      0.00      0.00      0.00      0.00      0.00
01:07:43 PM      0.00    194.40      0.00      0.00      4.00      0.00      0.00      0.00      0.00      0.00
01:07:48 PM      0.00      4.00      0.00      0.00      3.80      0.00      0.00      0.00      0.00      0.00
01:07:53 PM      0.00      0.00      0.00      0.00      3.80      0.00      0.00      0.00      0.00      0.00
01:07:58 PM     62.40      0.00    286.00      1.20    215.20      0.00      0.00      0.00      0.00      0.00
01:08:03 PM      0.00      0.00      0.00      0.00      3.80      0.00      0.00      0.00      0.00      0.00
01:08:08 PM      0.00      0.00      0.00      0.00      4.00      0.00      0.00      0.00      0.00      0.00
01:08:13 PM      0.00      0.00      0.00      0.00      3.80      0.00      0.00      0.00      0.00      0.00
01:08:18 PM      0.00    124.00      0.00      0.00      4.00      0.00      0.00      0.00      0.00      0.00
01:08:23 PM      0.00      4.80      0.00      0.00      3.80      0.00      0.00      0.00      0.00      0.00
01:08:28 PM      0.00      0.00      0.00      0.00      0.80      0.00      0.00      0.00      0.00      0.00
01:08:33 PM      0.00      0.00      0.00      0.00      4.00      0.00      0.00      0.00      0.00      0.00
01:08:38 PM      0.00      0.00      0.00      0.00      3.80      0.00      0.00      0.00      0.00      0.00
01:08:43 PM      0.00      0.00      0.00      0.00      4.00      0.00      0.00      0.00      0.00      0.00
01:08:48 PM      0.00     32.00      0.00      0.00      3.80      0.00      0.00      0.00      0.00      0.00
01:08:53 PM      0.00    117.60      0.00      0.00      4.00      0.00      0.00      0.00      0.00      0.00
01:08:58 PM      0.00      4.00      0.00      0.00      0.60      0.00      0.00      0.00      0.00      0.00
01:09:03 PM      0.00      0.00      0.00      0.00      4.00      0.00      0.00      0.00      0.00      0.00
01:09:08 PM      0.00      0.00      0.00      0.00      3.80      0.00      0.00      0.00      0.00      0.00
01:09:13 PM      0.00      0.00      0.00      0.00      3.80      0.00      0.00      0.00      0.00      0.00
01:09:18 PM      0.00      0.00      0.00      0.00      4.80      0.00      0.00      0.00      0.00      0.00
01:09:23 PM      0.00     38.40      0.00      0.00      3.80      0.00      0.00      0.00      0.00      0.00
01:09:28 PM      0.00     92.00      0.00      0.00      0.80      0.00      0.00      0.00      0.00      0.00
01:09:33 PM      0.00      5.60      0.00      0.00      4.00      0.00      0.00      0.00      0.00      0.00
01:09:38 PM      0.00      0.00      0.00      0.00      4.00      0.00      0.00      0.00      0.00      0.00
01:09:43 PM      0.00      0.00      0.00      0.00      3.80      0.00      0.00      0.00      0.00      0.00
01:09:48 PM      0.00      0.00      0.00      0.00      4.00      0.00      0.00      0.00      0.00      0.00
01:09:53 PM      0.00      0.00      0.00      0.00      3.80      0.00      0.00      0.00      0.00      0.00
01:09:58 PM      0.00     32.00      0.00      0.00      0.60      0.00      0.00      0.00      0.00      0.00
01:10:03 PM      0.00    117.60      0.00      0.00      4.00      0.00      0.00      0.00      0.00      0.00
01:10:08 PM      0.00      4.00      0.00      0.00      3.80      0.00      0.00      0.00      0.00      0.00
01:10:13 PM      0.00      0.00      0.00      0.00      4.00      0.00      0.00      0.00      0.00      0.00
01:10:18 PM      0.00      0.00      0.00      0.00      3.80      0.00      0.00      0.00      0.00      0.00
01:10:23 PM      0.00      0.00      0.00      0.00      4.00      0.00      0.00      0.00      0.00      0.00
01:10:28 PM      0.00      0.00    544.00      0.00      0.60      0.00      0.00      0.00      0.00      0.00
01:10:33 PM      0.00     38.40      0.00      0.00      4.20      0.00      0.00      0.00      0.00      0.00
01:10:38 PM      0.00     92.00      0.00      0.00      3.80      0.00      0.00      0.00      0.00      0.00
01:10:43 PM      0.00      4.80      0.00      0.00      3.80      0.00      0.00      0.00      0.00      0.00
01:10:48 PM      0.00      0.00      0.00      0.00      4.00      0.00      0.00      0.00      0.00      0.00
01:10:53 PM      0.00      0.00      0.00      0.00      3.80      0.00      0.00      0.00      0.00      0.00
01:10:58 PM      0.00  78643.20    399.60      0.00  19661.80      0.00      0.00      0.00      0.00      0.00
01:11:03 PM      0.00  30720.00      0.00      0.00   7684.20      0.00      0.00      0.00      0.00      0.00
01:11:08 PM      0.00   4537.60      0.00      0.00   1131.20      0.00      0.00      0.00      0.00      0.00
01:11:13 PM      0.00  23055.20      6.00      0.00   5738.40      0.00      0.00      0.00      0.00      0.00
01:11:18 PM      0.00  27448.00      0.00      0.00   6865.20      0.00      0.00      0.00      0.00      0.00
01:11:23 PM      0.00   9472.80      0.20      0.00   2360.20      0.00      0.00      0.00      0.00      0.00
01:11:28 PM     34.40  49220.80   2091.60      1.00  15026.60  14642.80      0.00   2639.20      0.00      0.00
01:11:33 PM     60.80     14.40      8.00      0.60      4.40      0.00      0.00      0.00      0.00      0.00
01:11:38 PM      0.80      0.00      0.80      0.20      4.00      0.00      0.00      0.00      0.00      0.00
01:11:43 PM      3.20    230.40      0.00      0.00      4.60      0.00      0.00      0.00      0.00      0.00
01:11:48 PM      0.00      0.00      0.00      0.00      3.80      0.00      0.00      0.00      0.00      0.00
01:11:53 PM      0.00      4.00      0.00      0.00      4.00      0.00      0.00      0.00      0.00      0.00
01:11:58 PM 155385.60 184351.20  38830.20  38830.00  49566.40 188012.80      0.00  38814.60      0.00      0.00
01:12:03 PM    185.60      0.00      1.20      1.00      4.20      0.00      0.00      0.00      0.00      0.00
01:12:08 PM      2.40      0.00      0.60      0.60      3.80      0.00      0.00      0.00      0.00      0.00
01:12:13 PM      0.00      0.00      0.00      0.00      3.80      0.00      0.00      0.00      0.00      0.00
01:12:18 PM      0.00     32.00      0.00      0.00      4.00      0.00      0.00      0.00      0.00      0.00
01:12:23 PM      3.20  55413.60      0.00      0.00  13827.80      0.00      0.00      0.00      0.00      0.00
01:12:28 PM 167149.60  80508.00  41783.20  41783.20  20297.60  27329.00      0.00  20175.00      0.00      0.00
01:12:33 PM    307.39      0.00      4.59      3.59     10.38      0.00      0.00      0.00      0.00      0.00
01:12:38 PM      0.00      0.00      0.00      0.00      4.20      0.00      0.00      0.00      0.00      0.00
01:12:43 PM      0.00      0.00      0.00      0.00      3.80      0.00      0.00      0.00      0.00      0.00
01:12:48 PM      0.00      0.00      0.00      0.00      3.80      0.00      0.00      0.00      0.00      0.00
01:12:53 PM      0.00     38.40      0.40      0.00      4.00      0.00      0.00      0.00      0.00      0.00
01:12:58 PM  79852.00  42672.80  18581.60  18294.00  17728.60 253061.80   1078.40  15668.60      0.00      0.00
01:13:03 PM    401.60      4.80      3.00      1.00      4.00      0.00      0.00      0.00      0.00      0.00
01:13:08 PM    152.80      0.00      2.20     35.80    414.20      0.00      0.00      0.00      0.00      0.00
01:13:13 PM     20.00      0.00      0.40      0.20      4.60      0.00      0.00      0.00      0.00      0.00
01:13:18 PM    496.80   8579.20     96.60    124.20   2465.60   5847.00      0.00   2154.00      0.00      0.00
01:13:23 PM      0.00      0.00      0.20      0.00      4.00      0.00      0.00      0.00      0.00      0.00
01:13:28 PM  56182.40  60912.80  13951.40  13979.20  15593.80  15398.40      0.00  15220.20      0.00      0.00
01:13:33 PM     12.80    130.40      0.00      0.00      3.80      0.00      0.00      0.00      0.00      0.00
01:13:38 PM    928.80      7.20      6.00     31.60    312.60      0.00      0.00      0.00      0.00      0.00
01:13:43 PM    487.20      0.00      1.20      1.20      3.80      0.00      0.00      0.00      0.00      0.00
01:13:48 PM     40.00      0.00      0.40     10.00    106.60      0.00      0.00      0.00      0.00      0.00
01:13:53 PM      0.00      0.00      0.00      0.00      3.80      0.00      0.00      0.00      0.00      0.00
01:13:58 PM 118486.40 109059.20  29592.00  29621.60  27738.80  29363.20      0.00  27251.60      0.00      0.00
01:14:03 PM      0.00      0.00      0.00      0.00      3.80      0.00      0.00      0.00      0.00      0.00
01:14:08 PM    491.20    111.20     79.00     61.80     10.20      0.00      0.00      0.00      0.00      0.00
01:14:13 PM      2.40      0.00      0.60      0.60      4.80      0.00      0.00      0.00      0.00      0.00
01:14:18 PM    212.00  14152.80      0.00     53.00   4077.40   4774.40      0.00   3560.60      0.00      0.00
01:14:23 PM      0.00      0.00      0.00      0.00      4.00      0.00      0.00      0.00      0.00      0.00
01:14:28 PM 107409.60 100764.80  26865.60  26862.80  25995.40  31498.00   1011.80  25835.00      0.00      0.00
01:14:33 PM    363.20      0.00      3.20      1.60      4.00      0.00      0.00      0.00      0.00      0.00
01:14:38 PM     23.20      0.00      5.80      5.80      5.60      0.00      0.00      0.00      0.00      0.00
01:14:43 PM      0.00      0.00      0.00      0.00      4.00      0.00      0.00      0.00      0.00      0.00
01:14:48 PM      0.00      0.00      0.00      0.00      3.80      0.00      0.00      0.00      0.00      0.00
01:14:53 PM      0.80    160.00      0.20      0.20      4.00      0.00      0.00      0.00      0.00      0.00
01:14:58 PM  25304.80  20238.40   6306.20   6335.60   5399.80   5107.20      0.00   5076.20      0.00      0.00
01:15:03 PM      0.80      0.00      0.40      0.20      3.80      0.00      0.00      0.00      0.00      0.00
01:15:08 PM      0.00      0.00      0.00      0.00      4.00      0.00      0.00      0.00      0.00      0.00
01:15:13 PM     44.80      0.00      0.20     11.20    106.40      0.00      0.00      0.00      0.00      0.00
01:15:18 PM      0.80      0.00      0.20      0.20      4.00      0.00      0.00      0.00      0.00      0.00
01:15:23 PM     78.40      0.00      0.40     19.60    209.00      0.00      0.00      0.00      0.00      0.00
01:15:28 PM  53477.60  56704.80  13380.00  13379.80  15421.00 125816.40      0.00  15341.40      0.00      0.00
01:15:33 PM     28.00      0.00      0.40      0.40      3.80      0.00      0.00      0.00      0.00      0.00
01:15:38 PM      0.00      0.00      0.00      0.00      3.80      0.00      0.00      0.00      0.00      0.00
01:15:43 PM      0.80      0.00      0.20      0.20      4.20      0.00      0.00      0.00      0.00      0.00
01:15:48 PM      0.00      0.00      0.00      0.00      3.80      0.00      0.00      0.00      0.00      0.00
01:15:53 PM     88.80      0.00      0.00     22.20    299.40      0.00      0.00      0.00      0.00      0.00
01:15:58 PM 108558.40  99520.80  27027.20  27026.60  25306.60  28156.40      0.00  25141.40      0.00      0.00
01:16:03 PM   3762.40      0.00     69.60     57.20      5.80      0.00      0.00      0.00      0.00      0.00
01:16:08 PM   1113.60      0.00    172.80    168.60     13.00      0.00      0.00      0.00      0.00      0.00
01:16:13 PM   4536.00   6307.20     21.60      6.60   1620.20   1598.00     25.80   1611.20      0.00      0.00
01:16:18 PM    577.60      0.00     13.20     11.00      5.00      0.00      0.00      0.00      0.00      0.00
01:16:23 PM    108.80      0.00      0.60      0.60      4.20      0.00      0.00      0.00      0.00      0.00
01:16:28 PM  88138.40  91130.40  21573.20  21570.00  23659.20  41910.40      0.00  23589.00      0.00      0.00
01:16:33 PM    881.60    160.80      5.00     43.80    441.80      0.00      0.00      0.00      0.00      0.00
01:16:38 PM      0.00      0.00      0.40      0.00      4.00      0.00      0.00      0.00      0.00      0.00
01:16:43 PM   1151.20     24.00     23.80     54.20    418.80      0.00      0.00      0.00      0.00      0.00
01:16:48 PM      0.00      0.00      0.00      0.00      4.00      0.00      0.00      0.00      0.00      0.00
01:16:53 PM    160.00      0.00      0.80     40.00    414.20      0.00      0.00      0.00      0.00      0.00
01:16:58 PM  85870.40  76381.60  21475.60  21475.60  21251.40  80145.40      0.00  21098.00      0.00      0.00
01:17:03 PM     47.20    117.60      0.40      0.40      3.80      0.00      0.00      0.00      0.00      0.00
01:17:08 PM    803.20      5.60      1.00      0.20      3.80      0.00      0.00      0.00      0.00      0.00
01:17:13 PM    988.80      0.00      2.00      0.60      4.00      0.00      0.00      0.00      0.00      0.00
01:17:18 PM      0.00      0.00      0.00      0.00      3.80      0.00      0.00      0.00      0.00      0.00
01:17:23 PM      0.00      0.00      0.00      0.00      4.00      0.00      0.00      0.00      0.00      0.00
01:17:28 PM  19372.80  31600.80   4834.00   4833.80   8870.80  10437.40      0.00   8826.80      0.00      0.00
01:17:33 PM   4449.60    104.80     68.80     40.00     26.20      0.00      0.00      0.00      0.00      0.00
01:17:38 PM      0.00      0.00      0.00      0.00      3.80      0.00      0.00      0.00      0.00      0.00
01:17:43 PM      0.00      4.00      0.00      0.00      4.20      0.00      0.00      0.00      0.00      0.00
01:17:48 PM      0.00      0.00      0.00      0.00      4.60      0.00      0.00      0.00      0.00      0.00
01:17:53 PM      0.00      0.00      0.00      0.00      3.80      0.00      0.00      0.00      0.00      0.00
01:17:58 PM 108000.00  94348.00  26605.60  26303.60  24487.60 154212.60     12.80  24118.00      0.00      0.00
01:18:03 PM     31.20      0.00      0.40      0.40      3.80      0.00      0.00      0.00      0.00      0.00
01:18:08 PM    276.80      0.00     84.20     72.20     13.80      0.00      0.00      0.00      0.00      0.00
01:18:13 PM     28.80    156.00      0.80      0.80      3.80      0.00      0.00      0.00      0.00      0.00
01:18:18 PM      0.00      4.00      0.00      0.00      4.00      0.00      0.00      0.00      0.00      0.00
01:18:23 PM      0.00      0.00      0.00      0.00      3.80      0.00      0.00      0.00      0.00      0.00
01:18:28 PM  63903.20  60831.20  15973.80  15973.40  15264.60  15686.20     25.60  15228.40      0.00      0.00
01:18:33 PM    164.00      0.00      0.80     41.00    414.40      0.00      0.00      0.00      0.00      0.00
01:18:38 PM      0.00      0.00      0.00      0.00      3.80      0.00      0.00      0.00      0.00      0.00
01:18:43 PM      0.80     32.00      0.20      0.20      5.00      0.00      0.00      0.00      0.00      0.00
01:18:48 PM     33.60    113.60      0.20      8.40    326.20    276.20      0.00    219.60      0.00      0.00
01:18:53 PM      0.00      4.80      0.00      0.00      4.00      0.00      0.00      0.00      0.00      0.00
01:18:58 PM  76715.20  84289.60  19044.60  19099.00  23035.00  24298.20      0.00  22359.60      0.00      0.00
01:19:03 PM     40.80      0.00     10.40     10.20      4.20      0.00      0.00      0.00      0.00      0.00
01:19:08 PM    228.80      0.00      2.60      1.00      3.80      0.00      0.00      0.00      0.00      0.00
01:19:13 PM    446.40      0.00      8.20      8.00     13.60      0.00      0.00      0.00      0.00      0.00
01:19:18 PM     19.20     38.40      4.80      4.80      4.40      0.00      0.00      0.00      0.00      0.00
01:19:23 PM     10.40    111.20      0.20      0.20      3.80      0.00      0.00      0.00      0.00      0.00
01:19:28 PM  19159.20  13315.20   4377.60   4376.60   3386.60   3485.20      0.00   3367.80      0.00      0.00
01:19:33 PM    632.00      0.00      0.40      0.40      3.80      0.00      0.00      0.00      0.00      0.00
01:19:38 PM      0.00      0.00      0.00      0.00      4.00      0.00      0.00      0.00      0.00      0.00
01:19:43 PM      8.80      0.00      2.20      2.20      3.80      0.00      0.00      0.00      0.00      0.00
01:19:48 PM      0.00      0.00      0.00      0.00      4.20      0.00      0.00      0.00      0.00      0.00
01:19:53 PM      0.80     32.00      0.20      0.20      3.80      0.00      0.00      0.00      0.00      0.00
01:19:58 PM 105104.99 100155.69  25824.55  25817.37  26659.68  69192.22     35.33  26541.92      0.00      0.00
01:20:03 PM     51.30      4.01      8.02      1.00      4.81      0.00      0.00      0.00      0.00      0.00
01:20:08 PM   2977.60   3600.80    151.60    132.60    936.00   2682.80      0.00    924.60      0.00      0.00
01:20:13 PM      1.60      0.00      0.40      0.40      4.00      0.00      0.00      0.00      0.00      0.00
01:20:18 PM      0.00      0.00      0.00      0.00      3.80      0.00      0.00      0.00      0.00      0.00
01:20:23 PM    114.40      0.00      4.20      2.40      4.00      0.00      0.00      0.00      0.00      0.00
01:20:28 PM  46562.40  53667.20  11636.80  11635.60  13612.60  78104.60      0.00  13587.80      0.00      0.00
01:20:33 PM      9.60    111.20      0.00      0.00      4.00      0.00      0.00      0.00      0.00      0.00
01:20:38 PM    153.60      0.00      0.80     38.40    414.20      0.00      0.00      0.00      0.00      0.00
01:20:43 PM     79.20      0.00      0.40      0.40      3.80      0.00      0.00      0.00      0.00      0.00
01:20:48 PM    125.60      0.00      0.80     31.40    414.60      0.00      0.00      0.00      0.00      0.00
01:20:53 PM      2.40      0.00      2.40      0.60      3.80      0.00      0.00      0.00      0.00      0.00
01:20:58 PM  73748.80  75128.80  18358.20  18355.40  19007.00  31629.60     89.80  18929.80      0.00      0.00
01:21:03 PM   1429.60      5.60     57.60     40.20      6.80      0.00      0.00      0.00      0.00      0.00
01:21:08 PM    560.00      0.00      6.80      5.20      4.80      0.00      0.00      0.00      0.00      0.00
01:21:13 PM   4248.00      0.00     33.60     14.80     14.00      0.00      0.00      0.00      0.00      0.00
01:21:18 PM    102.40      0.00     28.40     24.80      5.20      0.00      0.00      0.00      0.00      0.00
01:21:23 PM     13.60      0.00      0.20      0.20      5.00      0.00      0.00      0.00      0.00      0.00
01:21:28 PM  67027.20  59760.00  16414.60  16414.60  16121.40  69927.00      0.00  16039.40      0.00      0.00
01:21:33 PM   2516.00    165.60     24.60     10.20     20.60      0.00      0.00      0.00      0.00      0.00
01:21:38 PM      1.60      0.00      0.40      0.40      3.80      0.00      0.00      0.00      0.00      0.00
01:21:43 PM    716.00   4765.60     23.00     15.80   1225.40   3781.80      0.00   1216.20      0.00      0.00
01:21:48 PM      0.00      0.00      0.00      0.00      4.00      0.00      0.00      0.00      0.00      0.00
01:21:53 PM      0.00      0.00      0.00      0.00      4.00      0.00      0.00      0.00      0.00      0.00
01:21:58 PM  41601.60  48923.20  10384.20  10384.20  12496.20  59384.80      0.00  12458.40      0.00      0.00
01:22:03 PM      3.20    247.20      0.00      0.00      3.80      0.00      0.00      0.00      0.00      0.00
01:22:08 PM    635.20      0.00    173.20    158.20     15.00      0.00      0.00      0.00      0.00      0.00
01:22:13 PM      0.00      0.00      0.00      0.00      3.80      0.00      0.00      0.00      0.00      0.00
01:22:18 PM      0.00      0.00      0.00      0.00      3.99      0.00      0.00      0.00      0.00      0.00
01:22:23 PM      0.00      0.00      0.00      0.00      3.80      0.00      0.00      0.00      0.00      0.00
01:22:28 PM 111202.40  94571.20  27782.80  27782.20  25130.80  86676.40      0.00  24972.80      0.00      0.00
01:22:33 PM   2354.40      0.00     47.00     84.00    627.20      0.00      0.00      0.00      0.00      0.00
01:22:38 PM      0.00      4.80      0.00      0.00      4.00      0.00      0.00      0.00      0.00      0.00
01:22:43 PM    193.60  19924.80      1.00     48.40   5507.80   5874.00      0.00   4991.00      0.00      0.00
01:22:48 PM      0.00      0.00      0.00      0.00      3.80      0.00      0.00      0.00      0.00      0.00
01:22:53 PM    163.20      0.00      0.80     40.80    414.60      0.00      0.00      0.00      0.00      0.00
01:22:58 PM  91542.40  74162.40  22853.00  22851.40  19455.00  24827.80     36.80  19335.00      0.00      0.00
01:23:03 PM   3280.00    124.00    335.40     39.80    242.20      0.00      0.00      0.00      0.00      0.00
01:23:08 PM      0.00      0.00      0.00      0.00      3.80      0.00      0.00      0.00      0.00      0.00
01:23:13 PM      0.00      4.00      0.00      0.00      4.00      0.00      0.00      0.00      0.00      0.00
01:23:18 PM      0.00      0.00      0.00      0.00      3.80      0.00      0.00      0.00      0.00      0.00
01:23:23 PM      0.00      0.00      0.00      0.00      4.00      0.00      0.00      0.00      0.00      0.00
01:23:28 PM  46553.60  42584.80  11630.40  11630.20  11824.80  12406.80     32.40  11800.00      0.00      0.00
01:23:33 PM    859.20      0.00     11.20     11.20      4.60      0.00      0.00      0.00      0.00      0.00
01:23:38 PM      0.00      0.00      0.00      0.00      4.00      0.00      0.00      0.00      0.00      0.00
01:23:43 PM     15.20    156.00      0.60      0.60      3.80      0.00      0.00      0.00      0.00      0.00
01:23:48 PM      0.00      4.80      0.00      0.00      4.00      0.00      0.00      0.00      0.00      0.00
01:23:53 PM      0.00      0.00      0.00      0.00      4.00      0.00      0.00      0.00      0.00      0.00
01:23:58 PM   7369.60  20151.20   1842.40   1842.40   5160.40   5623.20      0.00   5155.60      0.00      0.00
01:24:03 PM      0.00      0.00      0.00      0.00      3.80      0.00      0.00      0.00      0.00      0.00
01:24:08 PM   3937.60      0.00    209.00    190.40     52.60      0.00      0.00      0.00      0.00      0.00
01:24:13 PM      0.80     32.00      0.20      0.20      3.80      0.00      0.00      0.00      0.00      0.00
01:24:18 PM      0.00     98.40      0.00      0.00      3.80      0.00      0.00      0.00      0.00      0.00
01:24:23 PM      0.00      5.60      0.00      0.00      4.00      0.00      0.00      0.00      0.00      0.00
01:24:28 PM  61661.60  51745.60  15432.80  15432.60  13266.00  13337.40      0.00  13184.40      0.00      0.00
01:24:33 PM    176.00    352.00      0.80     44.00    505.20      0.00      0.00     90.80      0.00      0.00
01:24:38 PM      0.00      0.00      0.00      0.00      3.80      0.00      0.00      0.00      0.00      0.00
01:24:43 PM    181.60      0.00      1.40     45.40    517.00      0.00      0.00      0.00      0.00      0.00
01:24:48 PM      0.00     38.40      0.00      0.00      3.80      0.00      0.00      0.00      0.00      0.00
01:24:53 PM    116.80    111.20      0.80     26.80    417.00      0.00      0.00      0.00      0.00      0.00
01:24:58 PM  71014.40  64892.80  17785.20  17785.20  17436.80  66104.60    438.80  17396.80      0.00      0.00
01:25:03 PM      4.00      0.00      0.00      0.00      3.80      0.00      0.00      0.00      0.00      0.00
01:25:08 PM      0.00      0.00      0.00      0.00      4.00      0.00      0.00      0.00      0.00      0.00
01:25:13 PM    708.80      0.00      0.40      0.40      3.80      0.00      0.00      0.00      0.00      0.00
01:25:18 PM      0.00      0.00      0.00      0.00      4.00      0.00      0.00      0.00      0.00      0.00
01:25:23 PM      0.80     32.00      0.40      0.20      3.80      0.00      0.00      0.00      0.00      0.00
01:25:28 PM  51003.20  56359.20  12761.40  12761.40  14756.60 119831.60      0.00  14698.60      0.00      0.00
01:25:33 PM      9.60      4.80      0.00      0.00      3.80      0.00      0.00      0.00      0.00      0.00
01:25:38 PM      0.00      0.00      0.00      0.00      3.80      0.00      0.00      0.00      0.00      0.00
01:25:43 PM   1932.00      0.00      3.80      1.80      4.00      0.00      0.00      0.00      0.00      0.00
01:25:48 PM      0.00      0.00      0.00      0.00      3.80      0.00      0.00      0.00      0.00      0.00
01:25:53 PM      0.00      0.00      0.00      0.00      4.00      0.00      0.00      0.00      0.00      0.00
01:25:58 PM   8889.60  15077.60   2135.60   2134.60   3933.00   5082.40      0.00   3902.00      0.00      0.00
01:26:03 PM   3423.20    117.60     83.40     62.60      5.40      0.00      0.00      0.00      0.00      0.00
01:26:08 PM   1102.40      4.80    188.40    172.40     19.60      0.00      0.00      0.00      0.00      0.00
01:26:13 PM   4348.80  15452.00     32.00     12.80   3911.00   5767.40      0.00   3877.80      0.00      0.00
01:26:18 PM    206.40      0.00     29.20     23.80      5.40      0.00      0.00      0.00      0.00      0.00
01:26:23 PM     93.60      0.00      0.20      0.20      5.00      0.00      0.00      0.00      0.00      0.00
01:26:28 PM 105626.40  89630.40  25364.40  25357.60  24863.40  39083.00      0.00  24658.00      0.00      0.00
01:26:33 PM   3559.20    103.20    236.80    214.80     46.60      0.00      0.00      0.00      0.00      0.00
01:26:38 PM    209.60    130.40      6.00     50.60    517.40      0.00      0.00      0.00      0.00      0.00
01:26:43 PM    876.00      4.80     25.40     16.20      4.40      0.00      0.00      0.00      0.00      0.00
01:26:48 PM    226.40      0.00      2.40     55.00    620.80      0.00      0.00      0.00      0.00      0.00
01:26:53 PM      0.00      0.00      0.00      0.00      3.80      0.00      0.00      0.00      0.00      0.00
01:26:58 PM  26617.60  40982.40   6563.00   6597.40  10673.20  10248.60      0.00  10246.00      0.00      0.00
01:27:03 PM      0.80     32.00      0.20      0.20      3.80      0.00      0.00      0.00      0.00      0.00
01:27:08 PM    228.00      0.00      1.80     56.20    619.40      0.00      0.00      0.00      0.00      0.00
01:27:13 PM      3.20    111.20      1.20      0.80      4.00      0.00      0.00      0.00      0.00      0.00
01:27:18 PM     88.80      4.00      0.00     22.20    311.60      0.00      0.00      0.00      0.00      0.00
01:27:23 PM      0.00      0.00      0.00      0.00      4.00      0.00      0.00      0.00      0.00      0.00
01:27:28 PM 100525.60  85312.00  25108.80  25134.60  22583.80 231521.80      0.00  22173.20      0.00      0.00
01:27:33 PM   5102.40      0.00   1146.00   1125.80     70.40      0.00      0.00      0.00      0.00      0.00
01:27:38 PM      0.00      0.00      0.00      0.00      3.80      0.00      0.00      0.00      0.00      0.00
01:27:43 PM      0.80     32.00      0.20      0.20      3.80      0.00      0.00      0.00      0.00      0.00
01:27:48 PM      3.20     92.00      0.00      0.00      4.00      0.00      0.00      0.00      0.00      0.00
01:27:53 PM      0.00      4.00      0.00      0.00      3.80      0.00      0.00      0.00      0.00      0.00
01:27:58 PM  80641.60  76521.60  20160.40  20160.40  21079.20  30208.40      0.00  20925.40      0.00      0.00
01:28:03 PM   9124.00  17216.00   1889.80   1593.80   4589.00   5073.40      0.00   4335.80      0.00      0.00
01:28:08 PM   3465.60      0.00    209.20    194.80     21.00      0.00      0.00      0.00      0.00      0.00
01:28:13 PM      1.60      0.00      0.40      0.40      3.80      0.00      0.00      0.00      0.00      0.00
01:28:18 PM      0.00     32.00      0.40      0.00      4.00      0.00      0.00      0.00      0.00      0.00
01:28:23 PM     12.80    104.80      0.00      0.00      4.00      0.00      0.00      0.00      0.00      0.00
01:28:28 PM  42613.60  40174.40  10212.60  10210.20  10282.20  10354.80      0.00  10263.00      0.00      0.00
01:28:33 PM     27.20      0.00      6.40      6.40      4.20      0.00      0.00      0.00      0.00      0.00
01:28:38 PM    224.80      0.00      1.40     56.20    722.00      0.00      0.00      0.00      0.00      0.00
01:28:43 PM      0.00      0.00      0.00      0.00      4.00      0.00      0.00      0.00      0.00      0.00
01:28:48 PM    167.20      0.00      1.00     41.80    516.80      0.00      0.00      0.00      0.00      0.00
01:28:53 PM      0.00     32.00      0.00      0.00      4.00      0.00      0.00      0.00      0.00      0.00
01:28:58 PM  56214.40  48178.40  14037.00  14073.20  12717.00  15613.80     25.60  12293.20      0.00      0.00
01:29:03 PM   1232.80  18197.60    307.20    307.20   4582.60   4589.20      0.00   4561.00      0.00      0.00
01:29:08 PM     66.40      0.00      0.00     16.60    209.00      0.00      0.00      0.00      0.00      0.00
01:29:13 PM      0.80      0.00      0.20      0.20      3.80      0.00      0.00      0.00      0.00      0.00
01:29:18 PM     31.20      0.00      0.00      7.80    106.60      0.00      0.00      0.00      0.00      0.00
01:29:23 PM      0.00      0.00      0.00      0.00      3.80      0.00      0.00      0.00      0.00      0.00
01:29:28 PM  38705.60  21164.80   9686.60   9686.60   6324.20   7846.00      0.00   6207.40      0.00      0.00
01:29:33 PM    208.80    909.60     49.60     49.60    244.80    475.20      0.00    234.80      0.00      0.00
01:29:38 PM      0.00      4.00      0.00      0.00      4.00      0.00      0.00      0.00      0.00      0.00
01:29:43 PM      0.80      0.00      0.20      0.20      3.80      0.00      0.00      0.00      0.00      0.00
01:29:48 PM      0.00      0.00      0.00      0.00      4.00      0.00      0.00      0.00      0.00      0.00
01:29:53 PM      0.00      0.00      0.00      0.00      3.80      0.00      0.00      0.00      0.00      0.00
01:29:58 PM  45716.00  40628.80  11248.20  11248.00  10860.60  13571.20     44.60  10847.60      0.00      0.00
01:30:03 PM  18451.20  32582.40   4611.60   4611.60   8375.60   9048.80      0.00   8148.60      0.00      0.00
01:30:08 PM   3127.20     98.40    152.00    134.20     44.00      0.00      0.00      0.00      0.00      0.00
01:30:13 PM      0.00      4.00      0.00      0.00      4.00      0.00      0.00      0.00      0.00      0.00
01:30:18 PM      0.00      0.00      0.00      0.00      3.80      0.00      0.00      0.00      0.00      0.00
01:30:23 PM      0.00      0.00      0.00      0.00      4.00      0.00      0.00      0.00      0.00      0.00
01:30:28 PM  31783.20  21589.60   7918.60   7918.20   5461.80  38655.40      0.00   5460.60      0.00      0.00
01:30:33 PM  25705.60  31332.80   6382.00   6425.80   8728.20   8303.80      0.00   8099.00      0.00      0.00
01:30:38 PM      0.00     32.00      0.00      0.00      3.80      0.00      0.00      0.00      0.00      0.00
01:30:43 PM    113.60    111.20      0.80     26.80    412.80      0.00      0.00      0.00      0.00      0.00
01:30:48 PM      4.00      4.00      1.00      1.00      4.20      0.00      0.00      0.00      0.00      0.00
01:30:53 PM    104.80      0.00      1.40     26.20    520.20      0.00      0.00      0.00      0.00      0.00
01:30:58 PM  19380.00  11761.60   4763.60   4762.80   3267.80   3940.00      0.00   3200.20      0.00      0.00
01:31:03 PM  18164.00  34044.80   3857.60   3836.80   8581.80  15830.60      0.00   8566.00      0.00      0.00
01:31:08 PM    514.40      0.00     15.60     14.80      5.20      0.00      0.00      0.00      0.00      0.00
01:31:13 PM   4292.80     32.00     34.40     14.60     11.20      0.00      0.00      0.00      0.00      0.00
01:31:18 PM    213.60    124.00     35.20     29.80      5.00      0.00      0.00      0.00      0.00      0.00
01:31:23 PM      4.00      4.00      2.40      2.40      4.40      0.00      0.00      0.00      0.00      0.00
01:31:28 PM  13439.20   1312.00   3360.60   3360.60    416.60    777.40      0.00    415.60      0.00      0.00
01:31:33 PM  45201.60  52774.40  10537.00  10529.00  14414.20  59455.00      0.00  14260.00      0.00      0.00
01:31:38 PM      0.00      0.00      0.00      0.00      3.80      0.00      0.00      0.00      0.00      0.00
01:31:43 PM    981.60     64.00     20.40     12.20      4.20      0.00      0.00      0.00      0.00      0.00
01:31:48 PM      3.20    130.40      0.20      0.00      3.80      0.00      0.00      0.00      0.00      0.00
01:31:53 PM      0.00      0.00      0.00      0.00      4.00      0.00      0.00      0.00      0.00      0.00
01:31:58 PM   2156.00      7.20    531.00    531.00      0.80      0.00      0.00      0.00      0.00      0.00
01:32:03 PM  63650.40  63936.00  15005.40  15001.80  18365.00  22237.40     13.40  18212.80      0.00      0.00
01:32:08 PM     31.20      0.00     10.40      6.80      6.00      0.00      0.00      0.00      0.00      0.00
01:32:13 PM    684.00      0.00    184.80    166.20     14.40      0.00      0.00      0.00      0.00      0.00
01:32:18 PM     64.80      0.00      3.40      3.40      4.00      0.00      0.00      0.00      0.00      0.00
01:32:23 PM      1.60     32.00      0.40      0.40      4.20      0.00      0.00      0.00      0.00      0.00
01:32:28 PM     64.00     98.40      0.80      0.40      0.60      0.00      0.00      0.00      0.00      0.00
01:32:33 PM  25172.00  23128.00   5062.40   5078.20   6258.20   6485.00      0.00   5812.60      0.00      0.00
01:32:38 PM      0.00      0.00      1.20      0.00      4.00      0.00      0.00      0.00      0.00      0.00
01:32:43 PM    245.60      0.00     13.80     61.40   5558.20      0.00      0.00      0.00      0.00      0.00
01:32:48 PM      0.80      0.00      0.20      0.20      4.60      0.00      0.00      0.00      0.00      0.00
01:32:53 PM      0.00      0.00      0.00      0.00      4.00      0.00      0.00      0.00      0.00      0.00
01:32:58 PM     32.00     51.20      0.60      8.00    103.00      0.00      0.00      0.00      0.00      0.00
01:33:03 PM  64423.20  56092.00  15816.00  15522.00  14814.20 176744.60     92.20  14587.60      0.00      0.00
01:33:08 PM     10.40      4.00      0.80      0.80      4.80      0.00      0.00      0.00      0.00      0.00
01:33:13 PM     11.20      0.00      2.80      2.80      4.60      0.00      0.00      0.00      0.00      0.00
01:33:18 PM      0.00      0.00      0.00      0.00      3.80      0.00      0.00      0.00      0.00      0.00
01:33:23 PM      0.00      0.00      0.00      0.00      4.00      0.00      0.00      0.00      0.00      0.00
01:33:28 PM      4.00      0.00      1.00      1.00      0.40      0.00      0.00      0.00      0.00      0.00
01:33:33 PM  74658.40  62887.20  18375.80  18374.20  18435.00  21115.20      0.00  18321.00      0.00      0.00
01:33:38 PM     37.60     85.60      2.20      1.20      4.20      0.00      0.00      0.00      0.00      0.00
01:33:43 PM    504.00      4.00      2.60      2.60      3.80      0.00      0.00      0.00      0.00      0.00
01:33:48 PM      1.60      0.00      0.40      0.40      4.00      0.00      0.00      0.00      0.00      0.00
01:33:53 PM      0.80      0.00      0.20      0.20      3.80      0.00      0.00      0.00      0.00      0.00
01:33:58 PM      8.80      0.00      2.20      2.20      0.60      0.00      0.00      0.00      0.00      0.00
01:34:03 PM  25104.80  21851.20   6199.20   6199.00   5878.60   7369.60      0.00   5831.20      0.00      0.00
01:34:08 PM    783.20     32.00      3.20      2.40     40.80      0.00      0.00      0.00      0.00      0.00
01:34:13 PM   3628.80  11143.20    239.40    219.60   2782.00   3688.20      0.00   2766.20      0.00      0.00
01:34:18 PM      0.00      4.80      0.00      0.00      3.80      0.00      0.00      0.00      0.00      0.00
01:34:23 PM      0.00      0.00      0.00      0.00      4.00      0.00      0.00      0.00      0.00      0.00
01:34:28 PM     75.20      0.00      4.40      3.80      0.60      0.00      0.00      0.00      0.00      0.00
01:34:33 PM  40240.80  30873.60  10084.20  10084.20   7826.80   9788.60      0.00   7796.60      0.00      0.00
01:34:38 PM      0.00      0.00      0.00      0.00      3.80      0.00      0.00      0.00      0.00      0.00
01:34:43 PM      2.40     32.00      0.60      0.60      4.00      0.00      0.00      0.00      0.00      0.00
01:34:48 PM      0.00     85.60      0.00      0.00      3.80      0.00      0.00      0.00      0.00      0.00
01:34:53 PM      1.60      4.80      0.40      0.40      3.80      0.00      0.00      0.00      0.00      0.00
01:34:58 PM      0.80      0.00      0.20      0.20      0.60      0.00      0.00      0.00      0.00      0.00
01:35:03 PM  73643.11  68232.34  17311.98  17300.80  18702.99  59736.93     71.26  18625.35      0.00      0.00
01:35:08 PM     53.60      0.00     10.60      1.20      5.00      0.00      0.00      0.00      0.00      0.00
01:35:13 PM    828.80      0.00      3.00      1.40      3.80      0.00      0.00      0.00      0.00      0.00
01:35:18 PM     21.60      0.00      4.40      0.60      4.00      0.00      0.00      0.00      0.00      0.00
01:35:23 PM      6.40  15144.00      3.80      1.40   3772.20   5138.80      0.00   3768.40      0.00      0.00
01:35:28 PM      7.20      0.00      1.60      1.00      0.60      0.00      0.00      0.00      0.00      0.00
01:35:33 PM  18412.80  19875.20   4573.00   4571.40   5021.00   5854.40      0.00   4973.20      0.00      0.00
01:35:38 PM      0.00      0.00      0.00      0.00      3.80      0.00      0.00      0.00      0.00      0.00
01:35:43 PM      9.60      0.00      2.40      2.40      4.00      0.00      0.00      0.00      0.00      0.00
01:35:48 PM      0.00      0.00      0.00      0.00      3.80      0.00      0.00      0.00      0.00      0.00
01:35:53 PM      1.60      0.00      0.40      0.40      4.00      0.00      0.00      0.00      0.00      0.00
01:35:58 PM    820.00    187.20      2.40      1.40     17.20      0.00      0.00      0.00      0.00      0.00
01:36:03 PM  11316.80      0.00   2614.60   2590.20     18.40      0.00      0.00      0.00      0.00      0.00
01:36:08 PM     41.60      0.00     15.60     13.40      4.80      0.00      0.00      0.00      0.00      0.00
01:36:13 PM   4628.80  23766.40    184.20    153.80   6000.20  49250.00      0.00   5985.00      0.00      0.00
01:36:18 PM     92.80      0.00     26.40     23.60      5.00      0.00      0.00      0.00      0.00      0.00
01:36:23 PM      2.40      0.00      0.80      0.60      4.20      0.00      0.00      0.00      0.00      0.00
01:36:28 PM     52.00     32.00      1.20      0.60      1.80      0.00      0.00      0.00      0.00      0.00
01:36:33 PM 117200.00  87216.80  27627.40  27599.80  25435.40  31328.20     95.20  24373.00      0.00      0.00
01:36:38 PM     49.60      0.00     14.80      3.40      4.80      0.00      0.00      0.00      0.00      0.00
01:36:43 PM    661.60    168.00     22.20     13.40      4.00      0.00      0.00      0.00      0.00      0.00
01:36:48 PM      0.00      0.00      0.00      0.00      4.00      0.00      0.00      0.00      0.00      0.00
01:36:53 PM      0.00      0.00      0.00      0.00      3.80      0.00      0.00      0.00      0.00      0.00
01:36:58 PM      0.80      0.00      0.20      0.20      1.20      0.00      0.00      0.00      0.00      0.00
01:37:03 PM   7704.00  20312.00   1922.00   1919.60   5227.60   5222.40      0.00   5076.80      0.00      0.00
01:37:08 PM      0.00      0.00      0.00      0.00      3.80      0.00      0.00      0.00      0.00      0.00
01:37:13 PM      0.00      0.00      0.00      0.00      4.20      0.00      0.00      0.00      0.00      0.00
01:37:18 PM      0.00      0.00      0.00      0.00      3.80      0.00      0.00      0.00      0.00      0.00
01:37:23 PM      0.00      0.00      0.00      0.00      4.00      0.00      0.00      0.00      0.00      0.00
01:37:28 PM      3.20      0.00      2.20      0.80      0.40      0.00      0.00      0.00      0.00      0.00
01:37:33 PM  93041.60  68684.00  22251.80  22219.40  19154.40 145585.40   4771.80  18846.60      0.00      0.00
01:37:38 PM     69.60      0.00      3.80      1.40      4.00      0.00      0.00      0.00      0.00      0.00
01:37:43 PM     13.60      0.00      3.40      3.40      3.80      0.00      0.00      0.00      0.00      0.00
01:37:48 PM      0.00      0.00      0.20      0.00      4.00      0.00      0.00      0.00      0.00      0.00
01:37:53 PM      0.00      0.00      0.00      0.00      3.80      0.00      0.00      0.00      0.00      0.00
01:37:58 PM      1.60      0.00      0.60      0.40      0.60      0.00      0.00      0.00      0.00      0.00
01:38:03 PM  16648.80  20260.00   3850.80   3554.40   5418.60  19835.00      0.00   5211.40      0.00      0.00
01:38:08 PM      0.00      4.80      0.00      0.00      4.00      0.00      0.00      0.00      0.00      0.00
01:38:13 PM   1684.00    111.20    239.00    224.00     17.40      0.00      0.00      0.00      0.00      0.00
01:38:18 PM      0.00      0.00      0.00      0.00      4.00      0.00      0.00      0.00      0.00      0.00
01:38:23 PM      0.00      0.00      0.00      0.00      3.80      0.00      0.00      0.00      0.00      0.00
01:38:28 PM     38.40      0.00      2.40      2.20      1.80      0.00      0.00      0.00      0.00      0.00
01:38:33 PM  64532.00  63116.80  16144.20  16144.00  17209.20  39166.20      0.00  16808.40      0.00      0.00
01:38:38 PM      0.00      0.00      0.00      0.00      3.80      0.00      0.00      0.00      0.00      0.00
01:38:43 PM      1.60      4.00      0.40      0.40      4.00      0.00      0.00      0.00      0.00      0.00
01:38:48 PM      0.00      0.00      0.00      0.00      3.80      0.00      0.00      0.00      0.00      0.00
01:38:53 PM      0.80      0.00      0.20      0.20      4.00      0.00      0.00      0.00      0.00      0.00
01:38:58 PM      1.60      0.00      0.40      0.40      0.40      0.00      0.00      0.00      0.00      0.00
01:39:03 PM  60742.40  54828.80  14562.40  14555.80  15727.20  31304.20      0.00  15602.00      0.00      0.00
01:39:08 PM     56.80      0.00      3.60      0.80      5.40      0.00      0.00      0.00      0.00      0.00
01:39:13 PM    857.60    111.20      3.60      1.80      4.00      0.00      0.00      0.00      0.00      0.00
01:39:18 PM      9.60      0.00      1.40      0.60      4.40      0.00      0.00      0.00      0.00      0.00
01:39:23 PM      0.00      0.00      0.00      0.00      3.80      0.00      0.00      0.00      0.00      0.00
01:39:28 PM   1777.60      0.00      9.80      8.20      1.80      0.00      0.00      0.00      0.00      0.00
01:39:33 PM  40819.20  39960.80  10116.40  10112.60  10023.80  10578.40      0.00  10007.40      0.00      0.00
01:39:38 PM      0.00      6.40      0.00      0.00      4.00      0.00      0.00      0.00      0.00      0.00
01:39:43 PM    831.20      0.00      5.20      3.20      3.80      0.00      0.00      0.00      0.00      0.00
01:39:48 PM     18.40      0.00      5.20      4.00      4.60      0.00      0.00      0.00      0.00      0.00
Average:      5155.62   5204.69   1243.48   1232.41   1423.06   3995.19     10.97   1255.52      0.00      0.00
