Linux 7.0.10-arch1-1 (archlinux) 	05/28/2026 	_x86_64_	(4 CPU)

12:39:48 PM kbmemfree   kbavail kbmemused  %memused kbbuffers  kbcached  kbcommit   %commit  kbactive   kbinact   kbdirty   kbshmem
12:39:53 PM   3981136   4013240   3892576     49.24      2556    246436   8784888     31.97   3654940     64108       856      5372
12:39:58 PM   3981136   4013236   3892580     49.24      2556    246440   8778808     31.94   3651396     64112      1068      5372
12:40:03 PM   3980912   4013252   3892564     49.24      2556    246728   8778808     31.94   3651412     64352       732      5372
12:40:08 PM   3980912   4013348   3892468     49.24      2556    246812   8778808     31.94   3651412     64448       816      5372
12:40:13 PM   3976816   4009284   3896532     49.29      2556    246888   8778808     31.94   3651472     64480       868      5372
12:40:18 PM   3976816   4009444   3896372     49.28      2556    246972   8778808     31.94   3651472     64640       284      5372
12:40:23 PM   3976816   4009460   3896356     49.28      2556    246984   8778808     31.94   3651476     64656       260      5372
12:40:28 PM   3976816   4009460   3896356     49.28      2556    247016   8778808     31.94   3651476     64656       308      5372
12:40:33 PM   3976816   4009492   3896324     49.28      2556    247016   8778808     31.94   3651476     64688       308      5372
12:40:38 PM   3975820   4008872   3896944     49.29      2556    247564   8778808     31.94   3651480     65056       148      5372
12:40:43 PM   3975820   4009104   3896712     49.29      2556    247644   8778808     31.94   3651480     65280       232      5372
12:40:48 PM   3975820   4009136   3896680     49.29      2556    247640   8778808     31.94   3651480     65312       228      5372
12:40:53 PM   3971724   4004476   3901340     49.35      2556    247076   8778808     31.94   3650832     65260       228      5372
12:40:58 PM   3971724   4004524   3901292     49.35      2556    247128   8778808     31.94   3650832     65308       260      5372
12:41:03 PM   3971724   4004524   3901292     49.35      2556    247124   8778808     31.94   3650832     65308       276      5372
12:41:08 PM   3971724   4004648   3901168     49.35      2556    247248   8778808     31.94   3650960     65308        20      5372
12:41:13 PM   3975784   4004680   3901136     49.35      2320    243452   8778808     31.94   3649076     62900        20      5364
12:41:18 PM   3975784   4004680   3901136     49.35      2320    243452   8778808     31.94   3649076     62900        20      5364
12:41:23 PM   3975784   4004684   3901132     49.35      2320    243500   8778808     31.94   3649080     62900        68      5364
12:41:28 PM   3975784   4005052   3900764     49.34      2320    243944   8778808     31.94   3649400     62948        68      5364
12:41:33 PM   3975784   4005212   3900604     49.34      2320    243980   8778808     31.94   3649508     62996        96      5364
12:41:38 PM   3975784   4004528   3901288     49.35      2320    243336   8778808     31.94   3648872     62940       272      5364
12:41:43 PM   3975784   4004932   3900884     49.34      2320    243828   8778808     31.94   3649248     62976       140      5364
12:41:48 PM   3975784   4004932   3900884     49.34      2320    243828   8778808     31.94   3649248     62976       140      5364
12:41:53 PM   3975532   4005056   3900760     49.34      2324    244084   8778808     31.94   3649376     63224       140      5364
12:41:58 PM   3975532   4005060   3900756     49.34      2324    244164   8778808     31.94   3649376     63228       224      5364
12:42:03 PM   3975532   4005080   3900736     49.34      2324    244096   8778808     31.94   3649308     63316       224      5364
12:42:08 PM   3975532   4004904   3900912     49.34      2324    243920   8778808     31.94   3649072     63376       136      5364
12:42:13 PM   3994980   4005880   3899936     49.33      1436    226332   8778808     31.94   3640524     52396       148      5356
12:42:18 PM   3994980   4006004   3899812     49.33      1436    226504   8778808     31.94   3640644     52400       268      5356
12:42:23 PM   3994980   4006360   3899456     49.32      1436    226932   8778808     31.94   3640996     52396       268      5356
12:42:28 PM   3994476   4006836   3898980     49.32      1444    227988   8787004     31.97   3641660     52652        24      5356
12:42:33 PM   3994476   4007240   3898576     49.31      1444    228188   8787004     31.97   3642060     52656        24      5356
12:42:38 PM   3994476   4007240   3898576     49.31      1444    228188   8787004     31.97   3642060     52656        24      5356
12:42:43 PM   3994476   4007336   3898480     49.31      1444    228284   8787004     31.97   3642060     52752        80      5356
12:42:48 PM   3993616   4011176   3894640     49.26      1444    233036   8786068     31.97   3646072     53096       100      5356
12:42:53 PM   3993616   4010524   3895292     49.27      1440    232388   8786068     31.97   3646040     52524       104      5356
12:42:58 PM   3993616   4010576   3895240     49.27      1440    232388   8786068     31.97   3646172     52572        24      5356
12:43:03 PM   3994388   4008328   3897488     49.30      1436    229548   8786068     31.97   3642392     52056        24      5356
12:43:08 PM   3994388   4008640   3897176     49.30      1436    229848   8786068     31.97   3642460     52188       228      5356
12:43:13 PM   3994388   4009036   3896780     49.29      1444    230244   8786068     31.97   3642668     52480       148      5356
12:43:18 PM   3994164   4008404   3897412     49.30      1440    229768   8786068     31.97   3642168     52576       220      5356
12:43:23 PM   3994164   4008060   3897756     49.30      1432    229560   8786068     31.97   3642204     52060       240      5356
12:43:28 PM   3994164   4008504   3897312     49.30      1432    229932   8786068     31.97   3642632     52068       248      5356
12:43:33 PM   3994164   4008504   3897312     49.30      1432    229932   8786068     31.97   3642632     52068       248      5356
12:43:38 PM   3994164   4008764   3897052     49.29      1432    230064   8786068     31.97   3642804     52240        28      5356
12:43:43 PM   3994164   4008764   3897052     49.29      1432    230064   8786068     31.97   3642804     52240        28      5356
12:43:48 PM   3994164   4008732   3897084     49.29      1444    230152   8786068     31.97   3642592     52416        28      5356
12:43:53 PM   3994164   4008348   3897468     49.30      1444    229756   8786068     31.97   3642376     52184        80      5356
12:43:58 PM   3994164   4008580   3897236     49.30      1432    229952   8786068     31.97   3642700     52060       100      5356
12:44:03 PM   3994164   4008512   3897304     49.30      1432    229936   8786068     31.97   3642752     52012       100      5356
12:44:08 PM   4003412   4017860   3887956     49.18      1432    229896   8786068     31.97   3640800     52012       100      5356
12:44:13 PM   4003412   4017860   3887956     49.18      1432    229896   8786068     31.97   3640800     52012       100      5356
12:44:18 PM   4003412   4017860   3887956     49.18      1432    229896   8786068     31.97   3640820     52012        20      5356
12:44:23 PM   4003412   4018232   3887584     49.17      1444    230368   8786068     31.97   3640820     52384        20      5356
12:44:28 PM   4003412   4018440   3887376     49.17      1444    230476   8786068     31.97   3640768     52664        96      5356
12:44:33 PM   4003412   4018440   3887376     49.17      1444    230476   8786068     31.97   3640756     52664       116      5356
12:44:38 PM   4003412   4018452   3887364     49.17      1444    230476   8786068     31.97   3640768     52664       116      5356
12:44:43 PM   4003412   4018452   3887364     49.17      1444    230476   8786068     31.97   3640768     52664       116      5356
12:44:48 PM   4003412   4018452   3887364     49.17      1444    230476   8786068     31.97   3640768     52664       116      5356
12:44:53 PM   4003412   4018452   3887364     49.17      1444    230476   8786068     31.97   3640768     52664        20      5356
12:44:58 PM   4003412   4018696   3887120     49.17      1444    230720   8786068     31.97   3640768     52908        24      5356
12:45:03 PM   4003412   4018744   3887072     49.17      1444    230800   8786068     31.97   3640768     52956        80      5356
12:45:08 PM   4003412   4018776   3887040     49.17      1444    230800   8786068     31.97   3640748     52988       100      5356
12:45:13 PM   4003412   4018064   3887752     49.18      1444    230112   8786068     31.97   3640020     52824       100      5356
12:45:18 PM   4003412   4018088   3887728     49.18      1444    230112   8786068     31.97   3640064     52824       100      5356
12:45:23 PM   4003412   4018088   3887728     49.18      1444    230112   8786068     31.97   3640064     52824       100      5356
12:45:28 PM   4003412   4017580   3888236     49.18      1432    229772   8786068     31.97   3640344     52032        20      5356
12:45:33 PM   4003412   4018076   3887740     49.18      1444    230188   8786068     31.97   3640456     52416        20      5356
12:45:38 PM   4003412   4018240   3887576     49.17      1444    230264   8786068     31.97   3640460     52556        96      5356
12:45:43 PM   4003160   4017776   3888040     49.18      1444    230076   8786068     31.97   3640256     52536       116      5356
12:45:48 PM   4003160   4017800   3888016     49.18      1444    230076   8786068     31.97   3640312     52536       116      5356
12:45:53 PM   4003160   4017800   3888016     49.18      1444    230088   8786068     31.97   3640312     52536       120      5356
12:45:58 PM   4003160   4017808   3888008     49.18      1444    230084   8786068     31.97   3640316     52540       120      5356
12:46:03 PM   4003160   4017168   3888648     49.19      1432    229496   8786068     31.97   3640088     52052        24      5356
12:46:08 PM   4003160   4017348   3888468     49.18      1444    229624   8786068     31.97   3639848     52396        24      5356
12:46:13 PM   4003160   4017436   3888380     49.18      1444    229948   8786068     31.97   3639880     52436       256      5356
12:46:18 PM   4003160   4017480   3888336     49.18      1444    230012   8786068     31.97   3639924     52436       308      5356
12:46:23 PM   4003160   4017736   3888080     49.18      1444    230032   8786068     31.97   3639984     52632       308      5356
12:46:28 PM   4003160   4017928   3887888     49.18      1444    230204   8786068     31.97   3640184     52632       308      5356
12:46:33 PM   4003160   4017756   3888060     49.18      1444    230048   8786068     31.97   3640020     52620       312      5356
12:46:38 PM   4003160   4017760   3888056     49.18      1444    230044   8786068     31.97   3640024     52620       148      5356
12:46:43 PM   4003160   4018212   3887604     49.17      1444    230584   8786068     31.97   3640044     53068        72      5356
12:46:48 PM   4002908   4017712   3888104     49.18      1432    230352   8786068     31.97   3640044     52820       144      5356
12:46:53 PM   4002908   4016880   3888936     49.19      1432    229476   8786068     31.97   3639824     52136       164      5356
12:46:58 PM   4002908   4016880   3888936     49.19      1432    229488   8786068     31.97   3639824     52136       164      5356
12:47:03 PM   4002908   4016944   3888872     49.19      1432    229484   8786068     31.97   3639936     52136       164      5356
12:47:08 PM   4002908   4016944   3888872     49.19      1432    229484   8786068     31.97   3639936     52136       164      5356
12:47:13 PM   4002908   4016952   3888864     49.19      1432    229492   8786068     31.97   3639916     52144        28      5356
12:47:18 PM   4002908   4017324   3888492     49.19      1444    229892   8786068     31.97   3639916     52516        28      5356
12:47:23 PM   4002908   4017444   3888372     49.18      1444    229972   8786068     31.97   3639888     52684        80      5356
12:47:28 PM   4002908   4017384   3888432     49.18      1444    230016   8786068     31.97   3640004     52520       100      5356
12:47:33 PM   4002908   4017024   3888792     49.19      1432    229680   8786068     31.97   3640072     52052       104      5356
12:47:38 PM   4002908   4017024   3888792     49.19      1432    229680   8786068     31.97   3640060     52052       104      5356
12:47:43 PM   4002908   4016896   3888920     49.19      1432    229524   8786068     31.97   3639936     52052       104      5356
12:47:48 PM   4000152   4015888   3889928     49.20      1432    231240   8786068     31.97   3642960     52496        24      5356
12:47:53 PM   4000152   4016312   3889504     49.20      1444    231672   8786068     31.97   3643060     52864        24      5356
12:47:58 PM   4000152   4016320   3889496     49.20      1444    231764   8786068     31.97   3643016     52892        96      5356
12:48:03 PM   4000152   4016492   3889324     49.20      1444    231764   8786068     31.97   3643036     53044       116      5356
12:48:08 PM   4000152   4016532   3889284     49.20      1444    231852   8786068     31.97   3643036     53088       116      5356
12:48:13 PM   4000152   4016580   3889236     49.19      1444    231852   8786068     31.97   3643060     53136       116      5356
12:48:18 PM   4000152   4016564   3889252     49.19      1444    231836   8786068     31.97   3643044     53136       116      5356
12:48:23 PM   4010224   4026636   3879180     49.07      1444    231836   8786068     31.97   3643044     53136        20      5356
12:48:28 PM   4010224   4026516   3879300     49.07      1444    231756   8786068     31.97   3642664     53216        20      5356
12:48:33 PM   4012164   4026736   3879080     49.07      1432    230160   8786068     31.97   3639972     52332        80      5356
12:48:38 PM   4012164   4027184   3878632     49.06      1432    230520   8786068     31.97   3640500     52344       100      5356
12:48:43 PM   4012164   4026800   3879016     49.07      1432    230180   8786068     31.97   3640188     52240       100      5356
12:48:48 PM   4011912   4026620   3879196     49.07      1432    230276   8786068     31.97   3640204     52240       100      5356
12:48:53 PM   4011912   4026560   3879256     49.07      1432    230260   8786068     31.97   3640144     52240       100      5356
12:48:58 PM   4011912   4026632   3879184     49.07      1432    230304   8786068     31.97   3640180     52272        24      5356
12:49:03 PM   4011912   4027208   3878608     49.06      1444    230724   8786068     31.97   3640428     52748        24      5356
12:49:08 PM   4012164   4027220   3878596     49.06      1444    230604   8786068     31.97   3640288     52648       100      5356
12:49:13 PM   4012668   4027520   3878296     49.06      1432    230292   8786068     31.97   3640248     52340       120      5356
12:49:18 PM   4012668   4027516   3878300     49.06      1432    230288   8786068     31.97   3640248     52336       120      5356
12:49:23 PM   4012668   4027516   3878300     49.06      1432    230288   8786068     31.97   3640244     52336       120      5356
12:49:28 PM   4012668   4027516   3878300     49.06      1432    230288   8786068     31.97   3640392     52336       120      5356
12:49:33 PM   4012668   4027724   3878092     49.05      1432    230496   8786068     31.97   3640624     52336        24      5356
12:49:38 PM   4012416   4027644   3878172     49.05      1444    230800   8786068     31.97   3640624     52508        20      5356
12:49:43 PM   4012416   4027868   3877948     49.05      1444    230880   8786068     31.97   3640624     52732        80      5356
12:49:48 PM   4012416   4027868   3877948     49.05      1444    230960   8786068     31.97   3640624     52732       148      5356
12:49:53 PM   4012416   4027868   3877948     49.05      1444    230960   8786068     31.97   3640624     52732       148      5356
12:49:58 PM   4012416   4027948   3877868     49.05      1444    230960   8786068     31.97   3640632     52812       148      5356
12:50:03 PM   4012416   4027948   3877868     49.05      1444    230960   8786068     31.97   3640632     52812       148      5356
12:50:08 PM   4012416   4027948   3877868     49.05      1444    230964   8786068     31.97   3636536     52812        24      5356
12:50:13 PM   4012164   4027936   3877880     49.05      1444    231316   8786068     31.97   3636544     53052        24      5356
12:50:18 PM   4012164   4028052   3877764     49.05      1444    231412   8786068     31.97   3636560     53168        96      5356
12:50:23 PM   4012164   4028052   3877764     49.05      1444    231412   8786068     31.97   3636560     53168       116      5356
12:50:28 PM   4012164   4028148   3877668     49.05      1444    231412   8786068     31.97   3636560     53264       116      5356
12:50:33 PM   4012164   4028148   3877668     49.05      1444    231412   8786068     31.97   3636560     53264       116      5356
12:50:38 PM   4012164   4028148   3877668     49.05      1444    231412   8786068     31.97   3636560     53264       116      5356
12:50:43 PM   4012164   4028148   3877668     49.05      1444    231412   8786068     31.97   3636560     53264        20      5356
12:50:48 PM   4011660   4027892   3877924     49.05      1444    231756   8786068     31.97   3636560     53512        20      5356
12:50:53 PM   4011156   4027392   3878424     49.06      1444    231844   8786068     31.97   3636560     53516        80      5356
12:50:58 PM   4011156   4027572   3878244     49.06      1444    231844   8786068     31.97   3636544     53696       100      5356
12:51:03 PM   4011156   4027572   3878244     49.06      1444    231844   8786068     31.97   3636544     53696       104      5356
12:51:08 PM   4011156   4027572   3878244     49.06      1444    231844   8786068     31.97   3636544     53696       104      5356
12:51:13 PM   4011156   4027652   3878164     49.05      1444    232020   8786068     31.97   3636564     53776       280      5356
12:51:18 PM   4011156   4027776   3878040     49.05      1444    232052   8786068     31.97   3636568     53900       152      5356
12:51:23 PM   4011156   4028020   3877796     49.05      1444    232484   8786068     31.97   3636568     54144       200      5356
12:51:28 PM   4011156   4028336   3877480     49.05      1444    232608   8786068     31.97   3636572     54460       304      5356
12:51:33 PM   4011156   4028336   3877480     49.05      1444    232612   8786068     31.97   3636572     54460       324      5356
12:51:38 PM   4011156   4028336   3877480     49.05      1444    232608   8786068     31.97   3636572     54460       320      5356
12:51:43 PM   4011156   4028384   3877432     49.05      1444    232656   8786068     31.97   3636572     54508       196      5356
12:51:48 PM   4011156   4028384   3877432     49.05      1444    232656   8786068     31.97   3636572     54508       196      5356
12:51:53 PM   4011156   4028384   3877432     49.05      1444    232656   8786068     31.97   3636572     54508        20      5356
12:51:58 PM   4010904   4028440   3877376     49.04      1444    232964   8786068     31.97   3636572     54816        24      5356
12:52:03 PM   4010904   4028440   3877376     49.04      1444    233044   8786068     31.97   3636572     54816        80      5356
12:52:08 PM   4010904   4027876   3877940     49.05      1440    232404   8786068     31.97   3636396     54420       100      5356
12:52:13 PM   4010904   4027876   3877940     49.05      1440    232404   8786068     31.97   3636396     54420       104      5356
12:52:18 PM   4010904   4027876   3877940     49.05      1440    232404   8786068     31.97   3636404     54420       104      5356
12:52:23 PM   4010904   4027876   3877940     49.05      1440    232404   8786068     31.97   3636404     54420       104      5356
12:52:28 PM   4007124   4027620   3878196     49.05      1440    236080   8786488     31.97   3639420     55100       276      5352
12:52:33 PM   4007124   4028116   3877700     49.05      1444    236452   8786488     31.97   3639616     55512       228      5356
12:52:38 PM   4007124   4028260   3877556     49.05      1444    236548   8786488     31.97   3639688     55656       304      5356
12:52:43 PM   4007124   4028260   3877556     49.05      1444    236552   8786488     31.97   3639688     55656       324      5356
12:52:48 PM   4007124   4028264   3877552     49.05      1444    236552   8786488     31.97   3639688     55660       324      5356
12:52:53 PM   4005864   4027008   3878808     49.06      1444    236556   8786068     31.97   3641236     55664       328      5356
12:52:58 PM   4005616   4026764   3879052     49.07      1444    236556   8786068     31.97   3641348     55664       124      5356
12:53:03 PM   4005616   4026764   3879052     49.07      1444    236556   8786068     31.97   3641348     55664        28      5356
12:53:08 PM   4005364   4026760   3879056     49.07      1444    236828   8786068     31.97   3641348     55912        28      5356
12:53:13 PM   4005364   4026784   3879032     49.07      1444    236908   8786068     31.97   3641348     55936        80      5356
12:53:18 PM   4005364   4026864   3878952     49.06      1444    236908   8786068     31.97   3641348     56016       100      5356
12:53:23 PM   4005364   4026864   3878952     49.06      1444    236908   8786068     31.97   3641348     56016       100      5356
12:53:28 PM   4005364   4026864   3878952     49.06      1444    236908   8786068     31.97   3641348     56016       100      5356
12:53:33 PM   4005364   4026864   3878952     49.06      1444    236908   8786068     31.97   3641348     56016       100      5356
12:53:38 PM   4005364   4026864   3878952     49.06      1444    236908   8786068     31.97   3641348     56016        20      5356
12:53:43 PM   4005112   4026860   3878956     49.06      1444    237196   8786068     31.97   3641348     56264        20      5356
12:53:48 PM   4005112   4026900   3878916     49.06      1444    237292   8786068     31.97   3641348     56304        96      5356
12:53:53 PM   4005112   4026996   3878820     49.06      1444    237292   8786068     31.97   3641348     56400       116      5356
12:53:58 PM   4004860   4026744   3879072     49.07      1444    237292   8786068     31.97   3641348     56400       116      5356
12:54:03 PM   4004860   4026744   3879072     49.07      1444    237292   8786068     31.97   3641348     56400       116      5356
12:54:08 PM   4004860   4026744   3879072     49.07      1444    237292   8786068     31.97   3641348     56400       116      5356
12:54:13 PM   4004860   4026744   3879072     49.07      1444    237292   8786068     31.97   3641348     56400        20      5356
12:54:18 PM   4004860   4026868   3878948     49.06      1444    237516   8786068     31.97   3641348     56524        20      5356
12:54:23 PM   4004860   4026968   3878848     49.06      1444    237596   8786068     31.97   3641348     56624        80      5356
12:54:28 PM   4004860   4026968   3878848     49.06      1444    237596   8786068     31.97   3641348     56624       100      5356
12:54:33 PM   4004860   4027048   3878768     49.06      1444    237596   8786068     31.97   3641348     56704       100      5356
12:54:38 PM   4004860   4027048   3878768     49.06      1444    237604   8786068     31.97   3641348     56704       108      5356
12:54:43 PM   4004688   4026884   3878932     49.06      1444    237604   8786068     31.97   3641352     56712       108      5356
12:54:48 PM   4004608   4026804   3879012     49.07      1444    237604   8786068     31.97   3641352     56712        28      5356
12:54:53 PM   4004104   4026588   3879228     49.07      1444    237892   8786068     31.97   3641352     57000        28      5356
12:54:58 PM   4004104   4026588   3879228     49.07      1444    237988   8786068     31.97   3641352     57000        96      5356
12:55:03 PM   4004104   4026688   3879128     49.07      1444    237992   8786068     31.97   3641352     57100       120      5356
12:55:08 PM   4003852   4026436   3879380     49.07      1444    237992   8786068     31.97   3641352     57100       120      5356
12:55:13 PM   4003852   4026436   3879380     49.07      1444    237992   8786068     31.97   3641352     57100       120      5356
12:55:18 PM   4003852   4026436   3879380     49.07      1444    237996   8786068     31.97   3641352     57100       124      5356
12:55:23 PM   4003852   4026440   3879376     49.07      1444    237996   8786068     31.97   3641352     57104        28      5356
12:55:28 PM   4003852   4026564   3879252     49.07      1444    238220   8786068     31.97   3641352     57228        28      5356
12:55:33 PM   4003852   4026744   3879072     49.07      1444    238300   8786068     31.97   3641352     57408        80      5356
12:55:38 PM   4003852   4026744   3879072     49.07      1444    238300   8786068     31.97   3641352     57408       100      5356
12:55:43 PM   4003852   4026744   3879072     49.07      1444    238300   8786068     31.97   3641352     57408       100      5356
12:55:48 PM   4003852   4026744   3879072     49.07      1444    238300   8786068     31.97   3641352     57408       100      5356
12:55:53 PM   4003852   4026744   3879072     49.07      1444    238300   8786068     31.97   3641352     57408       100      5356
12:55:58 PM   4003852   4026744   3879072     49.07      1444    238300   8786068     31.97   3641352     57408        20      5356
12:56:03 PM   4003600   4026780   3879036     49.07      1444    238588   8786068     31.97   3641360     57696        20      5356
12:56:08 PM   4003600   4026780   3879036     49.07      1444    238684   8786068     31.97   3641360     57696        96      5356
12:56:13 PM   4003600   4026944   3878872     49.06      1444    238800   8786068     31.97   3641360     57860       168      5356
12:56:18 PM   4003428   4026816   3879000     49.07      1444    238828   8786068     31.97   3641360     57904       196      5356
12:56:23 PM   4003348   4026800   3879016     49.07      1444    238864   8786068     31.97   3641360     57968       316      5356
12:56:28 PM   4003348   4026800   3879016     49.07      1444    238860   8786068     31.97   3641360     57968       312      5356
12:56:33 PM   4003348   4026848   3878968     49.06      1444    238940   8786068     31.97   3641360     58016       216      5356
12:56:38 PM   4003108   4026740   3879076     49.07      1444    239164   8786068     31.97   3641360     58140       136      5356
12:56:43 PM   4003108   4026772   3879044     49.07      1444    239244   8786068     31.97   3641360     58172       196      5356
12:56:48 PM   4003108   4026952   3878864     49.06      1444    239244   8786068     31.97   3641360     58352       100      5356
12:56:53 PM   4003108   4026952   3878864     49.06      1444    239244   8786068     31.97   3641360     58352       100      5356
12:56:58 PM   4003108   4026952   3878864     49.06      1444    239244   8786068     31.97   3641360     58352       100      5356
12:57:03 PM   4003108   4026952   3878864     49.06      1444    239244   8786068     31.97   3641360     58352       100      5356
12:57:08 PM   4003108   4026952   3878864     49.06      1444    239244   8786068     31.97   3641360     58352        20      5356
12:57:13 PM   4003108   4027272   3878544     49.06      1444    239564   8786068     31.97   3641360     58672        20      5356
12:57:18 PM   4003108   4027272   3878544     49.06      1444    239660   8786068     31.97   3641360     58672        96      5356
12:57:23 PM   4003108   4027272   3878544     49.06      1444    239660   8786068     31.97   3641360     58672       116      5356
12:57:28 PM   4003108   4027368   3878448     49.06      1444    239660   8786068     31.97   3641360     58768       116      5356
12:57:33 PM   4003108   4027368   3878448     49.06      1444    239660   8786068     31.97   3641360     58768       116      5356
12:57:38 PM   4003108   4027368   3878448     49.06      1444    239660   8786068     31.97   3641360     58768       116      5356
12:57:43 PM   4003108   4027368   3878448     49.06      1444    239660   8786068     31.97   3641360     58768        20      5356
12:57:48 PM   4003108   4027492   3878324     49.06      1444    239884   8786068     31.97   3641360     58892        20      5356
12:57:53 PM   4002856   4027244   3878572     49.06      1444    239968   8786068     31.97   3641360     58896        80      5356
12:57:58 PM   4002604   4027172   3878644     49.06      1444    239968   8786068     31.97   3641352     59076       100      5356
12:58:03 PM   4002604   4027172   3878644     49.06      1444    239972   8786068     31.97   3641352     59076       104      5356
12:58:08 PM   4002604   4027176   3878640     49.06      1444    239972   8786068     31.97   3641352     59080       104      5356
12:58:13 PM   4002604   4027176   3878640     49.06      1444    239972   8786068     31.97   3641352     59080       104      5356
12:58:18 PM   4002604   4027184   3878632     49.06      1444    239980   8786068     31.97   3641356     59088        32      5356
12:58:23 PM   4002604   4027432   3878384     49.06      1444    240268   8786068     31.97   3641356     59336        32      5356
12:58:28 PM   3998508   4023472   3882344     49.11      1444    240364   8786068     31.97   3643400     59472        96      5356
12:58:33 PM   3998508   4023472   3882344     49.11      1444    240364   8786068     31.97   3643400     59472       116      5356
12:58:38 PM   4011400   4030920   3874896     49.01      1436    234956   8786068     31.97   3641980     55216       116      5356
12:58:43 PM   4011400   4030920   3874896     49.01      1436    234956   8786068     31.97   3641980     55216       116      5356
12:58:48 PM   4011400   4030948   3874868     49.01      1436    234956   8786068     31.97   3642012     55216       116      5356
12:58:53 PM   4011400   4030948   3874868     49.01      1436    234956   8786068     31.97   3642012     55216        20      5356
12:58:58 PM   4011400   4031072   3874744     49.01      1444    235188   8786068     31.97   3642008     55344        20      5356
12:59:03 PM   4011400   4031180   3874636     49.01      1444    235268   8786068     31.97   3642008     55452        80      5356
12:59:08 PM   4011400   4031268   3874548     49.01      1444    235268   8786068     31.97   3642008     55540       100      5356
12:59:13 PM   4011400   4031268   3874548     49.01      1444    235268   8786068     31.97   3642008     55540       100      5356
12:59:18 PM   4015496   4035364   3870452     48.96      1444    235268   8786068     31.97   3642008     55540       100      5356
12:59:23 PM   4015496   4035364   3870452     48.96      1444    235268   8786068     31.97   3642008     55540       100      5356
12:59:28 PM   4015496   4035368   3870448     48.96      1444    235272   8786068     31.97   3642008     55544        24      5356
12:59:33 PM   4015244   4035364   3870452     48.96      1444    235560   8786068     31.97   3642008     55792        24      5356
12:59:38 PM   4015244   4035500   3870316     48.96      1444    235656   8786068     31.97   3642012     55928        96      5356
12:59:43 PM   4015244   4035500   3870316     48.96      1444    235656   8786068     31.97   3642012     55928       116      5356
12:59:48 PM   4015244   4035500   3870316     48.96      1444    235656   8786068     31.97   3642012     55928       116      5356
12:59:53 PM   4015244   4035500   3870316     48.96      1444    235656   8786068     31.97   3642012     55928       116      5356
12:59:58 PM   4015244   4035500   3870316     48.96      1444    235656   8786068     31.97   3642012     55928       116      5356
01:00:03 PM   4015244   4035500   3870316     48.96      1444    235656   8786068     31.97   3642012     55928        20      5356
01:00:08 PM   4014500   4034980   3870836     48.96      1444    235880   8786068     31.97   3642012     56152        20      5356
01:00:13 PM   4014500   4034980   3870836     48.96      1444    235960   8786068     31.97   3642012     56152        80      5356
01:00:18 PM   4014500   4034980   3870836     48.96      1444    235960   8786068     31.97   3642012     56152       100      5356
01:00:23 PM   4014500   4035060   3870756     48.96      1444    235960   8786068     31.97   3642012     56232       100      5356
01:00:28 PM   4014500   4035064   3870752     48.96      1444    235964   8786068     31.97   3642012     56236       104      5356
01:00:33 PM   4014500   4035064   3870752     48.96      1444    235964   8786068     31.97   3642012     56236       104      5356
01:00:38 PM   4014500   4035064   3870752     48.96      1444    235964   8786068     31.97   3642012     56236        24      5356
01:00:43 PM   4014500   4035312   3870504     48.96      1444    236284   8786068     31.97   3642012     56484        24      5356
01:00:48 PM   4014500   4035312   3870504     48.96      1444    236380   8786068     31.97   3642012     56484        96      5356
01:00:53 PM   4014500   4035480   3870336     48.96      1444    236380   8786068     31.97   3642012     56652       116      5356
01:00:58 PM   4014500   4035480   3870336     48.96      1444    236380   8786068     31.97   3642012     56652       116      5356
01:01:03 PM   4014500   4035480   3870336     48.96      1444    236380   8786068     31.97   3642012     56652       116      5356
01:01:08 PM   4014500   4035480   3870336     48.96      1444    236384   8786068     31.97   3642012     56652       120      5356
01:01:13 PM   4014500   4035484   3870332     48.96      1444    236460   8786068     31.97   3642012     56656       196      5356
01:01:18 PM   4013996   4035252   3870564     48.96      1444    236820   8786068     31.97   3642012     56928        80      5356
01:01:23 PM   4013996   4035640   3870176     48.95      1444    237076   8786068     31.97   3642012     57316       288      5356
01:01:28 PM   4013996   4035636   3870180     48.95      1444    237072   8786068     31.97   3642012     57312       300      5356
01:01:33 PM   4013996   4035668   3870148     48.95      1444    237076   8786068     31.97   3642012     57344       304      5356
01:01:38 PM   4013996   4035668   3870148     48.95      1444    237072   8786068     31.97   3642012     57344       300      5356
01:01:43 PM   4013996   4035668   3870148     48.95      1444    237120   8786068     31.97   3642012     57344        68      5356
01:01:48 PM   4013240   4035284   3870532     48.96      1444    237456   8786068     31.97   3642012     57716        20      5356
01:01:53 PM   4013240   4035296   3870520     48.96      1444    237456   8786068     31.97   3642012     57728        20      5356
01:01:58 PM   4013240   4035296   3870520     48.96      1444    237552   8786068     31.97   3642012     57728       100      5356
01:02:03 PM   4013240   4035400   3870416     48.96      1444    237560   8786068     31.97   3642012     57832       124      5356
01:02:08 PM   4013240   4035400   3870416     48.96      1444    237560   8786068     31.97   3642012     57832       124      5356
01:02:13 PM   4013240   4035400   3870416     48.96      1444    237560   8786068     31.97   3642012     57832       124      5356
01:02:18 PM   4013240   4035400   3870416     48.96      1444    237560   8786068     31.97   3642012     57832        28      5356
01:02:23 PM   4013240   4035400   3870416     48.96      1444    237560   8786068     31.97   3642012     57832        28      5356
01:02:28 PM   4013240   4035524   3870292     48.95      1444    237784   8786068     31.97   3642012     57956        28      5356
01:02:33 PM   4013240   4035704   3870112     48.95      1444    237864   8786068     31.97   3642012     58136        80      5356
01:02:38 PM   4013240   4035704   3870112     48.95      1444    237864   8786068     31.97   3642012     58136       100      5356
01:02:43 PM   4013240   4035704   3870112     48.95      1444    237864   8786068     31.97   3642012     58136       100      5356
01:02:48 PM   4013240   4035704   3870112     48.95      1444    237864   8786068     31.97   3642012     58136       100      5356
01:02:53 PM   4013240   4035704   3870112     48.95      1444    237864   8786068     31.97   3642012     58136       100      5356
01:02:58 PM   4010940   4033524   3872292     48.98      1444    238004   8786068     31.97   3642012     58176        20      5356
01:03:03 PM   4010516   4033524   3872292     48.98      1444    238408   8786068     31.97   3642248     58592        24      5356
01:03:08 PM   4010436   4033444   3872372     48.98      1444    238504   8786068     31.97   3642248     58592        96      5356
01:03:13 PM   4010436   4033540   3872276     48.98      1444    238504   8786068     31.97   3642248     58688       116      5356
01:03:18 PM   4010436   4033540   3872276     48.98      1444    238504   8786068     31.97   3642248     58688       116      5356
01:03:23 PM   4010436   4028896   3876920     49.04      1436    233868   8786068     31.97   3641216     54904       116      5356
01:03:28 PM   4010436   4028740   3877076     49.04      1436    233768   8786068     31.97   3641180     54752       116      5356
01:03:33 PM   4010436   4028764   3877052     49.04      1436    233768   8786068     31.97   3641204     54752        20      5356
01:03:38 PM   4010184   4028664   3877152     49.04      1444    234000   8786068     31.97   3641232     54876        20      5356
01:03:43 PM   4010184   4028860   3876956     49.04      1444    234080   8786068     31.97   3641232     55072        84      5356
01:03:48 PM   4010184   4028860   3876956     49.04      1444    234080   8786068     31.97   3641232     55072       100      5356
01:03:53 PM   4010184   4028860   3876956     49.04      1444    234080   8786068     31.97   3641232     55072       100      5356
01:03:58 PM   4010184   4028860   3876956     49.04      1444    234080   8786068     31.97   3641236     55072       100      5356
01:04:03 PM   4010184   4028860   3876956     49.04      1444    234080   8786068     31.97   3641236     55072       100      5356
01:04:08 PM   4010184   4028860   3876956     49.04      1444    234084   8786068     31.97   3641236     55072        24      5356
01:04:13 PM   4009428   4028416   3877400     49.04      1444    234392   8786068     31.97   3641244     55384        24      5356
01:04:18 PM   4009428   4028416   3877400     49.04      1444    234488   8786068     31.97   3641244     55384       112      5356
01:04:23 PM   4009428   4028416   3877400     49.04      1444    234488   8786068     31.97   3641244     55384       116      5356
01:04:28 PM   4009428   4028512   3877304     49.04      1444    234488   8786068     31.97   3641244     55480       116      5356
01:04:33 PM   4009428   4028512   3877304     49.04      1444    234488   8786068     31.97   3641244     55480       116      5356
01:04:38 PM   4009428   4028512   3877304     49.04      1444    234488   8786068     31.97   3641248     55480       116      5356
01:04:43 PM   4009428   4028512   3877304     49.04      1444    234488   8786068     31.97   3641248     55480        20      5356
01:04:48 PM   4009428   4028636   3877180     49.04      1444    234712   8786068     31.97   3641248     55604        20      5356
01:04:53 PM   4009428   4028636   3877180     49.04      1444    234792   8786068     31.97   3641248     55604        80      5356
01:04:58 PM   4009428   4028816   3877000     49.04      1444    234792   8786068     31.97   3641248     55784       100      5356
01:05:03 PM   4009428   4028816   3877000     49.04      1444    234792   8786068     31.97   3641248     55784       100      5356
01:05:08 PM   4009428   4028816   3877000     49.04      1444    234792   8786068     31.97   3641248     55784       100      5356
01:05:13 PM   4009428   4028816   3877000     49.04      1444    234792   8786068     31.97   3641248     55784       100      5356
01:05:18 PM   4009428   4028816   3877000     49.04      1444    234792   8786068     31.97   3641248     55784        20      5356
01:05:23 PM   4009428   4029064   3876752     49.04      1444    235096   8786068     31.97   3641248     56032        20      5356
01:05:28 PM   4009428   4029216   3876600     49.03      1444    235192   8786068     31.97   3641248     56184        96      5356
01:05:33 PM   4009428   4029216   3876600     49.03      1444    235192   8786068     31.97   3641248     56184       116      5356
01:05:38 PM   4009428   4029220   3876596     49.03      1444    235196   8786068     31.97   3641248     56188       120      5356
01:05:43 PM   4009428   4029220   3876596     49.03      1444    235204   8786068     31.97   3641248     56188       128      5356
01:05:48 PM   4009428   4029228   3876588     49.03      1444    235204   8786068     31.97   3641248     56196       128      5356
01:05:53 PM   4009428   4029228   3876588     49.03      1444    235204   8786068     31.97   3641248     56196        32      5356
01:05:58 PM   4009428   4029356   3876460     49.03      1444    235432   8786068     31.97   3641248     56324        36      5356
01:06:03 PM   4009428   4029456   3876360     49.03      1444    235512   8786068     31.97   3641248     56424        80      5356
01:06:08 PM   4009428   4029536   3876280     49.03      1444    235512   8786068     31.97   3641248     56504       100      5356
01:06:13 PM   4009176   4029284   3876532     49.03      1444    235568   8786068     31.97   3641252     56504       276      5356
01:06:18 PM   4009176   4029368   3876448     49.03      1444    235600   8786068     31.97   3641252     56588       308      5356
01:06:23 PM   4009176   4029384   3876432     49.03      1444    235648   8786068     31.97   3641252     56604       264      5356
01:06:28 PM   4009176   4029416   3876400     49.03      1444    235644   8786068     31.97   3641252     56636       100      5356
01:06:33 PM   4009176   4029788   3876028     49.03      1444    236108   8786068     31.97   3641252     57008       216      5356
01:06:38 PM   4008924   4029724   3876092     49.03      1444    236204   8786068     31.97   3641252     57196       296      5356
01:06:43 PM   4008924   4029724   3876092     49.03      1444    236204   8786068     31.97   3641252     57196       312      5356
01:06:48 PM   4008924   4029724   3876092     49.03      1444    236204   8786068     31.97   3641252     57196       196      5356
01:06:53 PM   4008924   4029724   3876092     49.03      1444    236204   8786068     31.97   3641252     57196       196      5356
01:06:58 PM   4008924   4029724   3876092     49.03      1444    236204   8786068     31.97   3641252     57196       196      5356
01:07:03 PM   4008672   4029596   3876220     49.03      1444    236380   8786068     31.97   3641252     57320        20      5356
01:07:08 PM   4008672   4029648   3876168     49.03      1444    236380   8786068     31.97   3641252     57372        20      5356
01:07:13 PM   4008672   4029652   3876164     49.03      1444    236464   8786068     31.97   3641252     57376        80      5356
01:07:18 PM   4008672   4029652   3876164     49.03      1444    236464   8786068     31.97   3641252     57376       100      5356
01:07:23 PM   4008672   4029732   3876084     49.03      1444    236464   8786068     31.97   3641252     57456       100      5356
01:07:28 PM   4008672   4029732   3876084     49.03      1444    236464   8786068     31.97   3641252     57456       100      5356
01:07:33 PM   4008672   4029732   3876084     49.03      1444    236464   8786068     31.97   3641252     57456       100      5356
01:07:38 PM   4008448   4029508   3876308     49.03      1444    236464   8786068     31.97   3641252     57456       100      5356
01:07:43 PM   4008196   4029628   3876188     49.03      1444    236864   8786068     31.97   3641252     57828        20      5356
01:07:48 PM   4007692   4029248   3876568     49.03      1444    236960   8786068     31.97   3641252     57952       108      5356
01:07:53 PM   4007692   4029248   3876568     49.03      1444    236960   8786068     31.97   3641252     57952       116      5356
01:07:58 PM   4007440   4029100   3876716     49.04      1444    237064   8786068     31.97   3641388     58004       116      5356
01:08:03 PM   4007440   4029100   3876716     49.04      1444    237064   8786068     31.97   3641420     58004       116      5356
01:08:08 PM   4007440   4029100   3876716     49.04      1444    237064   8786068     31.97   3641420     58004       116      5356
01:08:13 PM   4007440   4029104   3876712     49.04      1444    237068   8786068     31.97   3641420     58008       120      5356
01:08:18 PM   4007188   4028976   3876840     49.04      1444    237276   8786068     31.97   3641420     58132        24      5356
01:08:23 PM   4007188   4029060   3876756     49.04      1444    237356   8786068     31.97   3641420     58216        80      5356
01:08:28 PM   4007188   4029060   3876756     49.04      1444    237356   8786068     31.97   3641420     58216       100      5356
01:08:33 PM   4007188   4029140   3876676     49.04      1444    237356   8786068     31.97   3641420     58296       100      5356
01:08:38 PM   4007188   4029140   3876676     49.04      1444    237356   8786068     31.97   3641420     58296       100      5356
01:08:43 PM   4007188   4029140   3876676     49.04      1444    237356   8786068     31.97   3641420     58296       100      5356
01:08:48 PM   4007188   4029140   3876676     49.04      1444    237356   8786068     31.97   3641420     58296        20      5356
01:08:53 PM   4007188   4029388   3876428     49.03      1444    237644   8786068     31.97   3641420     58544        20      5356
01:08:58 PM   4007188   4029428   3876388     49.03      1444    237740   8786068     31.97   3641420     58584        96      5356
01:09:03 PM   4007188   4029524   3876292     49.03      1444    237740   8786068     31.97   3641420     58680       116      5356
01:09:08 PM   4007188   4029524   3876292     49.03      1444    237740   8786068     31.97   3641420     58680       116      5356
01:09:13 PM   4007188   4029524   3876292     49.03      1444    237740   8786068     31.97   3641420     58680       116      5356
01:09:18 PM   4007188   4029524   3876292     49.03      1444    237740   8786068     31.97   3641420     58680       116      5356
01:09:23 PM   4007188   4029524   3876292     49.03      1444    237740   8786068     31.97   3641420     58680        20      5356
01:09:28 PM   4007188   4029648   3876168     49.03      1444    237972   8786068     31.97   3641420     58804        28      5356
01:09:33 PM   4007188   4029836   3875980     49.03      1444    238052   8786068     31.97   3641420     58992        80      5356
01:09:38 PM   4007188   4029836   3875980     49.03      1444    238052   8786068     31.97   3641420     58992       100      5356
01:09:43 PM   4007188   4029836   3875980     49.03      1444    238052   8786068     31.97   3641420     58992       100      5356
01:09:48 PM   4007188   4029836   3875980     49.03      1444    238052   8786068     31.97   3641420     58992       100      5356
01:09:53 PM   4007188   4029836   3875980     49.03      1444    238052   8786068     31.97   3641420     58992       100      5356
01:09:58 PM   4007188   4029836   3875980     49.03      1444    238052   8786068     31.97   3641420     58992        20      5356
01:10:03 PM   4007188   4030124   3875692     49.02      1444    238340   8786068     31.97   3641420     59280        20      5356
01:10:08 PM   4006936   4029872   3875944     49.03      1444    238436   8786068     31.97   3641420     59280        96      5356
01:10:13 PM   4006936   4029968   3875848     49.03      1444    238436   8786068     31.97   3641420     59376       116      5356
01:10:18 PM   4006936   4029968   3875848     49.03      1444    238440   8786068     31.97   3641420     59376       120      5356
01:10:23 PM   4006936   4029972   3875844     49.03      1444    238440   8786068     31.97   3641420     59380       120      5356
01:10:28 PM   2323040   2346076   5559740     70.32      1444    238440   8786068     31.97   5318808     59380       120      5356
01:10:33 PM   2322564   2345600   5560216     70.33      1444    238440   8786068     31.97   5318852     59380        24      5356
01:10:38 PM   2322312   2345472   5560344     70.33      1444    238664   8786068     31.97   5318852     59504        24      5356
01:10:43 PM   2322060   2345400   5560416     70.33      1444    238744   8786068     31.97   5318852     59684        80      5356
01:10:48 PM   2321556   2344896   5560920     70.34      1444    238748   8786068     31.97   5318852     59684       104      5356
01:10:53 PM   2321556   2344900   5560916     70.34      1444    238748   8786068     31.97   5318852     59688       104      5356
01:10:58 PM   1029048   1052392   6853424     86.69      1444    238748   8786068     31.97   6601524     59688       104      5356
01:11:03 PM   1174620   1197964   6707852     84.85      1444    238748   8786068     31.97   6448024     59688       104      5356
01:11:08 PM   1213160   1236504   6669312     84.36      1444    238748   8786068     31.97   6425496     59688        24      5356
01:11:13 PM   1317468   1341152   6564664     83.04      1444    239088   8786068     31.97   6310808     60028       196      5356
01:11:18 PM   1450480   1474160   6431656     81.35      1444    239216   8786068     31.97   6173592     60024       300      5356
01:11:23 PM   1493048   1516824   6388992     80.81      1444    239276   8786068     31.97   6126488     60120       196      5356
01:11:28 PM    127996     98508   7807308     98.75        24    188148   8786068     31.97   1847616   5714160       196      5220
01:11:33 PM    127544     98300   7807516     98.76        24    188428   8786068     31.97   1847788   5714232       316      5220
01:11:38 PM    127544     98336   7807480     98.76        24    188428   8786068     31.97   1847872   5714264       316      5220
01:11:43 PM    127544     98584   7807232     98.75        24    188780   8786068     31.97   1847872   5714512        24      5220
01:11:48 PM    127544     98688   7807128     98.75        24    188780   8786068     31.97   1847876   5714616        24      5220
01:11:53 PM    127544     98688   7807128     98.75        24    188860   8786068     31.97   1847876   5714616        84      5220
01:11:58 PM    340740    272052   7633764     96.56        24    122972   8786068     31.97   5393236   1958808       104      4500
01:12:03 PM    339508    271148   7634668     96.57        24    123568   8786068     31.97   5393892   1958808       100      4500
01:12:08 PM    339508    271176   7634640     96.57        24    123568   8786068     31.97   5393992   1958808       100      4500
01:12:13 PM    339508    271176   7634640     96.57        24    123568   8786068     31.97   5393992   1958808       100      4500
01:12:18 PM    339508    271176   7634640     96.57        24    123568   8786068     31.97   5394004   1958808        20      4500
01:12:23 PM    603612    535404   7370412     93.23        24    121824   8786068     31.97   5121620   1954960        20      2452
01:12:28 PM    174380    105772   7800044     98.66        24    121012   8786068     31.97   6101640   1407256        96      2412
01:12:33 PM    173624    105336   7800480     98.67        24    121764   8786068     31.97   6102180   1407356       120      2412
01:12:38 PM    173624    105436   7800380     98.67        24    121764   8786068     31.97   6102372   1407388       120      2412
01:12:43 PM    173624    105436   7800380     98.67        24    121764   8786068     31.97   6102372   1407388       120      2412
01:12:48 PM    173624    105436   7800380     98.67        24    121764   8786068     31.97   6102372   1407388       120      2412
01:12:53 PM    173624    105436   7800380     98.67        24    121764   8786068     31.97   6102372   1407388        24      2412
01:12:58 PM    130472     27732   7878084     99.65        24     53696   8786068     31.97   3716692   3850924        24      2184
01:13:03 PM    129936     28632   7877184     99.64        24     56568   8786068     31.97   3719652   3850924        84      2184
01:13:08 PM    121744     20536   7885280     99.74        24     56612   8786068     31.97   3722976   3848576       104      2184
01:13:13 PM    121744     20596   7885220     99.74        24     56712   8786068     31.97   3723100   3848576       108      2184
01:13:18 PM    169108     67972   7837844     99.14        24     56712   8786068     31.97   3802244   3728804       112      2184
01:13:23 PM    169108     67972   7837844     99.14        24     56716   8786068     31.97   3802244   3728804       116      2184
01:13:28 PM    183344     82620   7823196     98.95        24     57540   8786068     31.97   4087940   3419116        36      2184
01:13:33 PM    182972     82484   7823332     98.96        24     58036   8786068     31.97   4088064   3419460        36      2184
01:13:38 PM    170896     72512   7833304     99.08        24     62220   8786068     31.97   4094468   3417916       128      2184
01:13:43 PM    169268     72088   7833728     99.09        24     64628   8786068     31.97   4096876   3417916       148      2184
01:13:48 PM    169132     71956   7833860     99.09        24     64636   8786068     31.97   4097692   3417328       148      2184
01:13:53 PM    169132     71956   7833860     99.09        24     64636   8786068     31.97   4097692   3417328       148      2184
01:13:58 PM    122172     25100   7880716     99.68        24     64844   8786068     31.97   4781660   2780960         0      2184
01:14:03 PM    122172     25100   7880716     99.68        24     64844   8786068     31.97   4781660   2780960        20      2184
01:14:08 PM    118140     21828   7883988     99.72        24     66364   8786068     31.97   4784064   2781264        20      2184
01:14:13 PM    118140     21828   7883988     99.72        24     66364   8786068     31.97   4784064   2781264        20      2184
01:14:18 PM    196696    100384   7805432     98.73        24     66460   8786068     31.97   4860252   2634984        96      2184
01:14:23 PM    196504    100192   7805624     98.73        24     66460   8786068     31.97   4860252   2634984       116      2184
01:14:28 PM    189844     87496   7818320     98.89        24     53124   8786068     31.97   1067528   6449144       116       136
01:14:33 PM    187248     85740   7820076     98.92        24     54820   8786068     31.97   1069232   6449144       116       136
01:14:38 PM    187248     85772   7820044     98.92        24     54820   8786068     31.97   1069420   6449144       116       136
01:14:43 PM    187248     85772   7820044     98.92        24     54820   8786068     31.97   1069420   6449144       116       136
01:14:48 PM    187248     85772   7820044     98.92        24     54820   8786068     31.97   1069420   6449144       116       136
01:14:53 PM    186996     85584   7820232     98.92        24     55108   8786068     31.97   1069420   6449268         0       136
01:14:58 PM    153424     52008   7853808     99.34        24     55052   8786068     31.97   1202060   6342352        20       136
01:15:03 PM    153424     52064   7853752     99.34        24     55052   8786068     31.97   1201996   6342316        20       136
01:15:08 PM    153424     52064   7853752     99.34        24     55052   8786068     31.97   1201996   6342316        20       136
01:15:13 PM    153424     52064   7853752     99.34        24     55052   8786068     31.97   1203024   6341516        20       136
01:15:18 PM    153424     52064   7853752     99.34        24     55052   8786068     31.97   1203028   6341516        20       136
01:15:23 PM    149328     47968   7857848     99.39        24     55052   8786068     31.97   1205368   6339568        20       136
01:15:28 PM    186712     73740   7832076     99.07        12     31984   8786068     31.97   6346660   1159104        96       136
01:15:33 PM    186488     73556   7832260     99.07        12     32028   8786068     31.97   6346744   1159124       116       136
01:15:38 PM    186236     73304   7832512     99.07        12     32028   8786068     31.97   6346744   1159124       116       136
01:15:43 PM    186236     73304   7832512     99.07        12     32028   8786068     31.97   6346744   1159124       116       136
01:15:48 PM    186236     73304   7832512     99.07        12     32028   8786068     31.97   6346748   1159124       116       136
01:15:53 PM    180592     67660   7838156     99.14        12     32028   8786068     31.97   6350120   1156440       116       136
01:15:58 PM    142940     28188   7877628     99.64        24     28516   8786068     31.97   4466120   3080312        12       132
01:16:03 PM    125820     19904   7885912     99.75        24     46060   8786068     31.97   4484756   3080448        20       132
01:16:08 PM    119296     14532   7891284     99.82        24     48368   8786068     31.97   4490264   3080448        20       132
01:16:13 PM    130452     38496   7867320     99.51        24     74080   8786068     31.97   4492072   3072912       192       132
01:16:18 PM    129948     39396   7866420     99.50        24     76800   8786068     31.97   4495028   3072956       228       132
01:16:23 PM    129948     39400   7866416     99.50        24     76796   8786068     31.97   4495048   3072960       224       132
01:16:28 PM    160460     66500   7839316     99.16        24     70032   8786068     31.97   4422028   3114796       144       132
01:16:33 PM    147924     55260   7850556     99.30        24     72712   8786068     31.97   4425240   3115152       212       132
01:16:38 PM    147924     55260   7850556     99.30        24     72712   8786068     31.97   4425240   3115152       220       132
01:16:43 PM    135952     45508   7860308     99.42        24     77004   8786068     31.97   4430612   3115236       100       132
01:16:48 PM    135952     45508   7860308     99.42        24     77004   8786068     31.97   4430612   3115236       100       132
01:16:53 PM    137376     46936   7858880     99.41        24     77012   8786068     31.97   4431480   3115184       108       132
01:16:58 PM    140328     29428   7876388     99.63        12     37092   8786068     31.97   3438244   4116004       108       128
01:17:03 PM    140076     29396   7876420     99.63        24     37480   8786068     31.97   3438396   4116316        28       128
01:17:08 PM    136296     27600   7878216     99.65        24     41576   8786068     31.97   3442280   4116400        84       128
01:17:13 PM    128484     22280   7883536     99.72        24     46520   8786068     31.97   3447224   4116440       100       128
01:17:18 PM    128484     22280   7883536     99.72        24     46520   8786068     31.97   3447224   4116440       100       128
01:17:23 PM    128484     22336   7883480     99.72        24     46520   8786068     31.97   3447332   4116440       100       128
01:17:28 PM    212176     96800   7809016     98.78        24     28108   8786068     31.97   2830084   4653888       100       128
01:17:33 PM    196340     90992   7814824     98.85        24     48296   8786068     31.97   2850664   4653976       100       128
01:17:38 PM    196340     91056   7814760     98.85        24     48332   8786068     31.97   2850664   4654100        20       128
01:17:43 PM    196340     91144   7814672     98.85        24     48428   8786068     31.97   2850664   4654280        96       128
01:17:48 PM    196340     91144   7814672     98.85        24     48428   8786068     31.97   2850664   4654280       116       128
01:17:53 PM    196340     91144   7814672     98.85        24     48428   8786068     31.97   2850664   4654280       116       128
01:17:58 PM    136092     34264   7871552     99.57        12     55380   8786068     31.97   4601308   2966596       116       128
01:18:03 PM    136156     34380   7871436     99.57        12     55324   8786068     31.97   4601624   2966316       116       128
01:18:08 PM    135400     33632   7872184     99.57        12     55324   8786068     31.97   4603116   2966316       116       128
01:18:13 PM    135148     33592   7872224     99.58        24     55740   8786068     31.97   4603136   2966840        20       128
01:18:18 PM    134644     33088   7872728     99.58        24     55820   8786068     31.97   4603136   2966840        84       128
01:18:23 PM    134644     33088   7872728     99.58        24     55820   8786068     31.97   4603136   2966840       100       128
01:18:28 PM    114416     12972   7892844     99.84        24     55960   8786068     31.97   5030352   2555044       100       128
01:18:33 PM    106224      4780   7901036     99.94        24     55964   8786068     31.97   5035960   2550400       104       128
01:18:38 PM    106224      4780   7901036     99.94        24     55964   8786068     31.97   5035908   2550404       104       128
01:18:43 PM    106224      4780   7901036     99.94        24     55964   8786068     31.97   5035912   2550404        24       128
01:18:48 PM    118592     15052   7890764     99.81        24     51888   8786068     31.97   3751444   3830772        24       128
01:18:53 PM    118340     14864   7890952     99.81        24     51984   8786068     31.97   3751444   3830896        96       128
01:18:58 PM    186144     70500   7835316     99.11        12     27780   8786068     31.97   3031404   4486632       116       128
01:19:03 PM    186144     70608   7835208     99.11        12     27908   8786068     31.97   3031808   4486632       116       128
01:19:08 PM    183624     69016   7836800     99.13        12     29776   8786068     31.97   3033732   4486636       120       128
01:19:13 PM    177324     64176   7841640     99.19        12     32688   8786068     31.97   3036808   4486636       120       128
01:19:18 PM    177324     64236   7841580     99.19        12     32688   8786068     31.97   3036996   4486636        24       128
01:19:23 PM    177324     64360   7841456     99.19        24     33012   8786068     31.97   3036996   4486884        28       128
01:19:28 PM    150036     41048   7864768     99.48        24     41044   8786068     31.97   3171764   4380680        80       128
01:19:33 PM    141856     34480   7871336     99.56        24     44200   8786068     31.97   3174924   4380760       100       128
01:19:38 PM    141856     34532   7871284     99.56        24     44200   8786068     31.97   3175112   4380760       100       128
01:19:43 PM    141856     34532   7871284     99.56        24     44200   8786068     31.97   3175112   4380760       100       128
01:19:48 PM    141856     34532   7871284     99.56        24     44200   8786068     31.97   3175156   4380760       100       128
01:19:53 PM    141856     34532   7871284     99.56        24     44200   8786068     31.97   3175156   4380760        20       128
01:19:58 PM    132420     14416   7891400     99.82        12     22872   8786068     31.97   3013544   4536840        20       124
01:20:03 PM    132420     14492   7891324     99.82        12     23116   8786068     31.97   3013672   4536872        96       124
01:20:08 PM    139044     27020   7878796     99.66        12     34984   8786068     31.97   3074380   4472404       116       124
01:20:13 PM    139088     27144   7878672     99.66        12     34968   8786068     31.97   3074780   4472284       116       124
01:20:18 PM    139088     27144   7878672     99.66        12     34968   8786068     31.97   3074880   4472284       116       124
01:20:23 PM    138836     27172   7878644     99.66        12     35532   8786068     31.97   3075456   4472284       116       124
01:20:28 PM    176816     63852   7841964     99.19        12     33128   8786068     31.97   5189588   2319836        80       124
01:20:33 PM    176340     63580   7842236     99.20        24     33412   8786068     31.97   5189756   2320084        20       124
01:20:38 PM    176232     63520   7842296     99.20        24     33420   8786068     31.97   5190872   2319972        28       124
01:20:43 PM    176232     63688   7842128     99.19        24     33812   8786068     31.97   5191212   2319972        28       124
01:20:48 PM    174860     62344   7843472     99.21        24     33812   8786068     31.97   5192116   2319752        28       124
01:20:53 PM    174860     62344   7843472     99.21        24     33812   8786068     31.97   5192124   2319752        28       124
01:20:58 PM    184744     71868   7833948     99.09        12     33108   8786068     31.97   6988836    513696        28       124
01:21:03 PM    179240     69956   7835860     99.12        12     40312   8786068     31.97   6996484    513892        96       124
01:21:08 PM    178484     70700   7835116     99.11        12     43288   8786068     31.97   6999624    513892       116       124
01:21:13 PM    148748     53476   7852340     99.32        12     68344   8786068     31.97   7024784    513988       292       128
01:21:18 PM    144716     49500   7856316     99.37        12     68428   8786068     31.97   7025328    514044       324       128
01:21:23 PM    144716     49496   7856320     99.37        12     68488   8786068     31.97   7025328    514040       324       128
01:21:28 PM    128928     26128   7879688     99.67        12     53276   8786068     31.97    899248   6654740        80       128
01:21:33 PM    116860     20576   7885240     99.74        24     66460   8786068     31.97    911972   6655212       188       128
01:21:38 PM    116860     20672   7885144     99.74        24     66488   8786068     31.97    912092   6655296       216       128
01:21:43 PM    134520     40200   7865616     99.49        24     70332   8786068     31.97    968140   6579304       216       128
01:21:48 PM    134520     40252   7865564     99.49        24     70332   8786068     31.97    968360   6579304       216       128
01:21:53 PM    134520     40252   7865564     99.49        24     70332   8786068     31.97    968360   6579304       216       128
01:21:58 PM    176964     80632   7825184     98.98        24     66204   8786068     31.97   2296404   5210116       216       128
01:22:03 PM    175956     79852   7825964     98.99        24     66684   8786068     31.97   2296416   5210568         0       128
01:22:08 PM    175808     79788   7826028     98.99        24     66856   8786068     31.97   2299512   5210568        20       128
01:22:13 PM    179048     83072   7822744     98.95        24     66916   8786068     31.97   2299808   5210596        20       128
01:22:18 PM    181560     85584   7820232     98.92        24     66916   8786068     31.97   2299808   5210596        20       128
01:22:23 PM    181560     85584   7820232     98.92        24     66916   8786068     31.97   2299808   5210596        20       128
01:22:28 PM    133348     24452   7881364     99.69        16     41152   8786068     31.97   5937932   1629028        24       128
01:22:33 PM    113024      8796   7897020     99.89        16     50556   8786068     31.97   5948872   1629020        24       128
01:22:38 PM    112800      8608   7897208     99.89        16     50636   8786068     31.97   5948956   1629020        80       128
01:22:43 PM    222272    118080   7787736     98.51        16     50488   8786068     31.97   5968500   1510780       100       128
01:22:48 PM    222272    118080   7787736     98.51        16     50488   8786068     31.97   5968500   1510780       100       128
01:22:53 PM    214080    109888   7795928     98.61        16     50488   8786068     31.97   5969352   1510744       100       128
01:22:58 PM    147360     35492   7870324     99.55        12     35176   8786068     31.97   1271896   6278616       100       128
01:23:03 PM    128512     25100   7880716     99.68        24     52040   8786068     31.97   1291116   6279584        20       128
01:23:08 PM    128512     25100   7880716     99.68        24     52040   8786068     31.97   1291116   6279584        20       128
01:23:13 PM    128512     25148   7880668     99.68        24     52136   8786068     31.97   1291116   6279680        96       128
01:23:18 PM    128512     25148   7880668     99.68        24     52136   8786068     31.97   1291116   6279680       116       128
01:23:23 PM    128512     25148   7880668     99.68        24     52136   8786068     31.97   1291116   6279680       116       128
01:23:28 PM    128792     14348   7891468     99.82        16     30056   8786068     31.97   2642328   4925188       116       128
01:23:33 PM    127028     14660   7891156     99.81        16     34136   8786068     31.97   2646792   4925188       116       128
01:23:38 PM    127028     14660   7891156     99.81        16     34136   8786068     31.97   2646792   4925188       116       128
01:23:43 PM    126776     14532   7891284     99.82        24     34488   8786068     31.97   2646808   4925436        20       128
01:23:48 PM    126776     14532   7891284     99.82        24     34572   8786068     31.97   2646808   4925440        80       128
01:23:53 PM    126776     14628   7891188     99.81        24     34572   8786068     31.97   2646820   4925632       100       128
01:23:58 PM    187452     74128   7831688     99.06        24     32216   8786068     31.97   2784228   4721944       100       128
01:24:03 PM    187228     73904   7831912     99.07        24     32216   8786068     31.97   2784244   4721944       100       128
01:24:08 PM    166916     61504   7844312     99.22        24     48212   8786068     31.97   2803508   4721944       100       128
01:24:13 PM    166596     61316   7844500     99.22        24     48308   8786068     31.97   2804108   4721944        20       128
01:24:18 PM    166344     61128   7844688     99.23        24     48556   8786068     31.97   2804108   4722068        28       128
01:24:23 PM    166344     61236   7844580     99.23        24     48652   8786068     31.97   2804108   4722288        96       128
01:24:28 PM    122920     15684   7890132     99.80        16     44488   8786068     31.97   3594992   3976384       116       128
01:24:33 PM    137084     29888   7875928     99.62        16     44480   8786068     31.97   3602668   3967964       116       128
01:24:38 PM    136860     29664   7876152     99.62        16     44480   8786068     31.97   3602668   3967964       116       128
01:24:43 PM    124068     16872   7888944     99.79        16     44480   8786068     31.97   3611972   3959568       116       128
01:24:48 PM    124068     16872   7888944     99.79        16     44480   8786068     31.97   3611972   3959568        20       128
01:24:53 PM    130076     23044   7882772     99.71        24     44800   8786068     31.97   3619456   3952948        20       128
01:24:58 PM    121020      2448   7903368     99.97        24     21720   8786068     31.97   4401932   3178320        80       128
01:25:03 PM    118024    118024   7787792     98.51        24     21740   8786068     31.97   4401948   3178304       100       128
01:25:08 PM    118024    118024   7787792     98.51        24     21740   8786068     31.97   4401948   3178324       100       128
01:25:13 PM    110972    110972   7794844     98.60        24     25180   8786068     31.97   4405388   3178324       100       128
01:25:18 PM    110968    110968   7794848     98.60        24     25280   8786068     31.97   4405424   3178324       100       128
01:25:23 PM    110968    110968   7794848     98.60        24     25280   8786068     31.97   4405496   3178324        20       128
01:25:28 PM    157072     34408   7871408     99.56        12     13568   8786068     31.97   6024572   1520664        20       128
01:25:33 PM    156848     34260   7871556     99.57        12     13716   8786068     31.97   6024588   1520808        96       128
01:25:38 PM    156848     34260   7871556     99.57        12     13716   8786068     31.97   6024672   1520808       116       128
01:25:43 PM    140796     22936   7882880     99.71        12     23180   8786068     31.97   6034132   1520808       120       128
01:25:48 PM    139740     21972   7883844     99.72        12     23360   8786068     31.97   6034336   1520808       120       128
01:25:53 PM    139488     21720   7884096     99.73        12     23360   8786068     31.97   6034336   1520808       120       128
01:25:58 PM    161428     43252   7862564     99.45        12     22500   8786068     31.97   3869132   3652608        24       128
01:26:03 PM    144832     35004   7870812     99.56        24     39436   8786068     31.97   3886692   3652852        24       128
01:26:08 PM    142980     34456   7871360     99.56        24     41848   8786068     31.97   3892380   3653024        80       128
01:26:13 PM    190132     94312   7811504     98.81        24     67352   8786068     31.97   3999412   3494512       272       128
01:26:18 PM    189908     94456   7811360     98.81        24     67980   8786068     31.97   4000548   3494556       308       128
01:26:23 PM    189684     94292   7811524     98.81        24     68164   8786068     31.97   4000672   3494560       312       128
01:26:28 PM    160524     53668   7852148     99.32        12     45376   8786068     31.97   2211264   5317556       308       128
01:26:33 PM    139576     40532   7865284     99.49        16     60868   8786068     31.97   2231028   5317712       104       128
01:26:38 PM    130844     31908   7873908     99.60        24     61152   8786068     31.97   2232760   5317268        24       128
01:26:43 PM    128352     32172   7873644     99.59        24     66604   8786068     31.97   2238252   5317488        80       128
01:26:48 PM    115840     19716   7886100     99.75        24     66644   8786068     31.97   2240584   5316416       100       128
01:26:53 PM    115840     19716   7886100     99.75        24     66644   8786068     31.97   2240584   5316416       100       128
01:26:58 PM    199984    104220   7801596     98.68        24     67380   8786068     31.97   2374220   5110456       100       128
01:27:03 PM    199760    103996   7801820     98.68        24     67380   8786068     31.97   2374220   5110456        20       128
01:27:08 PM    192272     96520   7809296     98.78        24     67396   8786068     31.97   2376448   5109428        20       128
01:27:13 PM    192272     96644   7809172     98.78        24     67668   8786068     31.97   2376464   5109676        20       128
01:27:18 PM    185772     90204   7815612     98.86        24     67748   8786068     31.97   2377436   5109268        80       128
01:27:23 PM    185772     90204   7815612     98.86        24     67748   8786068     31.97   2377436   5109268       100       128
01:27:28 PM    146188     42192   7863624     99.47        12     50904   8786068     31.97   3144188   4401624       100       128
01:27:33 PM    125624     22988   7882828     99.71        12     53692   8786068     31.97   3169236   4401732       100       128
01:27:38 PM    125400     22800   7883016     99.71        12     53692   8786068     31.97   3169384   4401736       100       128
01:27:43 PM    125400     22800   7883016     99.71        12     53692   8786068     31.97   3169388   4401736        20       128
01:27:48 PM    124896     22420   7883396     99.72        24     53932   8786068     31.97   3169388   4401988        20       128
01:27:53 PM    124896     22420   7883396     99.72        24     54012   8786068     31.97   3169388   4401988        80       128
01:27:58 PM    135896     15872   7889944     99.80        12     18840   8786068     31.97   4121268   3434032       100       124
01:28:03 PM    179816     67620   7838196     99.14        12     34540   8786068     31.97   4186008   3333072       108       124
01:28:08 PM    160208     54740   7851076     99.31        12     47956   8786068     31.97   4203208   3333108       108       124
01:28:13 PM    159908     54552   7851264     99.31        12     48176   8786068     31.97   4203672   3333108       108       124
01:28:18 PM    159908     54552   7851264     99.31        12     48176   8786068     31.97   4203692   3333108        28       124
01:28:23 PM    159908     54676   7851140     99.31        24     48492   8786068     31.97   4203692   3333356        28       124
01:28:28 PM    146296     43476   7862340     99.45        24     53384   8786068     31.97   4402292   3142568        80       124
01:28:33 PM    145996     43176   7862640     99.45        24     53396   8786068     31.97   4402576   3142568       104       124
01:28:38 PM    134904     32164   7873652     99.59        24     53396   8786068     31.97   4412440   3134072       104       124
01:28:43 PM    134904     32164   7873652     99.59        24     53396   8786068     31.97   4412440   3134072       104       124
01:28:48 PM    131276     28536   7877280     99.64        24     53396   8786068     31.97   4419588   3127760       104       124
01:28:53 PM    131276     28536   7877280     99.64        24     53396   8786068     31.97   4419588   3127760        24       124
01:28:58 PM    117016     11684   7894132     99.85        24     48212   8786068     31.97   4702664   2880416        28       124
01:29:03 PM    202524     97136   7808680     98.77        24     48220   8786068     31.97   4724244   2773832        84       124
01:29:08 PM    198256     92868   7812948     98.83        24     48220   8786068     31.97   4726616   2771940       100       124
01:29:13 PM    198176     92848   7812968     98.83        24     48220   8786068     31.97   4726684   2771872       100       124
01:29:18 PM    194080     88752   7817064     98.88        24     48220   8786068     31.97   4727908   2771012       100       124
01:29:23 PM    194080     88752   7817064     98.88        24     48220   8786068     31.97   4727844   2770868       100       124
01:29:28 PM    129652     15080   7890736     99.81         8     29800   8786068     31.97   2766616   4801620        20       124
01:29:33 PM    133292     18488   7887328     99.77        20     29452   8786068     31.97   2936360   4628352        20       124
01:29:38 PM    133040     18276   7887540     99.77        20     29532   8786068     31.97   2936360   4628428        80       124
01:29:43 PM    133040     18364   7887452     99.77        20     29532   8786068     31.97   2936440   4628608       100       124
01:29:48 PM    133040     18364   7887452     99.77        20     29532   8786068     31.97   2936444   4628608       100       124
01:29:53 PM    133040     18364   7887452     99.77        20     29532   8786068     31.97   2936444   4628608       100       124
01:29:58 PM    119916       376   7905440    100.00         8     19668   8786068     31.97   4395396   3180860       100       124
01:30:03 PM    195460     75852   7829964     99.04         8     19680   8786068     31.97   4584220   2918992        20       124
01:30:08 PM    179584     66588   7839228     99.16        20     33016   8786068     31.97   4599704   2919276        20       124
01:30:13 PM    179584     66692   7839124     99.16        20     33096   8786068     31.97   4599932   2919356        80       124
01:30:18 PM    179584     66692   7839124     99.16        20     33096   8786068     31.97   4599932   2919356       100       124
01:30:23 PM    179584     66692   7839124     99.16        20     33096   8786068     31.97   4599932   2919356       100       124
01:30:28 PM    134308     21072   7884744     99.73        20     32408   8786068     31.97   5684336   1884620       100       124
01:30:33 PM    157292     41568   7864248     99.47        20     27432   8786068     31.97   4109308   3426400       100       124
01:30:38 PM    157212     41488   7864328     99.48        20     27432   8786068     31.97   4109308   3426400        20       124
01:30:43 PM    160184     44612   7861204     99.44        20     27736   8786068     31.97   4110828   3425720        20       124
01:30:48 PM    159932     44400   7861416     99.44        20     27816   8786068     31.97   4110848   3425800        80       124
01:30:53 PM    153816     38284   7867532     99.52        20     27816   8786068     31.97   4114928   3422244       100       124
01:30:58 PM    117432       300   7905516    100.00         8     24728   8786068     31.97   2754648   4814916       100       124
01:31:03 PM    193960     83824   7821992     98.94         8     38624   8786068     31.97   3048272   4442320       100       124
01:31:08 PM    189956     80992   7824824     98.98         8     40992   8786068     31.97   3050896   4442320       100       124
01:31:13 PM    163748     67260   7838556     99.15         8     65964   8786068     31.97   3075988   4442412       192       128
01:31:18 PM    163748     67652   7838164     99.14        20     66812   8786068     31.97   3077068   4442684       192       128
01:31:23 PM    163748     67764   7838052     99.14        20     66924   8786068     31.97   3077180   4442876       288       128
01:31:28 PM    109528     12668   7893148     99.84        20     65332   8786068     31.97   3226252   4352408       300       128
01:31:33 PM    173480     74128   7831688     99.06        12     60196   8786068     31.97   4171596   3348832       188       128
01:31:38 PM    173480     74128   7831688     99.06        12     60196   8786068     31.97   4171596   3348832       188       128
01:31:43 PM    168188     71796   7834020     99.09        12     66112   8786068     31.97   4177672   3348844        36       128
01:31:48 PM    168040     71736   7834080     99.09        20     66448   8786068     31.97   4177672   3349016        36       128
01:31:53 PM    167936     71716   7834100     99.09        20     66448   8786068     31.97   4177672   3349188        36       128
01:31:58 PM    151848     55728   7850088     99.30        20     66660   8786068     31.97   4189372   3349256        84       128
01:32:03 PM    187640     78472   7827344     99.01         8     40668   8786068     31.97    644108   6847448       100       128
01:32:08 PM    188340     79184   7826632     99.00         8     40688   8786068     31.97    644228   6847448       104       128
01:32:13 PM    190168     81212   7824604     98.97         8     40988   8786068     31.97    647980   6847452       104       128
01:32:18 PM    190420     81652   7824164     98.97         8     41380   8786068     31.97    648368   6847452       104       128
01:32:23 PM    190420     81660   7824156     98.97         8     41380   8786068     31.97    648444   6847452        24       128
01:32:28 PM    189768     81132   7824684     98.97        20     41824   8786068     31.97    648444   6847700        24       128
01:32:33 PM    183800     86840   7818976     98.90        20     64972   8786068     31.97   1059984   6445188       220       132
01:32:38 PM    183800     86840   7818976     98.90        20     64972   8786068     31.97   1059984   6445188       224       132
01:32:43 PM    165556     68596   7837220     99.13        20     64972   8786068     31.97   1126620   6380000       224       132
01:32:48 PM    165096     68136   7837680     99.14        20     64972   8786068     31.97   1126648   6379680       224       132
01:32:53 PM    165096     68136   7837680     99.14        20     64972   8786068     31.97   1126648   6379680       224       132
01:32:58 PM    163616     66656   7839160     99.16        20     64972   8786068     31.97   1127356   6379208        96       132
01:33:03 PM    149928     54856   7850960     99.31        20     68756   8786068     31.97   5796712   1746164        20       132
01:33:08 PM    149928     54880   7850936     99.31        20     68888   8786068     31.97   5796908   1746164        96       132
01:33:13 PM    149676     54628   7851188     99.31        20     68888   8786068     31.97   5796960   1746164       100       132
01:33:18 PM    149676     54676   7851140     99.31        20     68888   8786068     31.97   5796984   1746244       100       132
01:33:23 PM    149676     54676   7851140     99.31        20     68888   8786068     31.97   5796984   1746244       100       132
01:33:28 PM    149676     54676   7851140     99.31        20     68888   8786068     31.97   5797004   1746244       100       132
01:33:33 PM    141880     24104   7881712     99.70         4     23456   8786068     31.97   1479600   6070416        20       132
01:33:38 PM    141628     24096   7881720     99.70        16     23836   8786068     31.97   1479872   6070708        20       132
01:33:43 PM    137596     21344   7884472     99.73        16     26392   8786068     31.97   1482396   6070792        92       132
01:33:48 PM    137596     21344   7884472     99.73        16     26392   8786068     31.97   1482408   6070792       100       132
01:33:53 PM    137596     21344   7884472     99.73        16     26392   8786068     31.97   1482412   6070792       100       132
01:33:58 PM    137596     21344   7884472     99.73        16     26392   8786068     31.97   1482416   6070792       100       132
01:34:03 PM    125520      6268   7899548     99.92         4     20472   8786068     31.97   3876824   3685036       100       132
01:34:08 PM    123124      6304   7899512     99.92         4     25440   8786068     31.97   3881748   3685040        24       132
01:34:13 PM    166560     56924   7848892     99.28        16     39624   8786068     31.97   4185772   3344500        24       132
01:34:18 PM    166560     56964   7848852     99.28        16     39704   8786068     31.97   4185808   3344580        80       132
01:34:23 PM    166560     56964   7848852     99.28        16     39704   8786068     31.97   4185808   3344580       100       132
01:34:28 PM    166560     57116   7848700     99.28        16     40136   8786068     31.97   4186176   3344580       100       132
01:34:33 PM    125016     14928   7890888     99.81        16     38748   8786068     31.97   5031620   2544932       100       132
01:34:38 PM    125016     14944   7890872     99.81        16     38752   8786068     31.97   5031704   2544936       104       132
01:34:43 PM    125016     14944   7890872     99.81        16     38752   8786068     31.97   5031704   2544936        24       132
01:34:48 PM    125016     15048   7890768     99.81        16     38960   8786068     31.97   5031716   2545144        24       132
01:34:53 PM    124764     14796   7891020     99.81        16     39040   8786068     31.97   5031724   2545144        96       132
01:34:58 PM    124764     14836   7890980     99.81        16     39040   8786068     31.97   5031728   2545224       100       132
01:35:03 PM    117320      2712   7903104     99.97         4     29760   8786068     31.97   1537952   6034028        80       128
01:35:08 PM    117240      2888   7902928     99.96         4     30196   8786068     31.97   1538452   6034160       100       128
01:35:13 PM    117240      4948   7900868     99.94         4     34320   8786068     31.97   1542588   6034160       100       128
01:35:18 PM    117240      4948   7900868     99.94         4     34416   8786068     31.97   1542604   6034160       100       128
01:35:23 PM    191788     79596   7826220     98.99        16     34592   8786068     31.97   1579708   5922028        20       128
01:35:28 PM    191828     79700   7826116     98.99        16     34636   8786068     31.97   1579896   5921936       108       128
01:35:33 PM    202520     90676   7815140     98.85        16     35204   8786068     31.97   1689048   5804692       108       128
01:35:38 PM    202520     90676   7815140     98.85        16     35204   8786068     31.97   1689116   5804692       108       128
01:35:43 PM    202268     90424   7815392     98.86        16     35204   8786068     31.97   1689168   5804692       108       128
01:35:48 PM    202268     90424   7815392     98.86        16     35204   8786068     31.97   1689176   5804692       108       128
01:35:53 PM    202268     90424   7815392     98.86        16     35204   8786068     31.97   1689176   5804692       108       128
01:35:58 PM    194204     84816   7821000     98.93        16     40152   8786068     31.97   1693732   5805068         0       128
01:36:03 PM    139268     32712   7873104     99.59        16     45804   8786068     31.97   1750944   5805120        20       128
01:36:08 PM    139044     32500   7873316     99.59        16     45804   8786068     31.97   1751272   5805120        20       128
01:36:13 PM    218944    123936   7781880     98.43        16     68880   8786068     31.97   3692872   3770664       192       128
01:36:18 PM    217208    122216   7783600     98.45        16     68936   8786068     31.97   3693348   3770688       224       128
01:36:23 PM    217208    122228   7783588     98.45        16     68936   8786068     31.97   3693356   3770716       228       128
01:36:28 PM    216956    122040   7783776     98.46        16     69164   8786068     31.97   3693488   3770716       144       128
01:36:33 PM    142696     40992   7864824     99.48         4     55552   8786068     31.97   2865684   4682744       284       128
01:36:38 PM    142696     41072   7864744     99.48         4     55792   8786068     31.97   2865888   4682748       304       128
01:36:43 PM    138284     38936   7866880     99.51        16     60152   8786068     31.97   2870224   4682980       184       128
01:36:48 PM    138160     38856   7866960     99.51        16     60312   8786068     31.97   2870448   4683048        24       128
01:36:53 PM    138160     38872   7866944     99.51        16     60312   8786068     31.97   2870448   4683076        24       128
01:36:58 PM    138160     38872   7866944     99.51        16     60312   8786068     31.97   2870448   4683076        24       128
01:37:03 PM    203956    104744   7801072     98.68        16     60548   8786068     31.97   2908892   4578604        80       128
01:37:08 PM    203956    104744   7801072     98.68        16     60548   8786068     31.97   2908900   4578604       100       128
01:37:13 PM    203956    104784   7801032     98.67        16     60548   8786068     31.97   2908988   4578708       100       128
01:37:18 PM    203956    104784   7801032     98.67        16     60548   8786068     31.97   2908988   4578708       100       128
01:37:23 PM    203956    104784   7801032     98.67        16     60548   8786068     31.97   2908988   4578708       100       128
01:37:28 PM    203956    104784   7801032     98.67        16     60548   8786068     31.97   2909004   4578708       100       128
01:37:33 PM    121704     16428   7889388     99.79        16     48404   8786068     31.97   1323356   6250636         0       128
01:37:38 PM    121704     16484   7889332     99.79        16     48676   8786068     31.97   1323460   6250656        20       128
01:37:43 PM    121704     16600   7889216     99.79        16     48680   8786068     31.97   1323756   6250716        24       128
01:37:48 PM    121704     16600   7889216     99.79        16     48680   8786068     31.97   1323756   6250716        24       128
01:37:53 PM    121704     16600   7889216     99.79        16     48680   8786068     31.97   1323756   6250716        24       128
01:37:58 PM    121704     16600   7889216     99.79        16     48680   8786068     31.97   1323756   6250716        24       128
01:38:03 PM    137524     37644   7868172     99.52        16     59124   8786068     31.97   1769852   5787276        24       124
01:38:08 PM    137288     37472   7868344     99.53        16     59368   8786068     31.97   1769988   5787120        80       124
01:38:13 PM    126200     28612   7877204     99.64        16     63708   8786068     31.97   1778768   5787396        20       124
01:38:18 PM    126200     28612   7877204     99.64        16     63708   8786068     31.97   1778768   5787396        20       124
01:38:23 PM    126200     28612   7877204     99.64        16     63708   8786068     31.97   1778768   5787396        20       124
01:38:28 PM    126200     28732   7877084     99.64        16     63948   8786068     31.97   1779048   5787396        20       124
01:38:33 PM    148688     41076   7864740     99.48        16     43660   8786068     31.97   5912676   1633904        20       124
01:38:38 PM    148688     41076   7864740     99.48        16     43660   8786068     31.97   5912676   1633904        20       124
01:38:43 PM    148688     41116   7864700     99.48        16     43740   8786068     31.97   5912684   1633984        80       124
01:38:48 PM    148688     41116   7864700     99.48        16     43744   8786068     31.97   5912684   1633984       104       124
01:38:53 PM    148688     41116   7864700     99.48        16     43744   8786068     31.97   5912684   1633988       104       124
01:38:58 PM    148688     41116   7864700     99.48        16     43744   8786068     31.97   5912696   1633988       104       124
01:39:03 PM    154760     35032   7870784     99.56         4     19488   8786068     31.97   1451852   6086736        80       124
01:39:08 PM    154256     34652   7871164     99.56         4     19812   8786068     31.97   1452096   6086740       108       124
01:39:13 PM    146516     29108   7876708     99.63        16     24244   8786068     31.97   1456188   6087060        28       124
01:39:18 PM    146444     29100   7876716     99.63        16     24328   8786068     31.97   1456324   6087060        32       124
01:39:23 PM    146444     29100   7876716     99.63        16     24328   8786068     31.97   1456324   6087060        32       124
01:39:28 PM    138380     25532   7880284     99.68        16     33296   8786068     31.97   1465424   6087064        32       124
01:39:33 PM    136168     24464   7881352     99.69        16     35480   8786068     31.97   1716508   5840644        32       124
01:39:38 PM    136168     24464   7881352     99.69        16     35560   8786068     31.97   1716508   5840644        80       124
01:39:43 PM    134404     24792   7881024     99.69        16     39660   8786068     31.97   1720652   5840736       100       124
01:39:48 PM    134404     24792   7881024     99.69        16     39660   8785960     31.97   1720708   5840736       100       124
Average:      2146138   2108831   5796985     73.33       808    148959   8785772     31.97   3593896   1957621       108      3027
