Linux 7.0.10-arch1-1 (archlinux) 	06/04/2026 	_x86_64_	(4 CPU)

10:06:35 AM  pgpgin/s pgpgout/s   fault/s  majflt/s  pgfree/s pgscank/s pgscand/s pgsteal/s  pgprom/s   pgdem/s
10:06:40 AM      0.00    186.40   1304.00      0.00    127.80      0.00      0.00      0.00      0.00      0.00
10:06:45 AM      0.00      0.00    199.20      0.00    315.00      0.00      0.00      0.00      0.00      0.00
10:06:50 AM      3.20    309.60      2.60      0.00      4.20      0.00      0.00      0.00      0.00      0.00
10:06:55 AM      0.00      0.80      0.00      0.00      4.20      0.00      0.00      0.00      0.00      0.00
10:07:00 AM      0.00      0.00      1.00      0.00      4.40      0.00      0.00      0.00      0.00      0.00
10:07:05 AM      0.00      0.00      0.00      0.00      0.40      0.00      0.00      0.00      0.00      0.00
10:07:10 AM      0.00     20.00      0.40      0.00    209.00      0.00      0.00      0.00      0.00      0.00
10:07:15 AM      0.00     20.80      0.00      0.00      4.00      0.00      0.00      0.00      0.00      0.00
10:07:20 AM      0.00    207.20      0.00      0.00    106.40      0.00      0.00      0.00      0.00      0.00
10:07:25 AM      0.00      0.00      1.20      0.00      4.60      0.00      0.00      0.00      0.00      0.00
10:07:30 AM      0.00      0.00      3.40      0.00      4.60      0.00      0.00      0.00      0.00      0.00
10:07:35 AM      0.00      0.00      0.20      0.00      0.80      0.00      0.00      0.00      0.00      0.00
10:07:40 AM      0.00      0.00      0.00      0.00      5.00      0.00      0.00      0.00      0.00      0.00
10:07:45 AM      0.00      0.00      0.00      0.00      4.00      0.00      0.00      0.00      0.00      0.00
10:07:50 AM      0.00      0.00      1.00      0.00      4.60      0.00      0.00      0.00      0.00      0.00
10:07:55 AM      0.00      0.00      0.00      0.00      4.20      0.00      0.00      0.00      0.00      0.00
10:08:00 AM      0.00    134.40      0.00      0.00      4.20      0.00      0.00      0.00      0.00      0.00
10:08:05 AM      0.00      0.00      2.00      0.00      0.80      0.00      0.00      0.00      0.00      0.00
10:08:10 AM      0.00      0.00      2.80      0.00      4.40      0.00      0.00      0.00      0.00      0.00
10:08:15 AM      0.00      0.00      0.40      0.00      4.40      0.00      0.00      0.00      0.00      0.00
10:08:20 AM      0.00      0.00      0.00      0.00      4.80      0.00      0.00      0.00      0.00      0.00
10:08:25 AM      0.00      0.00      0.00      0.00      4.20      0.00      0.00      0.00      0.00      0.00
10:08:30 AM      0.00    156.00      0.60      0.00      5.20      0.00      0.00      0.00      0.00      0.00
10:08:35 AM      0.00      0.00      0.00      0.00      0.40      0.00      0.00      0.00      0.00      0.00
10:08:40 AM      0.00     11.20      0.40      0.00      5.20      0.00      0.00      0.00      0.00      0.00
10:08:45 AM      0.00      0.00      0.00      0.00      3.80      0.00      0.00      0.00      0.00      0.00
10:08:50 AM      0.00      0.00      1.60      0.00      4.60      0.00      0.00      0.00      0.00      0.00
10:08:55 AM      0.00      0.00      0.00      0.00      4.00      0.00      0.00      0.00      0.00      0.00
10:09:00 AM      0.00     57.60      0.40      0.00      4.40      0.00      0.00      0.00      0.00      0.00
10:09:05 AM      3.20    143.20      0.20      0.00      1.00      0.00      0.00      0.00      0.00      0.00
10:09:10 AM      0.00      0.00      0.00      0.00      4.40      0.00      0.00      0.00      0.00      0.00
10:09:15 AM      0.00      0.00      0.00      0.00      4.20      0.00      0.00      0.00      0.00      0.00
10:09:20 AM      0.00      7.20      0.00      0.00      4.40      0.00      0.00      0.00      0.00      0.00
10:09:25 AM      0.00      1.60      1.60      0.00      4.40      0.00      0.00      0.00      0.00      0.00
10:09:30 AM      0.00      0.00      0.00      0.00      4.40      0.00      0.00      0.00      0.00      0.00
10:09:35 AM      0.00    194.40      0.00      0.00      1.80      0.00      0.00      0.00      0.00      0.00
10:09:40 AM      0.00      0.00      0.00      0.00      5.40      0.00      0.00      0.00      0.00      0.00
10:09:45 AM      0.00      0.00      0.20      0.00      4.40      0.00      0.00      0.00      0.00      0.00
10:09:50 AM      0.00      0.00      0.00      0.00      4.80      0.00      0.00      0.00      0.00      0.00
10:09:55 AM      0.00      7.20      1.80      0.00      5.20      0.00      0.00      0.00      0.00      0.00
10:10:00 AM      0.00      1.60      0.00      0.00      4.40      0.00      0.00      0.00      0.00      0.00
10:10:05 AM      9.60    200.80      0.00      0.00      1.20      0.00      0.00      0.00      0.00      0.00
10:10:10 AM      0.00      0.00      1.20      0.00      4.60      0.00      0.00      0.00      0.00      0.00
10:10:15 AM      0.00     36.80      0.40      0.00      6.60      0.00      0.00      0.00      0.00      0.00
10:10:20 AM      0.00     14.40      2.80      0.00      8.00      0.00      0.00      0.00      0.00      0.00
10:10:25 AM      0.00      7.20    282.00      0.00    220.80      0.00      0.00      0.00      0.00      0.00
10:10:30 AM      0.00      0.00      0.00      0.00      4.00      0.00      0.00      0.00      0.00      0.00
10:10:35 AM      0.00     68.00      0.00      0.00      2.00      0.00      0.00      0.00      0.00      0.00
10:10:40 AM      0.00    175.20      0.00      0.00      4.20      0.00      0.00      0.00      0.00      0.00
10:10:45 AM      0.00      0.00      0.80      0.00      9.60      0.00      0.00      0.00      0.00      0.00
10:10:50 AM      0.00      0.00      0.00      0.00      4.00      0.00      0.00      0.00      0.00      0.00
10:10:55 AM      0.00      8.00      0.00      0.00      4.40      0.00      0.00      0.00      0.00      0.00
10:11:00 AM      0.00      0.00      1.80      0.00      4.20      0.00      0.00      0.00      0.00      0.00
10:11:05 AM      0.00      0.00      0.00      0.00      0.80      0.00      0.00      0.00      0.00      0.00
10:11:10 AM      0.00    108.00      0.00      0.00      5.60      0.00      0.00      0.00      0.00      0.00
10:11:15 AM      0.00      0.00      0.20      0.00      4.00      0.00      0.00      0.00      0.00      0.00
10:11:20 AM      0.00      0.00      0.00      0.00      4.20      0.00      0.00      0.00      0.00      0.00
10:11:25 AM      0.00      0.00      0.00      0.00      4.60      0.00      0.00      0.00      0.00      0.00
10:11:30 AM      0.00      8.00      1.80      0.00      4.20      0.00      0.00      0.00      0.00      0.00
10:11:35 AM      0.00      0.00      0.00      0.00      0.80      0.00      0.00      0.00      0.00      0.00
10:11:40 AM      0.00    143.20      0.00      0.00      5.40      0.00      0.00      0.00      0.00      0.00
10:11:45 AM      0.00      4.00      0.00      0.00      4.40      0.00      0.00      0.00      0.00      0.00
10:11:50 AM      0.00      0.00      0.40      0.00      4.20      0.00      0.00      0.00      0.00      0.00
10:11:55 AM      0.00      0.00      0.00      0.00      4.60      0.00      0.00      0.00      0.00      0.00
10:12:00 AM      0.00      7.20      1.80      0.00      4.00      0.00      0.00      0.00      0.00      0.00
10:12:05 AM      0.00      0.00      0.20      0.00      1.20      0.00      0.00      0.00      0.00      0.00
10:12:10 AM      6.40    175.20      0.00      0.00      4.20      0.00      0.00      0.00      0.00      0.00
10:12:15 AM      0.00      0.00      0.00      0.00      4.40      0.00      0.00      0.00      0.00      0.00
10:12:20 AM      0.00      3.20      0.00      0.00      4.20      0.00      0.00      0.00      0.00      0.00
10:12:25 AM      0.00      0.00      0.00      0.00      4.40      0.00      0.00      0.00      0.00      0.00
10:12:30 AM      0.00      8.00      2.00      0.00      4.00      0.00      0.00      0.00      0.00      0.00
10:12:35 AM      0.00      0.00      0.00      0.00      1.00      0.00      0.00      0.00      0.00      0.00
10:12:40 AM      0.00    143.20      0.00      0.00      4.20      0.00      0.00      0.00      0.00      0.00
10:12:45 AM      0.00      0.00      0.00      0.00      4.60      0.00      0.00      0.00      0.00      0.00
10:12:50 AM      0.00      0.00      0.00      0.00      4.40      0.00      0.00      0.00      0.00      0.00
10:12:55 AM      0.00      4.00      0.00      0.00      4.40      0.00      0.00      0.00      0.00      0.00
10:13:00 AM      0.00      0.00      0.00      0.00      4.20      0.00      0.00      0.00      0.00      0.00
10:13:05 AM      0.00      8.00      0.00      0.00      1.00      0.00      0.00      0.00      0.00      0.00
10:13:10 AM      0.00      0.00      2.00      0.00      4.60      0.00      0.00      0.00      0.00      0.00
10:13:15 AM      0.00    207.20      0.00      0.00      4.20      0.00      0.00      0.00      0.00      0.00
10:13:20 AM      0.00      0.00      0.20      0.00      4.20      0.00      0.00      0.00      0.00      0.00
10:13:25 AM      0.00      0.00      0.00      0.00      4.40      0.00      0.00      0.00      0.00      0.00
10:13:30 AM      0.00      4.00      0.20      0.00      4.20      0.00      0.00      0.00      0.00      0.00
10:13:35 AM      0.00      0.00      0.00      0.00      1.00      0.00      0.00      0.00      0.00      0.00
10:13:40 AM      0.00      9.60      2.20      0.00      4.20      0.00      0.00      0.00      0.00      0.00
10:13:45 AM      0.00    149.60      0.00      0.00      4.60      0.00      0.00      0.00      0.00      0.00
10:13:50 AM      0.00      0.00      0.00      0.00      5.00      0.00      0.00      0.00      0.00      0.00
10:13:55 AM      0.00      0.00      0.00      0.00      4.80      0.00      0.00      0.00      0.00      0.00
10:14:00 AM      0.00      0.00      0.40      0.00      4.60      0.00      0.00      0.00      0.00      0.00
10:14:05 AM      0.00      5.60      0.00      0.00      0.80      0.00      0.00      0.00      0.00      0.00
10:14:10 AM      0.00     10.40      2.40      0.00      4.80      0.00      0.00      0.00      0.00      0.00
10:14:15 AM      0.00    232.80      0.60      0.00      4.00      0.00      0.00      0.00      0.00      0.00
10:14:20 AM      0.00      0.00      0.00      0.00      4.80      0.00      0.00      0.00      0.00      0.00
10:14:25 AM      0.00      0.00      0.00      0.00      4.80      0.00      0.00      0.00      0.00      0.00
10:14:30 AM      0.00      0.00      0.60      0.00      4.60      0.00      0.00      0.00      0.00      0.00
10:14:35 AM      0.00      0.00      0.00      0.00      0.60      0.00      0.00      0.00      0.00      0.00
10:14:40 AM      0.00     16.80      2.60      0.00      5.00      0.00      0.00      0.00      0.00      0.00
10:14:45 AM      0.00      0.00      0.00      0.00      4.40      0.00      0.00      0.00      0.00      0.00
10:14:50 AM      0.00    181.60      0.00      0.00      4.40      0.00      0.00      0.00      0.00      0.00
10:14:55 AM      0.00      0.00      0.40      0.00      4.80      0.00      0.00      0.00      0.00      0.00
10:15:00 AM      0.00      0.00      0.00      0.00      4.00      0.00      0.00      0.00      0.00      0.00
10:15:05 AM      0.00      0.00      0.00      0.00      0.80      0.00      0.00      0.00      0.00      0.00
10:15:10 AM      0.00      0.00      0.00      0.00      4.60      0.00      0.00      0.00      0.00      0.00
10:15:15 AM      0.00     14.40      0.00      0.00      4.20      0.00      0.00      0.00      0.00      0.00
10:15:20 AM      0.00    239.20      3.20      0.00      8.40      0.00      0.00      0.00      0.00      0.00
10:15:25 AM      0.00     14.40    285.60      0.00    218.60      0.00      0.00      0.00      0.00      0.00
10:15:30 AM      0.00      0.00      0.00      0.00      4.40      0.00      0.00      0.00      0.00      0.00
10:15:35 AM      0.00      0.00      0.00      0.00      1.40      0.00      0.00      0.00      0.00      0.00
10:15:40 AM      0.00      0.00      0.00      0.00      4.80      0.00      0.00      0.00      0.00      0.00
10:15:45 AM      0.00      0.00      0.00      0.00      3.99      0.00      0.00      0.00      0.00      0.00
10:15:50 AM      0.00    248.00      2.60      0.00      4.80      0.00      0.00      0.00      0.00      0.00
10:15:55 AM      0.00      0.00      0.00      0.00      4.20      0.00      0.00      0.00      0.00      0.00
10:16:00 AM      0.00      0.00      0.20      0.00      4.40      0.00      0.00      0.00      0.00      0.00
10:16:05 AM      0.00      0.00      0.00      0.00      0.80      0.00      0.00      0.00      0.00      0.00
10:16:10 AM      0.00      0.00      0.00      0.00    465.20      0.00      0.00      0.00      0.00      0.00
10:16:15 AM      0.00      0.00      0.60      0.00      4.40      0.00      0.00      0.00      0.00      0.00
10:16:20 AM      0.00     43.20      0.00      0.00      4.20      0.00      0.00      0.00      0.00      0.00
10:16:25 AM      0.00    147.20      2.80      0.00      4.40      0.00      0.00      0.00      0.00      0.00
10:16:30 AM      0.00      0.00      0.00      0.00      4.20      0.00      0.00      0.00      0.00      0.00
10:16:35 AM      0.00      0.00      0.00      0.00      1.40      0.00      0.00      0.00      0.00      0.00
10:16:40 AM      0.00      0.00      0.00      0.00      4.60      0.00      0.00      0.00      0.00      0.00
10:16:45 AM      0.00      0.00      0.00      0.00      4.00      0.00      0.00      0.00      0.00      0.00
10:16:50 AM      0.00     32.00      0.00      0.00      4.80      0.00      0.00      0.00      0.00      0.00
10:16:55 AM      0.00     11.20      2.80      0.00      4.00      0.00      0.00      0.00      0.00      0.00
10:17:00 AM      0.00    103.20      0.00      0.00      4.40      0.00      0.00      0.00      0.00      0.00
10:17:05 AM      0.00      0.00      0.00      0.00      0.60      0.00      0.00      0.00      0.00      0.00
10:17:10 AM      0.00      0.00      0.00      0.00      4.80      0.00      0.00      0.00      0.00      0.00
10:17:15 AM      0.00      0.00      0.00      0.00      3.80      0.00      0.00      0.00      0.00      0.00
10:17:20 AM      0.00      0.00      0.00      0.00      4.00      0.00      0.00      0.00      0.00      0.00
10:17:25 AM      0.00     75.20      0.00      0.00      3.80      0.00      0.00      0.00      0.00      0.00
10:17:30 AM      0.00    143.20      0.00      0.00      4.00      0.00      0.00      0.00      0.00      0.00
10:17:35 AM      0.00      4.00      0.00      0.00      0.60      0.00      0.00      0.00      0.00      0.00
10:17:40 AM      0.00      0.00      0.00      0.00      4.00      0.00      0.00      0.00      0.00      0.00
10:17:45 AM      0.00      0.00      0.00      0.00      4.00      0.00      0.00      0.00      0.00      0.00
10:17:50 AM      0.00      0.00      0.00      0.00      4.60      0.00      0.00      0.00      0.00      0.00
10:17:55 AM      0.00      0.00      0.00      0.00      4.20      0.00      0.00      0.00      0.00      0.00
10:18:00 AM      0.00    194.40      0.00      0.00      3.80      0.00      0.00      0.00      0.00      0.00
10:18:05 AM      0.00      0.00      0.00      0.00      0.60      0.00      0.00      0.00      0.00      0.00
10:18:10 AM      0.00      5.60      0.00      0.00      4.00      0.00      0.00      0.00      0.00      0.00
10:18:15 AM      0.00      0.00      0.00      0.00      3.80      0.00      0.00      0.00      0.00      0.00
10:18:20 AM      0.00      0.00      0.00      0.00      4.00      0.00      0.00      0.00      0.00      0.00
10:18:25 AM      0.00      0.00      0.00      0.00      3.80      0.00      0.00      0.00      0.00      0.00
10:18:30 AM      0.00     32.00      0.00      0.00      4.00      0.00      0.00      0.00      0.00      0.00
10:18:35 AM      0.00      0.00      0.00      0.00      0.40      0.00      0.00      0.00      0.00      0.00
10:18:40 AM      0.00    111.20      0.00      0.00      4.20      0.00      0.00      0.00      0.00      0.00
10:18:45 AM      0.00      4.80      0.00      0.00      3.80      0.00      0.00      0.00      0.00      0.00
10:18:50 AM      0.00      0.00      0.00      0.00      4.80      0.00      0.00      0.00      0.00      0.00
10:18:55 AM      0.00      0.00      0.00      0.00      4.40      0.00      0.00      0.00      0.00      0.00
10:19:00 AM      0.00      0.00      2.60      0.00      4.20      0.00      0.00      0.00      0.00      0.00
10:19:05 AM      0.00      0.00      0.00      0.00      1.00      0.00      0.00      0.00      0.00      0.00
10:19:10 AM      0.00     64.00      0.00      0.00      5.20      0.00      0.00      0.00      0.00      0.00
10:19:15 AM      0.00    162.40      0.00      0.00      4.00      0.00      0.00      0.00      0.00      0.00
10:19:20 AM      0.00      4.00      0.00      0.00      4.20      0.00      0.00      0.00      0.00      0.00
10:19:25 AM      0.00      0.00      0.00      0.00      4.00      0.00      0.00      0.00      0.00      0.00
10:19:30 AM      0.00     10.40      0.00      0.00      3.80      0.00      0.00      0.00      0.00      0.00
10:19:35 AM      0.00      0.00      0.00      0.00      0.60      0.00      0.00      0.00      0.00      0.00
10:19:40 AM      0.00     64.00      0.00      0.00      4.40      0.00      0.00      0.00      0.00      0.00
10:19:45 AM      0.00      0.00      0.00      0.00      3.80      0.00      0.00      0.00      0.00      0.00
10:19:50 AM      3.20    156.00      0.00      0.00      4.00      0.00      0.00      0.00      0.00      0.00
10:19:55 AM      0.00      5.60      0.00      0.00      4.00      0.00      0.00      0.00      0.00      0.00
10:20:00 AM      0.00      0.00      0.00      0.00      4.00      0.00      0.00      0.00      0.00      0.00
10:20:05 AM      0.00      0.00      0.00      0.00      0.40      0.00      0.00      0.00      0.00      0.00
10:20:10 AM      0.00      0.00      0.00      0.00    106.60      0.00      0.00      0.00      0.00      0.00
10:20:15 AM      0.00      0.00      0.00      0.00      3.80      0.00      0.00      0.00      0.00      0.00
10:20:20 AM      0.00     51.20    289.60      0.00    189.40      0.00      0.00      0.00      0.00      0.00
10:20:25 AM      0.00    238.40      0.20      0.00      6.00      0.00      0.00      0.00      0.00      0.00
10:20:30 AM      0.00      4.00      0.00      0.00      3.80      0.00      0.00      0.00      0.00      0.00
10:20:35 AM      0.00      0.00      0.00      0.00      0.60      0.00      0.00      0.00      0.00      0.00
10:20:40 AM      0.00      0.00      0.00      0.00      4.00      0.00      0.00      0.00      0.00      0.00
10:20:45 AM      0.00      0.00    281.60      0.00    215.40      0.00      0.00      0.00      0.00      0.00
10:20:50 AM      0.00      0.00      0.40      0.00      3.80      0.00      0.00      0.00      0.00      0.00
10:20:55 AM      0.00     32.00      0.00      0.00      4.00      0.00      0.00      0.00      0.00      0.00
10:21:00 AM      0.00    111.20      0.00      0.00      4.00      0.00      0.00      0.00      0.00      0.00
10:21:05 AM      0.00      4.00      0.00      0.00      0.40      0.00      0.00      0.00      0.00      0.00
10:21:10 AM      0.00      0.00      0.00      0.00      4.20      0.00      0.00      0.00      0.00      0.00
10:21:15 AM      0.00      0.00      0.00      0.00      3.80      0.00      0.00      0.00      0.00      0.00
10:21:20 AM      0.00      0.00      0.20      0.00      4.00      0.00      0.00      0.00      0.00      0.00
10:21:25 AM      0.00      0.00      0.00      0.00      3.80      0.00      0.00      0.00      0.00      0.00
10:21:30 AM      0.00     32.00      0.00      0.00      4.00      0.00      0.00      0.00      0.00      0.00
10:21:35 AM      0.00    130.40      0.00      0.00      0.40      0.00      0.00      0.00      0.00      0.00
10:21:40 AM      0.00      5.60      0.00      0.00    106.60      0.00      0.00      0.00      0.00      0.00
10:21:45 AM      0.00      0.00      0.00      0.00      3.80      0.00      0.00      0.00      0.00      0.00
10:21:50 AM      0.00      0.00      0.20      0.00      3.80      0.00      0.00      0.00      0.00      0.00
10:21:55 AM      0.00      0.00      0.00      0.00      4.00      0.00      0.00      0.00      0.00      0.00
10:22:00 AM      0.00      0.00      0.00      0.00      4.00      0.00      0.00      0.00      0.00      0.00
10:22:05 AM      0.00     32.00      0.00      0.00      0.60      0.00      0.00      0.00      0.00      0.00
10:22:10 AM      0.00    111.20      0.00      0.00      4.00      0.00      0.00      0.00      0.00      0.00
10:22:15 AM      0.00      5.60      0.00      0.00      4.80      0.00      0.00      0.00      0.00      0.00
10:22:20 AM      0.00      0.00      0.00      0.00      3.80      0.00      0.00      0.00      0.00      0.00
10:22:25 AM      0.00      0.00      0.00      0.00      4.00      0.00      0.00      0.00      0.00      0.00
10:22:30 AM      0.00      0.00      0.00      0.00      3.80      0.00      0.00      0.00      0.00      0.00
10:22:35 AM      0.00      0.00      0.00      0.00      0.40      0.00      0.00      0.00      0.00      0.00
10:22:40 AM      0.00     32.00      0.00      0.00      4.20      0.00      0.00      0.00      0.00      0.00
10:22:45 AM      0.00    130.40      0.00      0.00      4.60      0.00      0.00      0.00      0.00      0.00
10:22:50 AM      0.00      4.00      0.00      0.00      4.00      0.00      0.00      0.00      0.00      0.00
10:22:55 AM      0.00      0.00      0.00      0.00      3.80      0.00      0.00      0.00      0.00      0.00
10:23:00 AM      0.00      0.00      0.00      0.00      4.20      0.00      0.00      0.00      0.00      0.00
10:23:05 AM      0.00      0.00      0.00      0.00      0.40      0.00      0.00      0.00      0.00      0.00
10:23:10 AM      0.00      0.00      0.00      0.00      4.00      0.00      0.00      0.00      0.00      0.00
10:23:15 AM      0.00     32.00      0.00      0.00      4.80      0.00      0.00      0.00      0.00      0.00
10:23:20 AM      0.00    111.20      0.00      0.00      3.80      0.00      0.00      0.00      0.00      0.00
10:23:25 AM      0.00      4.00      0.00      0.00      4.00      0.00      0.00      0.00      0.00      0.00
10:23:30 AM      0.00      0.00      0.00      0.00      3.80      0.00      0.00      0.00      0.00      0.00
10:23:35 AM      0.00      0.00      0.00      0.00      0.60      0.00      0.00      0.00      0.00      0.00
10:23:40 AM      0.00      0.00      0.00      0.00      4.00      0.00      0.00      0.00      0.00      0.00
10:23:45 AM      0.00      0.00      0.00      0.00      4.00      0.00      0.00      0.00      0.00      0.00
10:23:50 AM      0.00     32.00      0.20      0.00      4.60      0.00      0.00      0.00      0.00      0.00
10:23:55 AM      0.00    136.80      0.00      0.00      4.20      0.00      0.00      0.00      0.00      0.00
10:24:00 AM      0.00     18.40      2.80      0.00      6.00      0.00      0.00      0.00      0.00      0.00
10:24:05 AM      0.00      0.00      0.00      0.00      1.00      0.00      0.00      0.00      0.00      0.00
10:24:10 AM      0.00      0.00      0.00      0.00      4.60      0.00      0.00      0.00      0.00      0.00
10:24:15 AM      0.00      0.00      0.00      0.00      4.00      0.00      0.00      0.00      0.00      0.00
10:24:20 AM      0.00      0.00      0.00      0.00      4.40      0.00      0.00      0.00      0.00      0.00
10:24:25 AM      0.00     64.00      0.00      0.00      3.80      0.00      0.00      0.00      0.00      0.00
10:24:30 AM      0.00    166.40      0.00      0.00      4.80      0.00      0.00      0.00      0.00      0.00
10:24:35 AM      0.00      4.00      0.00      0.00      0.40      0.00      0.00      0.00      0.00      0.00
10:24:40 AM      0.00      0.00      0.00      0.00      4.60      0.00      0.00      0.00      0.00      0.00
10:24:45 AM      0.00      0.00      0.00      0.00      4.00      0.00      0.00      0.00      0.00      0.00
10:24:50 AM      0.00      0.00      0.00      0.00      3.80      0.00      0.00      0.00      0.00      0.00
10:24:55 AM      0.00      0.00      0.00      0.00      4.00      0.00      0.00      0.00      0.00      0.00
10:25:00 AM      0.00     32.00      0.00      0.00      3.80      0.00      0.00      0.00      0.00      0.00
10:25:05 AM      0.00    136.80      0.00      0.00      1.60      0.00      0.00      0.00      0.00      0.00
10:25:10 AM      0.00      7.20      0.00      0.00      4.00      0.00      0.00      0.00      0.00      0.00
10:25:15 AM      0.00      0.00      0.00      0.00      4.00      0.00      0.00      0.00      0.00      0.00
10:25:20 AM      0.00      0.00      0.00      0.00      7.20      0.00      0.00      0.00      0.00      0.00
10:25:25 AM      0.00      0.00      0.00      0.00      3.80      0.00      0.00      0.00      0.00      0.00
10:25:30 AM      0.00      0.00      0.00      0.00      4.00      0.00      0.00      0.00      0.00      0.00
10:25:35 AM      0.00     32.00      0.00      0.00      0.40      0.00      0.00      0.00      0.00      0.00
10:25:40 AM      0.00    136.80      0.00      0.00      4.20      0.00      0.00      0.00      0.00      0.00
10:25:45 AM      0.00      4.00    283.80      0.00    211.80      0.00      0.00      0.00      0.00      0.00
10:25:50 AM      0.00      0.00      0.00      0.00      4.00      0.00      0.00      0.00      0.00      0.00
10:25:55 AM      0.00      0.00      0.00      0.00      3.80      0.00      0.00      0.00      0.00      0.00
10:26:00 AM      0.00      0.00      0.00      0.00      3.80      0.00      0.00      0.00      0.00      0.00
10:26:05 AM      0.00      0.00      0.00      0.00      0.80      0.00      0.00      0.00      0.00      0.00
10:26:10 AM      0.00     32.00      0.00      0.00    208.80      0.00      0.00      0.00      0.00      0.00
10:26:15 AM      0.00    124.00      0.00      0.00      5.60      0.00      0.00      0.00      0.00      0.00
10:26:20 AM      0.00      4.80      0.00      0.00      4.60      0.00      0.00      0.00      0.00      0.00
10:26:25 AM      0.00      0.00      0.00      0.00      4.00      0.00      0.00      0.00      0.00      0.00
10:26:30 AM      0.00      0.00      0.00      0.00      3.80      0.00      0.00      0.00      0.00      0.00
10:26:35 AM      0.00      0.00      0.00      0.00      0.60      0.00      0.00      0.00      0.00      0.00
10:26:40 AM      0.00      0.00      0.00      0.00      4.80      0.00      0.00      0.00      0.00      0.00
10:26:45 AM      0.00     32.00      0.00      0.00      3.80      0.00      0.00      0.00      0.00      0.00
10:26:50 AM      0.00    111.20      0.00      0.00      9.60      0.00      0.00      0.00      0.00      0.00
10:26:55 AM      0.00      4.00      0.00      0.00      7.00      0.00      0.00      0.00      0.00      0.00
10:27:00 AM      0.00      0.00      0.00      0.00      4.00      0.00      0.00      0.00      0.00      0.00
10:27:05 AM      0.00      0.00      0.00      0.00      0.60      0.00      0.00      0.00      0.00      0.00
10:27:10 AM      0.00      0.00      0.00      0.00      4.20      0.00      0.00      0.00      0.00      0.00
10:27:15 AM      0.00      0.00      0.00      0.00      3.80      0.00      0.00      0.00      0.00      0.00
10:27:20 AM      0.00     32.00      0.00      0.00      4.00      0.00      0.00      0.00      0.00      0.00
10:27:25 AM      0.00    130.40      0.00      0.00      5.40      0.00      0.00      0.00      0.00      0.00
10:27:30 AM      0.00      4.80      0.00      0.00      3.80      0.00      0.00      0.00      0.00      0.00
10:27:35 AM      0.00      0.00      0.00      0.00      0.60      0.00      0.00      0.00      0.00      0.00
10:27:40 AM      0.00      0.00      0.00      0.00      4.80      0.00      0.00      0.00      0.00      0.00
10:27:45 AM      0.00      0.00      0.00      0.00      4.00      0.00      0.00      0.00      0.00      0.00
10:27:50 AM      0.00      0.00      0.00      0.00      3.80      0.00      0.00      0.00      0.00      0.00
10:27:55 AM      0.00     32.00      0.00      0.00      4.00      0.00      0.00      0.00      0.00      0.00
10:28:00 AM      0.00    111.20      0.00      0.00      3.80      0.00      0.00      0.00      0.00      0.00
10:28:05 AM      0.00      4.80      0.00      0.00      0.60      0.00      0.00      0.00      0.00      0.00
10:28:10 AM      0.00      0.00      0.00      0.00      4.20      0.00      0.00      0.00      0.00      0.00
10:28:15 AM      0.00      0.00      0.00      0.00      3.80      0.00      0.00      0.00      0.00      0.00
10:28:20 AM      0.00      0.00      0.00      0.00      4.00      0.00      0.00      0.00      0.00      0.00
10:28:25 AM      0.00      0.00      0.00      0.00      3.80      0.00      0.00      0.00      0.00      0.00
10:28:30 AM      0.00     32.00      0.00      0.00      4.00      0.00      0.00      0.00      0.00      0.00
10:28:35 AM      0.00    149.60      0.00      0.00      0.40      0.00      0.00      0.00      0.00      0.00
10:28:40 AM      0.00      3.99      0.00      0.00      4.19      0.00      0.00      0.00      0.00      0.00
10:28:45 AM      0.00      0.00      0.00      0.00      4.60      0.00      0.00      0.00      0.00      0.00
10:28:50 AM      0.00      0.00      0.00      0.00      4.80      0.00      0.00      0.00      0.00      0.00
10:28:55 AM      0.00      0.00      0.00      0.00      4.20      0.00      0.00      0.00      0.00      0.00
10:29:00 AM      0.00     38.40      2.80      0.00      5.80      0.00      0.00      0.00      0.00      0.00
10:29:05 AM      0.00     84.80      2.60      0.00      1.00      0.00      0.00      0.00      0.00      0.00
10:29:10 AM      0.00    149.60      0.00      0.00      5.20      0.00      0.00      0.00      0.00      0.00
10:29:15 AM      0.00      5.60      0.00      0.00      4.00      0.00      0.00      0.00      0.00      0.00
10:29:20 AM      0.00      0.00      0.00      0.00      4.40      0.00      0.00      0.00      0.00      0.00
10:29:25 AM      0.00      0.00      0.00      0.00      4.00      0.00      0.00      0.00      0.00      0.00
10:29:30 AM      0.00      9.60      0.00      0.00      3.80      0.00      0.00      0.00      0.00      0.00
10:29:35 AM      0.00     64.00      0.00      0.00      0.40      0.00      0.00      0.00      0.00      0.00
10:29:40 AM      0.00    175.20      0.00      0.00      4.60      0.00      0.00      0.00      0.00      0.00
10:29:45 AM      0.00      0.00      0.00      0.00      3.80      0.00      0.00      0.00      0.00      0.00
10:29:50 AM      0.00      4.80      0.00      0.00      4.00      0.00      0.00      0.00      0.00      0.00
10:29:55 AM      0.00      0.00      0.00      0.00      3.80      0.00      0.00      0.00      0.00      0.00
10:30:00 AM      0.00      0.00      0.00      0.00      4.00      0.00      0.00      0.00      0.00      0.00
10:30:05 AM      0.00      0.00      0.00      0.00      0.40      0.00      0.00      0.00      0.00      0.00
10:30:10 AM      0.00     32.00      0.00      0.00      4.40      0.00      0.00      0.00      0.00      0.00
10:30:15 AM      0.00      0.00      0.00      0.00      3.80      0.00      0.00      0.00      0.00      0.00
10:30:20 AM      0.00    117.60      0.00      0.00      7.20      0.00      0.00      0.00      0.00      0.00
10:30:25 AM      0.00      4.00      0.00      0.00      4.00      0.00      0.00      0.00      0.00      0.00
10:30:30 AM      0.00      0.00      0.40      0.00      3.80      0.00      0.00      0.00      0.00      0.00
10:30:35 AM      0.00      0.00      0.00      0.00      1.40      0.00      0.00      0.00      0.00      0.00
10:30:40 AM      0.00      0.00      0.00      0.00      4.00      0.00      0.00      0.00      0.00      0.00
10:30:45 AM      0.00      0.00    282.60      0.00    213.80      0.00      0.00      0.00      0.00      0.00
10:30:50 AM      0.00     32.00      0.00      0.00      3.80      0.00      0.00      0.00      0.00      0.00
10:30:55 AM      0.00    130.40      0.00      0.00      4.00      0.00      0.00      0.00      0.00      0.00
10:31:00 AM      0.00      4.80      0.00      0.00      3.80      0.00      0.00      0.00      0.00      0.00
10:31:05 AM      0.00      0.00      0.00      0.00      0.40      0.00      0.00      0.00      0.00      0.00
10:31:10 AM      0.00      0.00      0.00      0.00      4.20      0.00      0.00      0.00      0.00      0.00
10:31:15 AM      0.00      0.00      0.00      0.00      4.00      0.00      0.00      0.00      0.00      0.00
10:31:20 AM      0.00      0.00      0.00      0.00      4.00      0.00      0.00      0.00      0.00      0.00
10:31:25 AM      0.00     32.00      0.00      0.00      3.80      0.00      0.00      0.00      0.00      0.00
10:31:30 AM      0.00    111.20      0.00      0.00      4.00      0.00      0.00      0.00      0.00      0.00
10:31:35 AM      0.00      4.00      0.00      0.00      0.40      0.00      0.00      0.00      0.00      0.00
10:31:40 AM      0.00      0.00      0.00      0.00      4.20      0.00      0.00      0.00      0.00      0.00
10:31:45 AM      0.00      0.00      0.00      0.00      3.80      0.00      0.00      0.00      0.00      0.00
10:31:50 AM      0.00      0.00      0.00      0.00      3.80      0.00      0.00      0.00      0.00      0.00
10:31:55 AM      0.00      0.00      0.00      0.00      4.00      0.00      0.00      0.00      0.00      0.00
10:32:00 AM      0.00     32.00      0.00      0.00      3.80      0.00      0.00      0.00      0.00      0.00
10:32:05 AM      0.00    130.40      0.00      0.00      0.60      0.00      0.00      0.00      0.00      0.00
10:32:10 AM      0.00      4.00      0.00      0.00      4.00      0.00      0.00      0.00      0.00      0.00
10:32:15 AM      0.00      0.00      0.00      0.00      4.40      0.00      0.00      0.00      0.00      0.00
10:32:20 AM      0.00      0.00      0.00      0.00      3.80      0.00      0.00      0.00      0.00      0.00
10:32:25 AM      0.00      0.00      0.00      0.00      3.80      0.00      0.00      0.00      0.00      0.00
10:32:30 AM      0.00      0.00      0.00      0.00      4.00      0.00      0.00      0.00      0.00      0.00
10:32:35 AM      0.00     32.00      0.00      0.00      0.40      0.00      0.00      0.00      0.00      0.00
10:32:40 AM      0.00    111.20      0.00      0.00      4.00      0.00      0.00      0.00      0.00      0.00
10:32:45 AM      0.00      7.20      0.00      0.00      4.00      0.00      0.00      0.00      0.00      0.00
10:32:50 AM      0.00      0.00      0.00      0.00      4.00      0.00      0.00      0.00      0.00      0.00
10:32:55 AM      0.00      0.00      0.00      0.00      3.80      0.00      0.00      0.00      0.00      0.00
10:33:00 AM      0.00      0.00      0.00      0.00      4.00      0.00      0.00      0.00      0.00      0.00
10:33:05 AM      0.00      0.00      0.00      0.00      0.40      0.00      0.00      0.00      0.00      0.00
10:33:10 AM      0.00     32.00      0.00      0.00      3.80      0.00      0.00      0.00      0.00      0.00
10:33:15 AM      0.00    130.40      0.00      0.00      4.40      0.00      0.00      0.00      0.00      0.00
10:33:20 AM      0.00      4.00      0.00      0.00      4.00      0.00      0.00      0.00      0.00      0.00
10:33:25 AM      0.00      0.00      0.00      0.00      4.00      0.00      0.00      0.00      0.00      0.00
10:33:30 AM      0.00      0.00      0.00      0.00      3.80      0.00      0.00      0.00      0.00      0.00
10:33:35 AM      0.00      0.00      0.00      0.00      0.60      0.00      0.00      0.00      0.00      0.00
10:33:40 AM      0.00      0.00      0.00      0.00      3.80      0.00      0.00      0.00      0.00      0.00
10:33:45 AM      0.00     32.00      0.00      0.00      4.20      0.00      0.00      0.00      0.00      0.00
10:33:50 AM      0.00    111.20      0.00      0.00      4.60      0.00      0.00      0.00      0.00      0.00
10:33:55 AM      0.00      4.00      0.00      0.00      4.20      0.00      0.00      0.00      0.00      0.00
10:34:00 AM      0.00      0.00      2.60      0.00      4.20      0.00      0.00      0.00      0.00      0.00
10:34:05 AM      0.00     38.40      0.20      0.00      1.80      0.00      0.00      0.00      0.00      0.00
10:34:10 AM      0.00     14.40      2.60      0.00      4.20      0.00      0.00      0.00      0.00      0.00
10:34:15 AM      0.00      0.00      0.00      0.00      6.80      0.00      0.00      0.00      0.00      0.00
10:34:20 AM      0.00     64.00      0.00      0.00      4.20      0.00      0.00      0.00      0.00      0.00
10:34:25 AM      0.00    162.40      0.00      0.00      4.00      0.00      0.00      0.00      0.00      0.00
10:34:30 AM      0.00     14.40      0.00      0.00      4.40      0.00      0.00      0.00      0.00      0.00
10:34:35 AM      0.00      0.00      0.00      0.00      0.40      0.00      0.00      0.00      0.00      0.00
10:34:40 AM      0.00      0.00      0.00      0.00      3.80      0.00      0.00      0.00      0.00      0.00
10:34:45 AM      0.00      0.00      0.00      0.00      4.20      0.00      0.00      0.00      0.00      0.00
10:34:50 AM      0.00      0.00      0.00      0.00      3.80      0.00      0.00      0.00      0.00      0.00
10:34:55 AM      0.00     32.00      0.00      0.00      4.00      0.00      0.00      0.00      0.00      0.00
10:35:00 AM      0.00    130.40      0.00      0.00      3.80      0.00      0.00      0.00      0.00      0.00
10:35:05 AM      0.00      4.80      0.00      0.00      1.40      0.00      0.00      0.00      0.00      0.00
10:35:10 AM      0.00      0.00      0.00      0.00      3.80      0.00      0.00      0.00      0.00      0.00
10:35:15 AM      0.00      0.00      0.00      0.00      4.00      0.00      0.00      0.00      0.00      0.00
10:35:20 AM      0.00      0.00      0.00      0.00      7.60      0.00      0.00      0.00      0.00      0.00
10:35:25 AM      0.00      0.00      0.00      0.00      3.80      0.00      0.00      0.00      0.00      0.00
10:35:30 AM      0.00     32.00      0.00      0.00      4.00      0.00      0.00      0.00      0.00      0.00
10:35:35 AM      0.00    130.40      0.00      0.00      0.40      0.00      0.00      0.00      0.00      0.00
10:35:40 AM      0.00      4.00      0.00      0.00      4.00      0.00      0.00      0.00      0.00      0.00
10:35:45 AM      0.00      0.00    282.80      0.00    211.80      0.00      0.00      0.00      0.00      0.00
10:35:50 AM      0.00      0.00      0.00      0.00      4.00      0.00      0.00      0.00      0.00      0.00
10:35:55 AM      0.00      0.00      0.00      0.00      3.80      0.00      0.00      0.00      0.00      0.00
10:36:00 AM      0.00      0.00      0.00      0.00      4.60      0.00      0.00      0.00      0.00      0.00
10:36:05 AM      0.00     32.00      0.00      0.00      0.60      0.00      0.00      0.00      0.00      0.00
10:36:10 AM      0.00    111.20      0.00      0.00      3.80      0.00      0.00      0.00      0.00      0.00
10:36:15 AM      0.00      5.60      0.00      0.00      4.20      0.00      0.00      0.00      0.00      0.00
10:36:20 AM      0.00      0.00      0.00      0.00      4.00      0.00      0.00      0.00      0.00      0.00
10:36:25 AM      0.00      0.00      0.00      0.00      4.00      0.00      0.00      0.00      0.00      0.00
10:36:30 AM      0.00      0.00      0.00      0.00      3.80      0.00      0.00      0.00      0.00      0.00
10:36:35 AM      0.00      0.00      0.00      0.00      0.60      0.00      0.00      0.00      0.00      0.00
10:36:40 AM      0.00     32.00      0.00      0.00      3.80      0.00      0.00      0.00      0.00      0.00
10:36:45 AM      3.20    156.00      0.00      0.00      4.00      0.00      0.00      0.00      0.00      0.00
10:36:50 AM      0.00      4.00      0.00      0.00      4.00      0.00      0.00      0.00      0.00      0.00
10:36:55 AM      0.00      0.00      0.00      0.00      3.80      0.00      0.00      0.00      0.00      0.00
10:37:00 AM      0.00      0.00      0.00      0.00      4.00      0.00      0.00      0.00      0.00      0.00
10:37:05 AM      0.00      0.00      0.00      0.00      0.40      0.00      0.00      0.00      0.00      0.00
10:37:10 AM      0.00      0.00      0.00      0.00      4.00      0.00      0.00      0.00      0.00      0.00
10:37:15 AM      0.00     32.00    544.00      0.00      4.00      0.00      0.00      0.00      0.00      0.00
10:37:20 AM      0.00    111.20      0.00      0.00      4.20      0.00      0.00      0.00      0.00      0.00
10:37:25 AM      0.00      4.80      0.00      0.00      3.80      0.00      0.00      0.00      0.00      0.00
10:37:30 AM      0.00      0.00      0.00      0.00      3.80      0.00      0.00      0.00      0.00      0.00
10:37:35 AM      0.00      0.00      0.00      0.00      0.60      0.00      0.00      0.00      0.00      0.00
10:37:40 AM      0.00      0.00      0.00      0.00      3.80      0.00      0.00      0.00      0.00      0.00
10:37:45 AM      0.00      0.00    399.60      0.00      4.20      0.00      0.00      0.00      0.00      0.00
10:37:50 AM      0.00     32.00      0.00      0.00      3.80      0.00      0.00      0.00      0.00      0.00
10:37:55 AM      0.00    130.40      0.00      0.00      4.00      0.00      0.00      0.00      0.00      0.00
10:38:00 AM      0.00      4.80      0.00      0.00      3.80      0.00      0.00      0.00      0.00      0.00
10:38:05 AM      0.00      0.00      0.00      0.00      0.60      0.00      0.00      0.00      0.00      0.00
10:38:10 AM      0.00      0.00      0.00      0.00      3.80      0.00      0.00      0.00      0.00      0.00
10:38:15 AM    224.80 197918.40  50795.40      9.00  57600.80 271314.80   1619.40  57503.20      0.00      0.00
10:38:20 AM     24.00      0.00      2.20      0.40      4.20      0.00      0.00      0.00      0.00      0.00
10:38:25 AM      0.00     32.00      0.00      0.00      4.00      0.00      0.00      0.00      0.00      0.00
10:38:30 AM      6.40    104.80      0.00      0.00      4.00      0.00      0.00      0.00      0.00      0.00
10:38:35 AM      0.00      4.00      0.00      0.00      0.40      0.00      0.00      0.00      0.00      0.00
10:38:40 AM      0.80      0.00      0.40      0.20      5.40      0.00      0.00      0.00      0.00      0.00
10:38:45 AM     77.60      0.00      1.20      1.00      4.60      0.00      0.00      0.00      0.00      0.00
10:38:50 AM    140.00      0.00      0.60      0.60      4.60      0.00      0.00      0.00      0.00      0.00
10:38:55 AM     78.40      0.00      0.40      0.20      4.60      0.00      0.00      0.00      0.00      0.00
10:39:00 AM    169.60     51.20      4.00      1.20      4.20      0.00      0.00      0.00      0.00      0.00
10:39:05 AM      9.60    162.40      0.00      0.00      1.00      0.00      0.00      0.00      0.00      0.00
10:39:10 AM      9.60     29.60      0.40      0.00      5.80      0.00      0.00      0.00      0.00      0.00
10:39:15 AM 157989.60 143771.20  39497.40  39497.40  36081.40  36251.00      0.00  36019.60      0.00      0.00
10:39:20 AM      0.00      0.00      2.60      0.00      4.00      0.00      0.00      0.00      0.00      0.00
10:39:25 AM      0.00      0.00      0.00      0.00      4.40      0.00      0.00      0.00      0.00      0.00
10:39:30 AM      0.00     80.80      0.20      0.00      4.20      0.00      0.00      0.00      0.00      0.00
10:39:35 AM      0.00      0.00      0.00      0.00      0.40      0.00      0.00      0.00      0.00      0.00
10:39:40 AM      6.40    168.80      0.00      0.00      4.80      0.00      0.00      0.00      0.00      0.00
10:39:45 AM 152218.76 156677.84  38235.33  38048.90  42340.72 145241.92   9262.08  42020.36      0.00      0.00
10:39:50 AM    523.20      0.00      3.80      2.00      4.20      0.00      0.00      0.00      0.00      0.00
10:39:55 AM    176.80      0.00      1.00     44.20    516.80      0.00      0.00      0.00      0.00      0.00
10:40:00 AM      0.00      0.00      0.00      0.00      4.00      0.00      0.00      0.00      0.00      0.00
10:40:05 AM    125.60      0.00      0.80     31.40    308.20      0.00      0.00      0.00      0.00      0.00
10:40:10 AM   1344.00    124.00    130.20    129.40      9.40      0.00      0.00      0.00      0.00      0.00
10:40:15 AM 181348.80 180208.00  45317.00  45333.60  45614.80  47029.00      0.00  45276.00      0.00      0.00
10:40:20 AM   3006.40      0.00     24.60     14.00     21.60      0.00      0.00      0.00      0.00      0.00
10:40:25 AM    112.80      0.00      0.00     28.20    312.00      0.00      0.00      0.00      0.00      0.00
10:40:30 AM      0.00      0.00      0.00      0.00      3.80      0.00      0.00      0.00      0.00      0.00
10:40:35 AM     82.40      0.00      0.00     20.60    205.80      0.00      0.00      0.00      0.00      0.00
10:40:40 AM      0.00      0.00      0.00      0.00      3.80      0.00      0.00      0.00      0.00      0.00
10:40:45 AM    197.60    156.00      0.00     47.00    414.60      0.00      0.00      0.00      0.00      0.00
10:40:50 AM   1582.40      4.00    293.80      7.60    270.40      0.00      0.00      0.00      0.00      0.00
10:40:55 AM    150.40      0.00      0.00     37.60    414.40      0.00      0.00      0.00      0.00      0.00
10:41:00 AM      0.00      0.00      0.00      0.00      3.80      0.00      0.00      0.00      0.00      0.00
10:41:05 AM    116.00      0.00      0.00     29.00    308.20      0.00      0.00      0.00      0.00      0.00
10:41:10 AM      0.00      0.00      0.00      0.00      4.00      0.00      0.00      0.00      0.00      0.00
10:41:15 AM 154957.60 145867.20  38826.80  38825.00  37896.20 166439.40   5125.60  37761.40      0.00      0.00
10:41:20 AM     49.60    124.00      2.00      0.60      4.00      0.00      0.00      0.00      0.00      0.00
10:41:25 AM      0.00      4.00      0.00      0.00      4.00      0.00      0.00      0.00      0.00      0.00
10:41:30 AM      0.00      0.00      0.00      0.00      4.00      0.00      0.00      0.00      0.00      0.00
10:41:35 AM      0.00      0.00      0.00      0.00      0.40      0.00      0.00      0.00      0.00      0.00
10:41:40 AM      0.00      0.00      0.00      0.00      3.80      0.00      0.00      0.00      0.00      0.00
10:41:45 AM 133072.00 136252.00  33272.20  33334.20  35156.60  35308.40      0.00  34457.20      0.00      0.00
10:41:50 AM   1139.20     32.00      0.40      0.40      3.80      0.00      0.00      0.00      0.00      0.00
10:41:55 AM     38.40    104.80      0.20      9.60    106.60      0.00      0.00      0.00      0.00      0.00
10:42:00 AM      0.00      4.00      0.00      0.00      3.80      0.00      0.00      0.00      0.00      0.00
10:42:05 AM     48.00      0.00      0.60     12.00    193.40      0.00      0.00      0.00      0.00      0.00
10:42:10 AM    438.40      0.00      6.00      4.60      3.80      0.00      0.00      0.00      0.00      0.00
10:42:15 AM 183416.80 184640.80  45876.80  45895.40  47587.80  51416.20    142.80  47170.40      0.00      0.00
10:42:20 AM   1661.60      0.00      5.60      1.20      3.80      0.00      0.00      0.00      0.00      0.00
10:42:25 AM    276.00     32.00      0.00     69.00    620.20      0.00      0.00      0.00      0.00      0.00
10:42:30 AM      9.60    124.00      0.00      0.00      4.40      0.00      0.00      0.00      0.00      0.00
10:42:35 AM      0.00      4.00      0.00      0.00      0.40      0.00      0.00      0.00      0.00      0.00
10:42:40 AM    191.20      0.00      0.00     47.80    414.40      0.00      0.00      0.00      0.00      0.00
10:42:45 AM  98282.40  95087.20  24559.60  24559.40  24051.60 110984.00      0.00  23928.80      0.00      0.00
10:42:50 AM     32.00      0.00      0.40      0.40      4.00      0.00      0.00      0.00      0.00      0.00
10:42:55 AM      0.00      0.00      0.00      0.00      3.80      0.00      0.00      0.00      0.00      0.00
10:43:00 AM      0.00     32.00      0.00      0.00      4.00      0.00      0.00      0.00      0.00      0.00
10:43:05 AM      3.20    104.80      0.00      0.00      0.40      0.00      0.00      0.00      0.00      0.00
10:43:10 AM      0.00      5.60      0.20      0.00      3.80      0.00      0.00      0.00      0.00      0.00
10:43:15 AM 130968.00 141896.00  32750.00  32750.00  35586.40  36268.80      0.00  35494.40      0.00      0.00
10:43:20 AM    143.20      0.00      0.80     35.80    414.20      0.00      0.00      0.00      0.00      0.00
10:43:25 AM      0.00      0.00      0.00      0.00      4.00      0.00      0.00      0.00      0.00      0.00
10:43:30 AM    191.20      0.00      1.00     47.80    517.00      0.00      0.00      0.00      0.00      0.00
10:43:35 AM      0.00     32.00      0.00      0.00      0.60      0.00      0.00      0.00      0.00      0.00
10:43:40 AM    172.00    130.40      0.80     40.60    414.20      0.00      0.00      0.00      0.00      0.00
10:43:45 AM 134777.60 116968.80  33714.80  33711.00  32327.60 150701.60   2715.40  29621.20      0.00      0.00
10:43:50 AM   3560.00      0.00     53.20     89.60   1233.20      0.00      0.00      0.00      0.00      0.00
10:43:55 AM    483.20      0.00      3.80      2.80      5.60      0.00      0.00      0.00      0.00      0.00
10:44:00 AM    760.80    320.80     43.00     52.40   1285.00      0.00      0.00     63.80      0.00      0.00
10:44:05 AM      4.80      0.00      3.60      1.20      1.40      0.00      0.00      0.00      0.00      0.00
10:44:10 AM    568.00   4297.60    113.60    147.20   1930.60   1401.00      0.00   1077.80      0.00      0.00
10:44:15 AM  94040.80  94928.80  23549.80  23549.80  23769.80  23706.80     12.80  23714.20      0.00      0.00
10:44:20 AM      0.00     14.40      2.60      0.00      5.20      0.00      0.00      0.00      0.00      0.00
10:44:25 AM      0.00      0.00      0.00      0.00      3.80      0.00      0.00      0.00      0.00      0.00
10:44:30 AM    565.60     32.00      2.00      1.60     24.60      0.00      0.00      0.00      0.00      0.00
10:44:35 AM      0.00     13.60      0.00      0.00      0.60      0.00      0.00      0.00      0.00      0.00
10:44:40 AM      0.00      0.00      0.00      0.00      3.80      0.00      0.00      0.00      0.00      0.00
10:44:45 AM      0.00      0.00      0.00      0.00      4.20      0.00      0.00      0.00      0.00      0.00
10:44:50 AM      0.00    143.20      0.00      0.00      3.80      0.00      0.00      0.00      0.00      0.00
10:44:55 AM      0.00      0.00      0.00      0.00      4.00      0.00      0.00      0.00      0.00      0.00
10:45:00 AM      0.00      0.00      0.00      0.00      3.80      0.00      0.00      0.00      0.00      0.00
10:45:05 AM      0.00      0.00      0.00      0.00      0.60      0.00      0.00      0.00      0.00      0.00
10:45:10 AM      0.00      4.00      0.00      0.00      3.80      0.00      0.00      0.00      0.00      0.00
10:45:15 AM 106556.00 105005.60  26653.00  26651.80  27098.00  32902.20    959.60  26964.80      0.00      0.00
10:45:20 AM   1197.60      0.00     10.20     50.00    521.20      0.00      0.00      0.00      0.00      0.00
10:45:25 AM      0.00      0.00      0.00      0.00      3.80      0.00      0.00      0.00      0.00      0.00
10:45:30 AM    193.60      0.00      2.20     48.40   1668.60      0.00      0.00      0.00      0.00      0.00
10:45:35 AM      0.00      0.00      0.00      0.00      0.60      0.00      0.00      0.00      0.00      0.00
10:45:40 AM    137.60    136.80      0.80     33.60    417.60      0.00      0.00      0.00      0.00      0.00
10:45:45 AM  73282.40  72944.00  18323.80  18323.40  18293.40  18918.20      0.00  18252.20      0.00      0.00
10:45:50 AM   2244.00    130.40    303.00     14.80    368.00     69.60      0.00     19.20      0.00      0.00
10:45:55 AM      0.00      0.00      0.20      0.00      3.80      0.00      0.00      0.00      0.00      0.00
10:46:00 AM      0.00      0.00      0.00      0.00      3.80      0.00      0.00      0.00      0.00      0.00
10:46:05 AM      0.00      0.00      0.00      0.00    504.40      0.00      0.00      0.00      0.00      0.00
10:46:10 AM      2.40      0.00      3.60      3.00      4.20      0.00      0.00      0.00      0.00      0.00
10:46:15 AM  95667.20 104984.00  23927.00  23926.00  26532.40 114600.80   2399.80  26417.00      0.00      0.00
10:46:20 AM      0.80      0.00      0.20      0.20      3.80      0.00      0.00      0.00      0.00      0.00
10:46:25 AM      0.00      5.60      0.00      0.00      4.00      0.00      0.00      0.00      0.00      0.00
10:46:30 AM      0.00      0.00      0.00      0.00      3.80      0.00      0.00      0.00      0.00      0.00
10:46:35 AM      0.00      0.00      0.00      0.00      0.80      0.00      0.00      0.00      0.00      0.00
10:46:40 AM      0.00      0.00      0.20      0.00      3.80      0.00      0.00      0.00      0.00      0.00
10:46:45 AM 111477.60 110733.60  27872.00  27869.60  29013.60  79712.80    669.60  28863.80      0.00      0.00
10:46:50 AM    486.40      0.00      0.60      0.20      4.80      0.00      0.00      0.00      0.00      0.00
10:46:55 AM      6.40    328.80      0.00      0.00      3.80      0.00      0.00      0.00      0.00      0.00
10:47:00 AM      0.00      4.00      0.00      0.00      4.00      0.00      0.00      0.00      0.00      0.00
10:47:05 AM      0.00      0.00      0.00      0.00      0.40      0.00      0.00      0.00      0.00      0.00
10:47:10 AM      0.00      0.00      0.00      0.00      4.00      0.00      0.00      0.00      0.00      0.00
10:47:15 AM  25070.40  20316.80   6278.20   6278.20   5102.40   5081.60      0.00   5079.60      0.00      0.00
10:47:20 AM      0.00      0.00      0.20      0.00      4.00      0.00      0.00      0.00      0.00      0.00
10:47:25 AM    105.60      0.00      0.60     26.40    311.60      0.00      0.00      0.00      0.00      0.00
10:47:30 AM      6.40    156.00      0.00      0.00      3.80      0.00      0.00      0.00      0.00      0.00
10:47:35 AM     80.80      5.60      0.40     20.20    206.00      0.00      0.00      0.00      0.00      0.00
10:47:40 AM      0.00      0.00      0.00      0.00      3.80      0.00      0.00      0.00      0.00      0.00
10:47:45 AM  70769.60  74874.40  17666.60  17702.00  19491.40  25847.60     51.80  19030.60      0.00      0.00
10:47:50 AM     13.60      0.00      3.20      3.00      3.80      0.00      0.00      0.00      0.00      0.00
10:47:55 AM      0.00      0.00      0.00      0.00      4.00      0.00      0.00      0.00      0.00      0.00
10:48:00 AM      0.00      0.00      0.00      0.00      3.80      0.00      0.00      0.00      0.00      0.00
10:48:05 AM    760.00    111.20      0.40      8.40    103.00      0.00      0.00      0.00      0.00      0.00
10:48:10 AM   2019.20      0.00     23.60      4.80      4.00      0.00      0.00      0.00      0.00      0.00
10:48:15 AM  78143.20  68278.40  19600.80  19601.60  17678.20 126336.00   2257.00  17466.00      0.00      0.00
10:48:20 AM     33.60      4.80      4.00      3.80      4.60      0.00      0.00      0.00      0.00      0.00
10:48:25 AM      0.00      0.00      0.00      0.00      3.80      0.00      0.00      0.00      0.00      0.00
10:48:30 AM      0.00      0.00      0.00      0.00      4.00      0.00      0.00      0.00      0.00      0.00
10:48:35 AM      0.00      0.00      0.00      0.00      0.60      0.00      0.00      0.00      0.00      0.00
10:48:40 AM      9.60    124.00      0.00      0.00      4.00      0.00      0.00      0.00      0.00      0.00
10:48:45 AM  55856.00  67574.40  13964.00  13964.20  17362.40  20350.80      0.00  17288.00      0.00      0.00
10:48:50 AM   1706.40      0.00     45.80     35.20     10.40      0.00      0.00      0.00      0.00      0.00
10:48:55 AM    474.40      4.00      4.20      3.40      5.20      0.00      0.00      0.00      0.00      0.00
10:49:00 AM    268.80      0.00     24.00     12.80      9.00      0.00      0.00      0.00      0.00      0.00
10:49:05 AM      1.60      0.00      1.00      0.80      1.00      0.00      0.00      0.00      0.00      0.00
10:49:10 AM      0.80      0.00      0.20      0.20      4.00      0.00      0.00      0.00      0.00      0.00
10:49:15 AM  29848.80  21269.60   7420.20   7463.00   6298.20  12155.80      0.00   5849.00      0.00      0.00
10:49:20 AM    773.60     24.00      3.20      0.60      5.80      0.00      0.00      0.00      0.00      0.00
10:49:25 AM    209.98    225.95      1.00     50.10    515.97      0.00      0.00      0.00      0.00      0.00
10:49:30 AM    683.20     14.40      7.60      7.20      4.00      0.00      0.00      0.00      0.00      0.00
10:49:35 AM     76.00      0.00      0.60     19.00    205.60      0.00      0.00      0.00      0.00      0.00
10:49:40 AM      0.00      0.00      0.00      0.00      4.20      0.00      0.00      0.00      0.00      0.00
10:49:45 AM  79484.80  78800.80  19908.60  19905.40  20432.60  23776.40     64.00  20336.80      0.00      0.00
10:49:50 AM     82.40      0.00      1.40     20.60    209.20      0.00      0.00      0.00      0.00      0.00
10:49:55 AM      0.00     32.00      0.00      0.00      3.80      0.00      0.00      0.00      0.00      0.00
10:50:00 AM     88.00    149.60      0.00     15.60    209.40      0.00      0.00      0.00      0.00      0.00
10:50:05 AM      0.80      4.00      0.20      0.20      0.40      0.00      0.00      0.00      0.00      0.00
10:50:10 AM   1096.80      0.00    162.20    195.80   1671.60      0.00      0.00      0.00      0.00      0.00
10:50:15 AM  79746.40  76881.60  19982.00  19979.00  20299.00  46728.80    103.20  20238.80      0.00      0.00
10:50:20 AM   5394.40   2711.20     44.40     26.20    735.20    813.40      0.00    715.60      0.00      0.00
10:50:25 AM      0.00      0.00      0.00      0.00      4.00      0.00      0.00      0.00      0.00      0.00
10:50:30 AM    182.40     32.00      0.40      0.40      4.60      0.00      0.00      0.00      0.00      0.00
10:50:35 AM      0.00    143.20      0.00      0.00      4.60      0.00      0.00      0.00      0.00      0.00
10:50:40 AM      0.00      4.80      0.00      0.00      4.00      0.00      0.00      0.00      0.00      0.00
10:50:45 AM  70316.00  69200.80  17566.40  17565.40  17616.00  42200.40     25.60  17541.80      0.00      0.00
10:50:50 AM   3180.00      0.00    328.60     35.40    250.00      0.00      0.00      0.00      0.00      0.00
10:50:55 AM      0.00      0.00      0.00      0.00      3.80      0.00      0.00      0.00      0.00      0.00
10:51:00 AM      0.00      0.00      0.00      0.00      4.00      0.00      0.00      0.00      0.00      0.00
10:51:05 AM      0.80     32.00      0.20      0.20      0.40      0.00      0.00      0.00      0.00      0.00
10:51:10 AM      0.00    117.60      0.00      0.00      4.00      0.00      0.00      0.00      0.00      0.00
10:51:15 AM  26149.60  23496.80   6549.40   6549.40   6749.00  66091.20     12.60   6732.00      0.00      0.00
10:51:20 AM    171.20      0.00      1.00     41.80    425.20      0.00      0.00     10.80      0.00      0.00
10:51:25 AM      0.00      0.00      0.00      0.00      3.80      0.00      0.00      0.00      0.00      0.00
10:51:30 AM    259.20      0.00      2.00     64.80    937.00      0.00      0.00     10.80      0.00      0.00
10:51:35 AM      0.00      0.00      0.00      0.00      0.40      0.00      0.00      0.00      0.00      0.00
10:51:40 AM     42.40     48.00     45.80     10.60    121.20      0.00      0.00     14.60      0.00      0.00
10:51:45 AM  71738.40  73015.20  17501.60  17496.20  19034.00  20806.40    133.40  18900.20      0.00      0.00
10:51:50 AM   2136.80      4.00      6.40      1.20      3.80      0.00      0.00      0.00      0.00      0.00
10:51:55 AM    818.40      0.00      4.60      0.80      4.20      0.00      0.00      0.00      0.00      0.00
10:52:00 AM      0.00      0.00      0.00      0.00      3.80      0.00      0.00      0.00      0.00      0.00
10:52:05 AM      0.80      0.00      0.20      0.20      0.60      0.00      0.00      0.00      0.00      0.00
10:52:10 AM    625.60   3751.20     88.40     67.40   1217.40   1881.20      0.00   1213.40      0.00      0.00
10:52:15 AM  12299.20  21153.60   3080.40   3080.20   5917.20   6044.00      0.00   5866.00      0.00      0.00
10:52:20 AM     21.60    124.00      0.80      0.60      3.80      0.00      0.00      0.00      0.00      0.00
10:52:25 AM      0.00      4.80      0.00      0.00      3.80      0.00      0.00      0.00      0.00      0.00
10:52:30 AM      0.00      0.00      0.00      0.00      4.00      0.00      0.00      0.00      0.00      0.00
10:52:35 AM      1.60      0.00      0.40      0.40      0.40      0.00      0.00      0.00      0.00      0.00
10:52:40 AM      0.00      0.00      0.00      0.00      4.00      0.00      0.00      0.00      0.00      0.00
10:52:45 AM  39284.00  28399.20   9821.00   9821.00   7225.60  57891.00      0.00   7172.60      0.00      0.00
10:52:50 AM     24.80     32.00      3.60      3.40      5.40      0.00      0.00      0.00      0.00      0.00
10:52:55 AM      0.00    130.40      0.00      0.00      3.80      0.00      0.00      0.00      0.00      0.00
10:53:00 AM      0.00      4.80      0.00      0.00      4.00      0.00      0.00      0.00      0.00      0.00
10:53:05 AM      0.00      0.00      0.00      0.00      0.40      0.00      0.00      0.00      0.00      0.00
10:53:10 AM      0.00      0.00      0.00      0.00      3.80      0.00      0.00      0.00      0.00      0.00
10:53:15 AM  76840.00  69017.60  19226.60  19224.00  18889.40  25145.20      0.00  18772.60      0.00      0.00
10:53:20 AM   4630.40   8431.20     57.40     47.40   2225.20   4442.00      0.00   2109.00      0.00      0.00
10:53:25 AM    440.00     32.80      6.00     74.60    722.40      0.00      0.00      0.20      0.00      0.00
10:53:30 AM     25.60    111.20      0.00      0.00      3.80      0.00      0.00      0.00      0.00      0.00
10:53:35 AM    132.00      4.80      1.00     33.00    506.40      0.00      0.00      0.00      0.00      0.00
10:53:40 AM    836.00      0.00      8.60      5.60      5.80      0.00      0.00      0.00      0.00      0.00
10:53:45 AM  26929.60  39246.40   6682.80   6704.00  12630.80  10271.40      0.00   9814.80      0.00      0.00
10:53:50 AM   2010.40      0.00     96.00     74.40     16.40      0.00      0.00      0.00      0.00      0.00
10:53:55 AM     73.60      0.00      5.20     15.60    107.20      0.00      0.00      0.00      0.00      0.00
10:54:00 AM   1028.00     51.20     45.20     25.00     52.40      0.00      0.00      0.00      0.00      0.00
10:54:05 AM    198.40    175.20      3.20     47.20    866.80      0.00      0.00      0.00      0.00      0.00
10:54:10 AM    612.80      4.00    167.40    159.40     20.00      0.00      0.00      0.00      0.00      0.00
10:54:15 AM  76390.40  64931.20  19090.40  19117.20  16568.00  89456.00     36.60  16249.40      0.00      0.00
10:54:20 AM   6276.80  21012.80   1548.20   1547.60   5342.20   6780.00      0.00   5247.80      0.00      0.00
10:54:25 AM    108.80      0.00      0.00     27.20    312.40      0.00      0.00      0.00      0.00      0.00
10:54:30 AM    529.60     70.40     23.80     16.60      9.80      0.00      0.00      0.00      0.00      0.00
10:54:35 AM     97.60    156.00      0.20     24.40    308.40      0.00      0.00      0.00      0.00      0.00
10:54:40 AM      0.00      0.00      0.00      0.00      3.80      0.00      0.00      0.00      0.00      0.00
10:54:45 AM  70624.80  56601.60  17647.60  17655.20  14455.60 152245.00      0.00  14259.40      0.00      0.00
10:54:50 AM  40045.60  43912.00  10007.00  10007.00  12689.60  15331.20      0.00  12607.20      0.00      0.00
10:54:55 AM      0.00      0.00      0.00      0.00      4.00      0.00      0.00      0.00      0.00      0.00
10:55:00 AM      4.80      0.00      1.20      0.60      4.60      0.00      0.00      0.00      0.00      0.00
10:55:05 AM      3.20      0.00      0.80      0.80      0.60      0.00      0.00      0.00      0.00      0.00
10:55:10 AM      6.40      0.00      0.00      0.00      3.80      0.00      0.00      0.00      0.00      0.00
10:55:15 AM  21055.20  20610.40   5207.80   5206.20   5144.60   5128.60      0.00   5125.80      0.00      0.00
10:55:20 AM   4449.60      0.00     66.80     54.40     32.80      0.00      0.00      0.00      0.00      0.00
10:55:25 AM    139.20      4.80      1.40     34.80    414.20      0.00      0.00      0.00      0.00      0.00
10:55:30 AM      3.20      0.00      0.80      0.80      4.00      0.00      0.00      0.00      0.00      0.00
10:55:35 AM    115.20      0.00      3.60     28.80    309.00      0.00      0.00      0.00      0.00      0.00
10:55:40 AM      0.00      0.00      0.00      0.00      4.00      0.00      0.00      0.00      0.00      0.00
10:55:45 AM  37187.20  35768.80   9279.60   9297.40   9922.60  53134.40     18.20   9668.00      0.00      0.00
10:55:50 AM   4733.60  10590.40    758.20    455.60   2858.60   3806.20      0.00   2653.80      0.00      0.00
10:55:55 AM      0.00    104.80      0.00      0.00      3.80      0.00      0.00      0.00      0.00      0.00
10:56:00 AM      0.00      4.80      0.00      0.00      3.80      0.00      0.00      0.00      0.00      0.00
10:56:05 AM      1.60      0.00      0.40      0.40      0.60      0.00      0.00      0.00      0.00      0.00
10:56:10 AM   1528.00      0.00    184.20    167.80     23.00      0.00      0.00      0.00      0.00      0.00
10:56:15 AM  32156.00  23526.40   8039.20   8039.20   6489.60  11082.20     28.80   6485.40      0.00      0.00
10:56:20 AM  35228.00  41846.40   8786.80   8786.60  10595.00  11060.00      0.00  10542.00      0.00      0.00
10:56:25 AM      3.20     32.00      0.80      0.80      4.00      0.00      0.00      0.00      0.00      0.00
10:56:30 AM     16.00    149.60      0.00      0.00      3.80      0.00      0.00      0.00      0.00      0.00
10:56:35 AM      0.80      4.00      0.20      0.20      0.60      0.00      0.00      0.00      0.00      0.00
10:56:40 AM      0.00      0.00      0.00      0.00      3.80      0.00      0.00      0.00      0.00      0.00
10:56:45 AM  17112.80   2820.00   4278.20   4278.20   1176.00   2604.00      0.00   1100.00      0.00      0.00
10:56:50 AM   4911.20  15021.60   1227.80   1227.80   3769.60   4480.00      0.00   3762.60      0.00      0.00
10:56:55 AM      0.00      0.00      0.00      0.00      3.80      0.00      0.00      0.00      0.00      0.00
10:57:00 AM      0.00     32.00      0.00      0.00      4.00      0.00      0.00      0.00      0.00      0.00
10:57:05 AM      6.40    117.60      0.00      0.00      0.40      0.00      0.00      0.00      0.00      0.00
10:57:10 AM      0.00      4.00      0.00      0.00      4.00      0.00      0.00      0.00      0.00      0.00
10:57:15 AM  13773.60   7080.80   3445.20   3445.20   1805.80   2165.20      0.00   1801.80      0.00      0.00
10:57:20 AM  21669.60  32191.20   4857.00   4898.00   9519.60  58126.60      0.00   9055.80      0.00      0.00
10:57:25 AM      0.00      0.00      0.00      0.00      4.00      0.00      0.00      0.00      0.00      0.00
10:57:30 AM    220.80      0.00      1.80     55.20    989.20      0.00      0.00      0.00      0.00      0.00
10:57:35 AM      0.80     32.00      0.20      0.20      2.20      0.00      0.00      0.00      0.00      0.00
10:57:40 AM    208.00    124.00      1.20     49.60    823.00      0.00      0.00      0.00      0.00      0.00
10:57:45 AM   6645.60      4.00   1661.40   1661.40      4.40      0.00      0.00      0.00      0.00      0.00
10:57:50 AM  57956.80  49478.40  14471.40  14506.60  12918.40  14820.40      0.00  12439.00      0.00      0.00
10:57:55 AM      0.00      0.00      0.00      0.00      4.00      0.00      0.00      0.00      0.00      0.00
10:58:00 AM    144.80     59.20      1.20     36.20   1456.40     38.20      0.00     32.40      0.00      0.00
10:58:05 AM      0.00      0.00      0.00      0.00      0.40      0.00      0.00      0.00      0.00      0.00
10:58:10 AM   3408.00   9089.60    152.80    161.00   2863.00   3291.00      0.00   2513.20      0.00      0.00
10:58:15 AM      9.60    104.80      0.00      0.00      9.40      0.00      0.00      0.00      0.00      0.00
10:58:20 AM  23356.80  17256.80   5726.60   5726.20   5208.00  22645.00      0.00   5171.60      0.00      0.00
10:58:25 AM    269.86      0.00      0.60      0.40      4.59      0.00      0.00      0.00      0.00      0.00
10:58:30 AM      0.00      0.00      0.00      0.00      4.00      0.00      0.00      0.00      0.00      0.00
10:58:35 AM      0.80      0.00      0.20      0.20      0.40      0.00      0.00      0.00      0.00      0.00
10:58:40 AM      0.00      0.00      0.00      0.00      4.00      0.00      0.00      0.00      0.00      0.00
10:58:45 AM      0.80     32.00      0.20      0.20      3.80      0.00      0.00      0.00      0.00      0.00
10:58:50 AM  49449.60  47008.00  10757.60  10728.80  12413.40 114203.40     42.00  12345.80      0.00      0.00
10:58:55 AM    490.40      6.40      9.20      8.80      4.40      0.00      0.00      0.00      0.00      0.00
10:59:00 AM   1219.20      0.00     52.60     30.20     18.80      0.00      0.00      0.00      0.00      0.00
10:59:05 AM      8.00      0.00      2.00      2.00      0.80      0.00      0.00      0.00      0.00      0.00
10:59:10 AM      2.40      0.00      1.00      0.60      4.40      0.00      0.00      0.00      0.00      0.00
10:59:15 AM      0.00      0.00      0.00      0.00      4.00      0.00      0.00      0.00      0.00      0.00
10:59:20 AM  44842.40  59109.60  11047.00  11089.00  15737.20  19216.60     65.00  14961.60      0.00      0.00
10:59:25 AM     16.80    168.80      3.60      1.80      4.20      0.00      0.00      0.00      0.00      0.00
10:59:30 AM    159.20     14.40      1.40     39.80    805.80      0.00      0.00      0.00      0.00      0.00
10:59:35 AM      0.00      0.00      0.00      0.00      0.40      0.00      0.00      0.00      0.00      0.00
10:59:40 AM     80.00      0.00      0.80     20.00    404.20      0.00      0.00      0.00      0.00      0.00
10:59:45 AM      1.60      0.00      0.40      0.40      3.80      0.00      0.00      0.00      0.00      0.00
10:59:50 AM    763.20      0.00    187.60    187.40      4.60      0.00      0.00      0.00      0.00      0.00
10:59:55 AM      5.60     32.00      1.40      1.40      4.80      0.00      0.00      0.00      0.00      0.00
11:00:00 AM      0.00    143.20      0.00      0.00      4.00      0.00      0.00      0.00      0.00      0.00
11:00:05 AM      1.60      4.00      0.40      0.40      0.40      0.00      0.00      0.00      0.00      0.00
11:00:10 AM    649.60      0.00    175.80    168.20     13.80      0.00      0.00      0.00      0.00      0.00
11:00:15 AM      0.00      0.00      0.00      0.00      4.00      0.00      0.00      0.00      0.00      0.00
11:00:20 AM  57096.00  49483.20  12356.80  12311.40  14665.20  20961.20      0.00  14565.40      0.00      0.00
11:00:25 AM     56.00      0.00      5.60      1.00      8.20      0.00      0.00      0.00      0.00      0.00
11:00:30 AM      0.00      0.00      0.00      0.00      3.80      0.00      0.00      0.00      0.00      0.00
11:00:35 AM      4.00    104.80      0.20      0.20      0.60      0.00      0.00      0.00      0.00      0.00
11:00:40 AM      0.00      0.00      0.00      0.00      3.80      0.00      0.00      0.00      0.00      0.00
11:00:45 AM      0.00      0.00      0.00      0.00      4.00      0.00      0.00      0.00      0.00      0.00
11:00:50 AM  37741.60  39207.20   9171.80   8874.80  10207.40 137211.40      0.00   9987.20      0.00      0.00
11:00:55 AM      6.40      4.80      0.00      0.00      4.00      0.00      0.00      0.00      0.00      0.00
11:01:00 AM      0.80      0.00      0.20      0.20      4.00      0.00      0.00      0.00      0.00      0.00
11:01:05 AM      2.40      0.00      0.60      0.60      0.40      0.00      0.00      0.00      0.00      0.00
11:01:10 AM      0.00      0.00      0.00      0.00      4.00      0.00      0.00      0.00      0.00      0.00
11:01:15 AM      0.00      0.00      0.00      0.00      3.80      0.00      0.00      0.00      0.00      0.00
11:01:20 AM  70274.40  62019.20  17591.00  17590.80  16177.60  20616.40      0.00  15532.20      0.00      0.00
11:01:25 AM     22.40    175.20      0.00      0.00      4.00      0.00      0.00      0.00      0.00      0.00
11:01:30 AM      0.00      4.80      0.00      0.00      4.00      0.00      0.00      0.00      0.00      0.00
11:01:35 AM      0.80      0.00      0.40      0.20      0.40      0.00      0.00      0.00      0.00      0.00
11:01:40 AM      0.80      0.00      0.20      0.20      3.80      0.00      0.00      0.00      0.00      0.00
11:01:45 AM      0.00      0.00      0.00      0.00      4.00      0.00      0.00      0.00      0.00      0.00
11:01:50 AM  45217.60  48127.20  11320.60  11305.20  13496.40  98744.80   1267.40  13452.40      0.00      0.00
11:01:55 AM     16.00     32.00      0.60      0.40      4.20      0.00      0.00      0.00      0.00      0.00
11:02:00 AM      0.00    111.20      0.00      0.00      3.80      0.00      0.00      0.00      0.00      0.00
11:02:05 AM      5.60      4.00      1.60      1.40      0.60      0.00      0.00      0.00      0.00      0.00
11:02:10 AM   3263.20      0.00    224.80    206.40     61.60      0.00      0.00      0.00      0.00      0.00
11:02:15 AM      0.00      0.00      0.00      0.00      4.00      0.00      0.00      0.00      0.00      0.00
11:02:20 AM  44759.20  41253.60  11186.00  11184.40  11452.00  12702.40      0.00  11344.80      0.00      0.00
11:02:25 AM     18.40      0.00      4.00      0.20      3.80      0.00      0.00      0.00      0.00      0.00
11:02:30 AM    117.60      0.00      0.60      0.60      4.00      0.00      0.00      0.00      0.00      0.00
11:02:35 AM      8.80    117.60      1.60      0.60      0.40      0.00      0.00      0.00      0.00      0.00
11:02:40 AM      0.00      0.00      0.00      0.00      4.00      0.00      0.00      0.00      0.00      0.00
11:02:45 AM      0.00      0.00      0.00      0.00      3.80      0.00      0.00      0.00      0.00      0.00
11:02:50 AM   2490.40      0.00    605.20    605.00      5.40      0.00      0.00      0.00      0.00      0.00
11:02:55 AM      0.00      4.00      0.00      0.00      4.00      0.00      0.00      0.00      0.00      0.00
11:03:00 AM      0.00      0.00      0.00      0.00      3.80      0.00      0.00      0.00      0.00      0.00
11:03:05 AM      0.80      0.00      0.20      0.20      0.60      0.00      0.00      0.00      0.00      0.00
11:03:10 AM    515.20      0.00      5.00      3.40      9.00      0.00      0.00      0.00      0.00      0.00
11:03:15 AM      0.00      0.00      0.00      0.00      4.00      0.00      0.00      0.00      0.00      0.00
11:03:20 AM  18172.00   4447.20   4540.00   4540.00   2246.00   3238.40      0.00   2185.40      0.00      0.00
11:03:25 AM     28.80    149.60      0.00      0.00      4.00      0.00      0.00      0.00      0.00      0.00
11:03:30 AM      2.40      4.80      0.60      0.60      3.80      0.00      0.00      0.00      0.00      0.00
11:03:35 AM    783.20      0.00      0.40      0.40      0.60      0.00      0.00      0.00      0.00      0.00
11:03:40 AM      0.00      0.00      0.00      0.00      3.80      0.00      0.00      0.00      0.00      0.00
11:03:45 AM      0.00      0.00      0.00      0.00      3.80      0.00      0.00      0.00      0.00      0.00
11:03:50 AM  35002.40  45130.40   7215.60   7189.00  11794.80 119665.20     13.00  11696.20      0.00      0.00
11:03:55 AM    518.40      0.00      8.80      5.20      5.00      0.00      0.00      0.00      0.00      0.00
11:04:00 AM   1389.60    124.00     57.40     35.40      7.00      0.00      0.00      0.00      0.00      0.00
11:04:05 AM      7.20      0.00      1.80      1.80      0.80      0.00      0.00      0.00      0.00      0.00
11:04:10 AM    622.40      0.00    169.60    160.80     19.40      0.00      0.00      0.00      0.00      0.00
11:04:15 AM      8.00      0.00      1.20      0.40      5.20      0.00      0.00      0.00      0.00      0.00
11:04:20 AM  26913.60  25864.00   6712.40   6707.60   6622.00   9471.00      0.00   6604.20      0.00      0.00
11:04:25 AM      6.40      4.00      2.00      1.60      5.00      0.00      0.00      0.00      0.00      0.00
11:04:30 AM    705.60    179.20     20.60     14.80     19.20      0.00      0.00      0.00      0.00      0.00
11:04:35 AM      1.60      0.00      0.40      0.40      0.60      0.00      0.00      0.00      0.00      0.00
11:04:40 AM      0.00      0.00      0.00      0.00      3.80      0.00      0.00      0.00      0.00      0.00
11:04:45 AM      0.00      0.00      0.00      0.00      4.00      0.00      0.00      0.00      0.00      0.00
11:04:50 AM  43892.80  41524.80  10967.00  10965.20  11874.20  16387.40      0.00  11777.00      0.00      0.00
11:04:55 AM      3.20      0.00      0.00      0.00      4.00      0.00      0.00      0.00      0.00      0.00
11:05:00 AM     12.80    124.00      0.00      0.00      4.00      0.00      0.00      0.00      0.00      0.00
11:05:05 AM      0.80      0.00      0.20      0.20      0.60      0.00      0.00      0.00      0.00      0.00
11:05:10 AM      0.00      0.00      0.00      0.00      3.80      0.00      0.00      0.00      0.00      0.00
11:05:15 AM      0.00      0.00      0.00      0.00      3.80      0.00      0.00      0.00      0.00      0.00
11:05:20 AM  52474.40  38650.40  11754.40  11725.00  10468.20  12757.40     10.80  10371.40      0.00      0.00
11:05:25 AM      9.60      4.00      0.20      0.00      3.80      0.00      0.00      0.00      0.00      0.00
11:05:30 AM      0.00     32.00      0.00      0.00      4.00      0.00      0.00      0.00      0.00      0.00
11:05:35 AM      0.80      0.00      0.20      0.20      0.40      0.00      0.00      0.00      0.00      0.00
11:05:40 AM      0.00      0.00      1.80      0.00      4.00      0.00      0.00      0.00      0.00      0.00
11:05:45 AM      0.00      0.00      0.00      0.00      3.80      0.00      0.00      0.00      0.00      0.00
11:05:50 AM  12146.40  21247.20   3013.00   3013.00   5794.80  32213.00      0.00   5787.20      0.00      0.00
11:05:55 AM   3298.40    117.60    332.40     36.80    313.20      0.00      0.00      0.00      0.00      0.00
11:06:00 AM      0.00      0.00      0.00      0.00      4.00      0.00      0.00      0.00      0.00      0.00
11:06:05 AM      0.00      0.00      0.00      0.00      0.60      0.00      0.00      0.00      0.00      0.00
11:06:10 AM    634.40      0.00    176.80    164.00     25.80      0.00      0.00      0.00      0.00      0.00
11:06:15 AM     63.20      0.00      0.80      0.60      4.00      0.00      0.00      0.00      0.00      0.00
11:06:20 AM  28696.80  34925.60   7186.40   7185.40   9759.20  12404.60     12.80   9696.80      0.00      0.00
11:06:25 AM     19.20      6.40      4.00      0.20      4.00      0.00      0.00      0.00      0.00      0.00
11:06:30 AM    447.20      0.00      0.20      0.20      3.80      0.00      0.00      0.00      0.00      0.00
11:06:35 AM    525.60      0.00      1.20      1.60      0.60      0.00      0.00      0.00      0.00      0.00
Average:      5098.64   5231.75   1317.48   1239.70   1422.81   4033.84     37.59   1358.17      0.00      0.00
