Linux 7.0.10-arch1-1 (archlinux) 	06/04/2026 	_x86_64_	(4 CPU)

10:06:35 AM  %smem-10  %smem-60 %smem-300     %smem  %fmem-10  %fmem-60 %fmem-300     %fmem
10:06:40 AM      0.00      0.00      0.00      0.00      0.00      0.00      0.00      0.00
10:06:45 AM      0.00      0.00      0.00      0.00      0.00      0.00      0.00      0.00
10:06:50 AM      0.00      0.00      0.00      0.00      0.00      0.00      0.00      0.00
10:06:55 AM      0.00      0.00      0.00      0.00      0.00      0.00      0.00      0.00
10:07:00 AM      0.00      0.00      0.00      0.00      0.00      0.00      0.00      0.00
10:07:05 AM      0.00      0.00      0.00      0.00      0.00      0.00      0.00      0.00
10:07:10 AM      0.00      0.00      0.00      0.00      0.00      0.00      0.00      0.00
10:07:15 AM      0.00      0.00      0.00      0.00      0.00      0.00      0.00      0.00
10:07:20 AM      0.00      0.00      0.00      0.00      0.00      0.00      0.00      0.00
10:07:25 AM      0.00      0.00      0.00      0.00      0.00      0.00      0.00      0.00
10:07:30 AM      0.00      0.00      0.00      0.00      0.00      0.00      0.00      0.00
10:07:35 AM      0.00      0.00      0.00      0.00      0.00      0.00      0.00      0.00
10:07:40 AM      0.00      0.00      0.00      0.00      0.00      0.00      0.00      0.00
10:07:45 AM      0.00      0.00      0.00      0.00      0.00      0.00      0.00      0.00
10:07:50 AM      0.00      0.00      0.00      0.00      0.00      0.00      0.00      0.00
10:07:55 AM      0.00      0.00      0.00      0.00      0.00      0.00      0.00      0.00
10:08:00 AM      0.00      0.00      0.00      0.00      0.00      0.00      0.00      0.00
10:08:05 AM      0.00      0.00      0.00      0.00      0.00      0.00      0.00      0.00
10:08:10 AM      0.00      0.00      0.00      0.00      0.00      0.00      0.00      0.00
10:08:15 AM      0.00      0.00      0.00      0.00      0.00      0.00      0.00      0.00
10:08:20 AM      0.00      0.00      0.00      0.00      0.00      0.00      0.00      0.00
10:08:25 AM      0.00      0.00      0.00      0.00      0.00      0.00      0.00      0.00
10:08:30 AM      0.00      0.00      0.00      0.00      0.00      0.00      0.00      0.00
10:08:35 AM      0.00      0.00      0.00      0.00      0.00      0.00      0.00      0.00
10:08:40 AM      0.00      0.00      0.00      0.00      0.00      0.00      0.00      0.00
10:08:45 AM      0.00      0.00      0.00      0.00      0.00      0.00      0.00      0.00
10:08:50 AM      0.00      0.00      0.00      0.00      0.00      0.00      0.00      0.00
10:08:55 AM      0.00      0.00      0.00      0.00      0.00      0.00      0.00      0.00
10:09:00 AM      0.00      0.00      0.00      0.00      0.00      0.00      0.00      0.00
10:09:05 AM      0.00      0.00      0.00      0.00      0.00      0.00      0.00      0.00
10:09:10 AM      0.00      0.00      0.00      0.00      0.00      0.00      0.00      0.00
10:09:15 AM      0.00      0.00      0.00      0.00      0.00      0.00      0.00      0.00
10:09:20 AM      0.00      0.00      0.00      0.00      0.00      0.00      0.00      0.00
10:09:25 AM      0.00      0.00      0.00      0.00      0.00      0.00      0.00      0.00
10:09:30 AM      0.00      0.00      0.00      0.00      0.00      0.00      0.00      0.00
10:09:35 AM      0.00      0.00      0.00      0.00      0.00      0.00      0.00      0.00
10:09:40 AM      0.00      0.00      0.00      0.00      0.00      0.00      0.00      0.00
10:09:45 AM      0.00      0.00      0.00      0.00      0.00      0.00      0.00      0.00
10:09:50 AM      0.00      0.00      0.00      0.00      0.00      0.00      0.00      0.00
10:09:55 AM      0.00      0.00      0.00      0.00      0.00      0.00      0.00      0.00
10:10:00 AM      0.00      0.00      0.00      0.00      0.00      0.00      0.00      0.00
10:10:05 AM      0.00      0.00      0.00      0.00      0.00      0.00      0.00      0.00
10:10:10 AM      0.00      0.00      0.00      0.00      0.00      0.00      0.00      0.00
10:10:15 AM      0.00      0.00      0.00      0.00      0.00      0.00      0.00      0.00
10:10:20 AM      0.00      0.00      0.00      0.00      0.00      0.00      0.00      0.00
10:10:25 AM      0.00      0.00      0.00      0.00      0.00      0.00      0.00      0.00
10:10:30 AM      0.00      0.00      0.00      0.00      0.00      0.00      0.00      0.00
10:10:35 AM      0.00      0.00      0.00      0.00      0.00      0.00      0.00      0.00
10:10:40 AM      0.00      0.00      0.00      0.00      0.00      0.00      0.00      0.00
10:10:45 AM      0.00      0.00      0.00      0.00      0.00      0.00      0.00      0.00
10:10:50 AM      0.00      0.00      0.00      0.00      0.00      0.00      0.00      0.00
10:10:55 AM      0.00      0.00      0.00      0.00      0.00      0.00      0.00      0.00
10:11:00 AM      0.00      0.00      0.00      0.00      0.00      0.00      0.00      0.00
10:11:05 AM      0.00      0.00      0.00      0.00      0.00      0.00      0.00      0.00
10:11:10 AM      0.00      0.00      0.00      0.00      0.00      0.00      0.00      0.00
10:11:15 AM      0.00      0.00      0.00      0.00      0.00      0.00      0.00      0.00
10:11:20 AM      0.00      0.00      0.00      0.00      0.00      0.00      0.00      0.00
10:11:25 AM      0.00      0.00      0.00      0.00      0.00      0.00      0.00      0.00
10:11:30 AM      0.00      0.00      0.00      0.00      0.00      0.00      0.00      0.00
10:11:35 AM      0.00      0.00      0.00      0.00      0.00      0.00      0.00      0.00
10:11:40 AM      0.00      0.00      0.00      0.00      0.00      0.00      0.00      0.00
10:11:45 AM      0.00      0.00      0.00      0.00      0.00      0.00      0.00      0.00
10:11:50 AM      0.00      0.00      0.00      0.00      0.00      0.00      0.00      0.00
10:11:55 AM      0.00      0.00      0.00      0.00      0.00      0.00      0.00      0.00
10:12:00 AM      0.00      0.00      0.00      0.00      0.00      0.00      0.00      0.00
10:12:05 AM      0.00      0.00      0.00      0.00      0.00      0.00      0.00      0.00
10:12:10 AM      0.00      0.00      0.00      0.00      0.00      0.00      0.00      0.00
10:12:15 AM      0.00      0.00      0.00      0.00      0.00      0.00      0.00      0.00
10:12:20 AM      0.00      0.00      0.00      0.00      0.00      0.00      0.00      0.00
10:12:25 AM      0.00      0.00      0.00      0.00      0.00      0.00      0.00      0.00
10:12:30 AM      0.00      0.00      0.00      0.00      0.00      0.00      0.00      0.00
10:12:35 AM      0.00      0.00      0.00      0.00      0.00      0.00      0.00      0.00
10:12:40 AM      0.00      0.00      0.00      0.00      0.00      0.00      0.00      0.00
10:12:45 AM      0.00      0.00      0.00      0.00      0.00      0.00      0.00      0.00
10:12:50 AM      0.00      0.00      0.00      0.00      0.00      0.00      0.00      0.00
10:12:55 AM      0.00      0.00      0.00      0.00      0.00      0.00      0.00      0.00
10:13:00 AM      0.00      0.00      0.00      0.00      0.00      0.00      0.00      0.00
10:13:05 AM      0.00      0.00      0.00      0.00      0.00      0.00      0.00      0.00
10:13:10 AM      0.00      0.00      0.00      0.00      0.00      0.00      0.00      0.00
10:13:15 AM      0.00      0.00      0.00      0.00      0.00      0.00      0.00      0.00
10:13:20 AM      0.00      0.00      0.00      0.00      0.00      0.00      0.00      0.00
10:13:25 AM      0.00      0.00      0.00      0.00      0.00      0.00      0.00      0.00
10:13:30 AM      0.00      0.00      0.00      0.00      0.00      0.00      0.00      0.00
10:13:35 AM      0.00      0.00      0.00      0.00      0.00      0.00      0.00      0.00
10:13:40 AM      0.00      0.00      0.00      0.00      0.00      0.00      0.00      0.00
10:13:45 AM      0.00      0.00      0.00      0.00      0.00      0.00      0.00      0.00
10:13:50 AM      0.00      0.00      0.00      0.00      0.00      0.00      0.00      0.00
10:13:55 AM      0.00      0.00      0.00      0.00      0.00      0.00      0.00      0.00
10:14:00 AM      0.00      0.00      0.00      0.00      0.00      0.00      0.00      0.00
10:14:05 AM      0.00      0.00      0.00      0.00      0.00      0.00      0.00      0.00
10:14:10 AM      0.00      0.00      0.00      0.00      0.00      0.00      0.00      0.00
10:14:15 AM      0.00      0.00      0.00      0.00      0.00      0.00      0.00      0.00
10:14:20 AM      0.00      0.00      0.00      0.00      0.00      0.00      0.00      0.00
10:14:25 AM      0.00      0.00      0.00      0.00      0.00      0.00      0.00      0.00
10:14:30 AM      0.00      0.00      0.00      0.00      0.00      0.00      0.00      0.00
10:14:35 AM      0.00      0.00      0.00      0.00      0.00      0.00      0.00      0.00
10:14:40 AM      0.00      0.00      0.00      0.00      0.00      0.00      0.00      0.00
10:14:45 AM      0.00      0.00      0.00      0.00      0.00      0.00      0.00      0.00
10:14:50 AM      0.00      0.00      0.00      0.00      0.00      0.00      0.00      0.00
10:14:55 AM      0.00      0.00      0.00      0.00      0.00      0.00      0.00      0.00
10:15:00 AM      0.00      0.00      0.00      0.00      0.00      0.00      0.00      0.00
10:15:05 AM      0.00      0.00      0.00      0.00      0.00      0.00      0.00      0.00
10:15:10 AM      0.00      0.00      0.00      0.00      0.00      0.00      0.00      0.00
10:15:15 AM      0.00      0.00      0.00      0.00      0.00      0.00      0.00      0.00
10:15:20 AM      0.00      0.00      0.00      0.00      0.00      0.00      0.00      0.00
10:15:25 AM      0.00      0.00      0.00      0.00      0.00      0.00      0.00      0.00
10:15:30 AM      0.00      0.00      0.00      0.00      0.00      0.00      0.00      0.00
10:15:35 AM      0.00      0.00      0.00      0.00      0.00      0.00      0.00      0.00
10:15:40 AM      0.00      0.00      0.00      0.00      0.00      0.00      0.00      0.00
10:15:45 AM      0.00      0.00      0.00      0.00      0.00      0.00      0.00      0.00
10:15:50 AM      0.00      0.00      0.00      0.00      0.00      0.00      0.00      0.00
10:15:55 AM      0.00      0.00      0.00      0.00      0.00      0.00      0.00      0.00
10:16:00 AM      0.00      0.00      0.00      0.00      0.00      0.00      0.00      0.00
10:16:05 AM      0.00      0.00      0.00      0.00      0.00      0.00      0.00      0.00
10:16:10 AM      0.00      0.00      0.00      0.00      0.00      0.00      0.00      0.00
10:16:15 AM      0.00      0.00      0.00      0.00      0.00      0.00      0.00      0.00
10:16:20 AM      0.00      0.00      0.00      0.00      0.00      0.00      0.00      0.00
10:16:25 AM      0.00      0.00      0.00      0.00      0.00      0.00      0.00      0.00
10:16:30 AM      0.00      0.00      0.00      0.00      0.00      0.00      0.00      0.00
10:16:35 AM      0.00      0.00      0.00      0.00      0.00      0.00      0.00      0.00
10:16:40 AM      0.00      0.00      0.00      0.00      0.00      0.00      0.00      0.00
10:16:45 AM      0.00      0.00      0.00      0.00      0.00      0.00      0.00      0.00
10:16:50 AM      0.00      0.00      0.00      0.00      0.00      0.00      0.00      0.00
10:16:55 AM      0.00      0.00      0.00      0.00      0.00      0.00      0.00      0.00
10:17:00 AM      0.00      0.00      0.00      0.00      0.00      0.00      0.00      0.00
10:17:05 AM      0.00      0.00      0.00      0.00      0.00      0.00      0.00      0.00
10:17:10 AM      0.00      0.00      0.00      0.00      0.00      0.00      0.00      0.00
10:17:15 AM      0.00      0.00      0.00      0.00      0.00      0.00      0.00      0.00
10:17:20 AM      0.00      0.00      0.00      0.00      0.00      0.00      0.00      0.00
10:17:25 AM      0.00      0.00      0.00      0.00      0.00      0.00      0.00      0.00
10:17:30 AM      0.00      0.00      0.00      0.00      0.00      0.00      0.00      0.00
10:17:35 AM      0.00      0.00      0.00      0.00      0.00      0.00      0.00      0.00
10:17:40 AM      0.00      0.00      0.00      0.00      0.00      0.00      0.00      0.00
10:17:45 AM      0.00      0.00      0.00      0.00      0.00      0.00      0.00      0.00
10:17:50 AM      0.00      0.00      0.00      0.00      0.00      0.00      0.00      0.00
10:17:55 AM      0.00      0.00      0.00      0.00      0.00      0.00      0.00      0.00
10:18:00 AM      0.00      0.00      0.00      0.00      0.00      0.00      0.00      0.00
10:18:05 AM      0.00      0.00      0.00      0.00      0.00      0.00      0.00      0.00
10:18:10 AM      0.00      0.00      0.00      0.00      0.00      0.00      0.00      0.00
10:18:15 AM      0.00      0.00      0.00      0.00      0.00      0.00      0.00      0.00
10:18:20 AM      0.00      0.00      0.00      0.00      0.00      0.00      0.00      0.00
10:18:25 AM      0.00      0.00      0.00      0.00      0.00      0.00      0.00      0.00
10:18:30 AM      0.00      0.00      0.00      0.00      0.00      0.00      0.00      0.00
10:18:35 AM      0.00      0.00      0.00      0.00      0.00      0.00      0.00      0.00
10:18:40 AM      0.00      0.00      0.00      0.00      0.00      0.00      0.00      0.00
10:18:45 AM      0.00      0.00      0.00      0.00      0.00      0.00      0.00      0.00
10:18:50 AM      0.00      0.00      0.00      0.00      0.00      0.00      0.00      0.00
10:18:55 AM      0.00      0.00      0.00      0.00      0.00      0.00      0.00      0.00
10:19:00 AM      0.00      0.00      0.00      0.00      0.00      0.00      0.00      0.00
10:19:05 AM      0.00      0.00      0.00      0.00      0.00      0.00      0.00      0.00
10:19:10 AM      0.00      0.00      0.00      0.00      0.00      0.00      0.00      0.00
10:19:15 AM      0.00      0.00      0.00      0.00      0.00      0.00      0.00      0.00
10:19:20 AM      0.00      0.00      0.00      0.00      0.00      0.00      0.00      0.00
10:19:25 AM      0.00      0.00      0.00      0.00      0.00      0.00      0.00      0.00
10:19:30 AM      0.00      0.00      0.00      0.00      0.00      0.00      0.00      0.00
10:19:35 AM      0.00      0.00      0.00      0.00      0.00      0.00      0.00      0.00
10:19:40 AM      0.00      0.00      0.00      0.00      0.00      0.00      0.00      0.00
10:19:45 AM      0.00      0.00      0.00      0.00      0.00      0.00      0.00      0.00
10:19:50 AM      0.00      0.00      0.00      0.00      0.00      0.00      0.00      0.00
10:19:55 AM      0.00      0.00      0.00      0.00      0.00      0.00      0.00      0.00
10:20:00 AM      0.00      0.00      0.00      0.00      0.00      0.00      0.00      0.00
10:20:05 AM      0.00      0.00      0.00      0.00      0.00      0.00      0.00      0.00
10:20:10 AM      0.00      0.00      0.00      0.00      0.00      0.00      0.00      0.00
10:20:15 AM      0.00      0.00      0.00      0.00      0.00      0.00      0.00      0.00
10:20:20 AM      0.00      0.00      0.00      0.00      0.00      0.00      0.00      0.00
10:20:25 AM      0.00      0.00      0.00      0.00      0.00      0.00      0.00      0.00
10:20:30 AM      0.00      0.00      0.00      0.00      0.00      0.00      0.00      0.00
10:20:35 AM      0.00      0.00      0.00      0.00      0.00      0.00      0.00      0.00
10:20:40 AM      0.00      0.00      0.00      0.00      0.00      0.00      0.00      0.00
10:20:45 AM      0.00      0.00      0.00      0.00      0.00      0.00      0.00      0.00
10:20:50 AM      0.00      0.00      0.00      0.00      0.00      0.00      0.00      0.00
10:20:55 AM      0.00      0.00      0.00      0.00      0.00      0.00      0.00      0.00
10:21:00 AM      0.00      0.00      0.00      0.00      0.00      0.00      0.00      0.00
10:21:05 AM      0.00      0.00      0.00      0.00      0.00      0.00      0.00      0.00
10:21:10 AM      0.00      0.00      0.00      0.00      0.00      0.00      0.00      0.00
10:21:15 AM      0.00      0.00      0.00      0.00      0.00      0.00      0.00      0.00
10:21:20 AM      0.00      0.00      0.00      0.00      0.00      0.00      0.00      0.00
10:21:25 AM      0.00      0.00      0.00      0.00      0.00      0.00      0.00      0.00
10:21:30 AM      0.00      0.00      0.00      0.00      0.00      0.00      0.00      0.00
10:21:35 AM      0.00      0.00      0.00      0.00      0.00      0.00      0.00      0.00
10:21:40 AM      0.00      0.00      0.00      0.00      0.00      0.00      0.00      0.00
10:21:45 AM      0.00      0.00      0.00      0.00      0.00      0.00      0.00      0.00
10:21:50 AM      0.00      0.00      0.00      0.00      0.00      0.00      0.00      0.00
10:21:55 AM      0.00      0.00      0.00      0.00      0.00      0.00      0.00      0.00
10:22:00 AM      0.00      0.00      0.00      0.00      0.00      0.00      0.00      0.00
10:22:05 AM      0.00      0.00      0.00      0.00      0.00      0.00      0.00      0.00
10:22:10 AM      0.00      0.00      0.00      0.00      0.00      0.00      0.00      0.00
10:22:15 AM      0.00      0.00      0.00      0.00      0.00      0.00      0.00      0.00
10:22:20 AM      0.00      0.00      0.00      0.00      0.00      0.00      0.00      0.00
10:22:25 AM      0.00      0.00      0.00      0.00      0.00      0.00      0.00      0.00
10:22:30 AM      0.00      0.00      0.00      0.00      0.00      0.00      0.00      0.00
10:22:35 AM      0.00      0.00      0.00      0.00      0.00      0.00      0.00      0.00
10:22:40 AM      0.00      0.00      0.00      0.00      0.00      0.00      0.00      0.00
10:22:45 AM      0.00      0.00      0.00      0.00      0.00      0.00      0.00      0.00
10:22:50 AM      0.00      0.00      0.00      0.00      0.00      0.00      0.00      0.00
10:22:55 AM      0.00      0.00      0.00      0.00      0.00      0.00      0.00      0.00
10:23:00 AM      0.00      0.00      0.00      0.00      0.00      0.00      0.00      0.00
10:23:05 AM      0.00      0.00      0.00      0.00      0.00      0.00      0.00      0.00
10:23:10 AM      0.00      0.00      0.00      0.00      0.00      0.00      0.00      0.00
10:23:15 AM      0.00      0.00      0.00      0.00      0.00      0.00      0.00      0.00
10:23:20 AM      0.00      0.00      0.00      0.00      0.00      0.00      0.00      0.00
10:23:25 AM      0.00      0.00      0.00      0.00      0.00      0.00      0.00      0.00
10:23:30 AM      0.00      0.00      0.00      0.00      0.00      0.00      0.00      0.00
10:23:35 AM      0.00      0.00      0.00      0.00      0.00      0.00      0.00      0.00
10:23:40 AM      0.00      0.00      0.00      0.00      0.00      0.00      0.00      0.00
10:23:45 AM      0.00      0.00      0.00      0.00      0.00      0.00      0.00      0.00
10:23:50 AM      0.00      0.00      0.00      0.00      0.00      0.00      0.00      0.00
10:23:55 AM      0.00      0.00      0.00      0.00      0.00      0.00      0.00      0.00
10:24:00 AM      0.00      0.00      0.00      0.00      0.00      0.00      0.00      0.00
10:24:05 AM      0.00      0.00      0.00      0.00      0.00      0.00      0.00      0.00
10:24:10 AM      0.00      0.00      0.00      0.00      0.00      0.00      0.00      0.00
10:24:15 AM      0.00      0.00      0.00      0.00      0.00      0.00      0.00      0.00
10:24:20 AM      0.00      0.00      0.00      0.00      0.00      0.00      0.00      0.00
10:24:25 AM      0.00      0.00      0.00      0.00      0.00      0.00      0.00      0.00
10:24:30 AM      0.00      0.00      0.00      0.00      0.00      0.00      0.00      0.00
10:24:35 AM      0.00      0.00      0.00      0.00      0.00      0.00      0.00      0.00
10:24:40 AM      0.00      0.00      0.00      0.00      0.00      0.00      0.00      0.00
10:24:45 AM      0.00      0.00      0.00      0.00      0.00      0.00      0.00      0.00
10:24:50 AM      0.00      0.00      0.00      0.00      0.00      0.00      0.00      0.00
10:24:55 AM      0.00      0.00      0.00      0.00      0.00      0.00      0.00      0.00
10:25:00 AM      0.00      0.00      0.00      0.00      0.00      0.00      0.00      0.00
10:25:05 AM      0.00      0.00      0.00      0.00      0.00      0.00      0.00      0.00
10:25:10 AM      0.00      0.00      0.00      0.00      0.00      0.00      0.00      0.00
10:25:15 AM      0.00      0.00      0.00      0.00      0.00      0.00      0.00      0.00
10:25:20 AM      0.00      0.00      0.00      0.00      0.00      0.00      0.00      0.00
10:25:25 AM      0.00      0.00      0.00      0.00      0.00      0.00      0.00      0.00
10:25:30 AM      0.00      0.00      0.00      0.00      0.00      0.00      0.00      0.00
10:25:35 AM      0.00      0.00      0.00      0.00      0.00      0.00      0.00      0.00
10:25:40 AM      0.00      0.00      0.00      0.00      0.00      0.00      0.00      0.00
10:25:45 AM      0.00      0.00      0.00      0.00      0.00      0.00      0.00      0.00
10:25:50 AM      0.00      0.00      0.00      0.00      0.00      0.00      0.00      0.00
10:25:55 AM      0.00      0.00      0.00      0.00      0.00      0.00      0.00      0.00
10:26:00 AM      0.00      0.00      0.00      0.00      0.00      0.00      0.00      0.00
10:26:05 AM      0.00      0.00      0.00      0.00      0.00      0.00      0.00      0.00
10:26:10 AM      0.00      0.00      0.00      0.00      0.00      0.00      0.00      0.00
10:26:15 AM      0.00      0.00      0.00      0.00      0.00      0.00      0.00      0.00
10:26:20 AM      0.00      0.00      0.00      0.00      0.00      0.00      0.00      0.00
10:26:25 AM      0.00      0.00      0.00      0.00      0.00      0.00      0.00      0.00
10:26:30 AM      0.00      0.00      0.00      0.00      0.00      0.00      0.00      0.00
10:26:35 AM      0.00      0.00      0.00      0.00      0.00      0.00      0.00      0.00
10:26:40 AM      0.00      0.00      0.00      0.00      0.00      0.00      0.00      0.00
10:26:45 AM      0.00      0.00      0.00      0.00      0.00      0.00      0.00      0.00
10:26:50 AM      0.00      0.00      0.00      0.00      0.00      0.00      0.00      0.00
10:26:55 AM      0.00      0.00      0.00      0.00      0.00      0.00      0.00      0.00
10:27:00 AM      0.00      0.00      0.00      0.00      0.00      0.00      0.00      0.00
10:27:05 AM      0.00      0.00      0.00      0.00      0.00      0.00      0.00      0.00
10:27:10 AM      0.00      0.00      0.00      0.00      0.00      0.00      0.00      0.00
10:27:15 AM      0.00      0.00      0.00      0.00      0.00      0.00      0.00      0.00
10:27:20 AM      0.00      0.00      0.00      0.00      0.00      0.00      0.00      0.00
10:27:25 AM      0.00      0.00      0.00      0.00      0.00      0.00      0.00      0.00
10:27:30 AM      0.00      0.00      0.00      0.00      0.00      0.00      0.00      0.00
10:27:35 AM      0.00      0.00      0.00      0.00      0.00      0.00      0.00      0.00
10:27:40 AM      0.00      0.00      0.00      0.00      0.00      0.00      0.00      0.00
10:27:45 AM      0.00      0.00      0.00      0.00      0.00      0.00      0.00      0.00
10:27:50 AM      0.00      0.00      0.00      0.00      0.00      0.00      0.00      0.00
10:27:55 AM      0.00      0.00      0.00      0.00      0.00      0.00      0.00      0.00
10:28:00 AM      0.00      0.00      0.00      0.00      0.00      0.00      0.00      0.00
10:28:05 AM      0.00      0.00      0.00      0.00      0.00      0.00      0.00      0.00
10:28:10 AM      0.00      0.00      0.00      0.00      0.00      0.00      0.00      0.00
10:28:15 AM      0.00      0.00      0.00      0.00      0.00      0.00      0.00      0.00
10:28:20 AM      0.00      0.00      0.00      0.00      0.00      0.00      0.00      0.00
10:28:25 AM      0.00      0.00      0.00      0.00      0.00      0.00      0.00      0.00
10:28:30 AM      0.00      0.00      0.00      0.00      0.00      0.00      0.00      0.00
10:28:35 AM      0.00      0.00      0.00      0.00      0.00      0.00      0.00      0.00
10:28:40 AM      0.00      0.00      0.00      0.00      0.00      0.00      0.00      0.00
10:28:45 AM      0.00      0.00      0.00      0.00      0.00      0.00      0.00      0.00
10:28:50 AM      0.00      0.00      0.00      0.00      0.00      0.00      0.00      0.00
10:28:55 AM      0.00      0.00      0.00      0.00      0.00      0.00      0.00      0.00
10:29:00 AM      0.00      0.00      0.00      0.00      0.00      0.00      0.00      0.00
10:29:05 AM      0.00      0.00      0.00      0.00      0.00      0.00      0.00      0.00
10:29:10 AM      0.00      0.00      0.00      0.00      0.00      0.00      0.00      0.00
10:29:15 AM      0.00      0.00      0.00      0.00      0.00      0.00      0.00      0.00
10:29:20 AM      0.00      0.00      0.00      0.00      0.00      0.00      0.00      0.00
10:29:25 AM      0.00      0.00      0.00      0.00      0.00      0.00      0.00      0.00
10:29:30 AM      0.00      0.00      0.00      0.00      0.00      0.00      0.00      0.00
10:29:35 AM      0.00      0.00      0.00      0.00      0.00      0.00      0.00      0.00
10:29:40 AM      0.00      0.00      0.00      0.00      0.00      0.00      0.00      0.00
10:29:45 AM      0.00      0.00      0.00      0.00      0.00      0.00      0.00      0.00
10:29:50 AM      0.00      0.00      0.00      0.00      0.00      0.00      0.00      0.00
10:29:55 AM      0.00      0.00      0.00      0.00      0.00      0.00      0.00      0.00
10:30:00 AM      0.00      0.00      0.00      0.00      0.00      0.00      0.00      0.00
10:30:05 AM      0.00      0.00      0.00      0.00      0.00      0.00      0.00      0.00
10:30:10 AM      0.00      0.00      0.00      0.00      0.00      0.00      0.00      0.00
10:30:15 AM      0.00      0.00      0.00      0.00      0.00      0.00      0.00      0.00
10:30:20 AM      0.00      0.00      0.00      0.00      0.00      0.00      0.00      0.00
10:30:25 AM      0.00      0.00      0.00      0.00      0.00      0.00      0.00      0.00
10:30:30 AM      0.00      0.00      0.00      0.00      0.00      0.00      0.00      0.00
10:30:35 AM      0.00      0.00      0.00      0.00      0.00      0.00      0.00      0.00
10:30:40 AM      0.00      0.00      0.00      0.00      0.00      0.00      0.00      0.00
10:30:45 AM      0.00      0.00      0.00      0.00      0.00      0.00      0.00      0.00
10:30:50 AM      0.00      0.00      0.00      0.00      0.00      0.00      0.00      0.00
10:30:55 AM      0.00      0.00      0.00      0.00      0.00      0.00      0.00      0.00
10:31:00 AM      0.00      0.00      0.00      0.00      0.00      0.00      0.00      0.00
10:31:05 AM      0.00      0.00      0.00      0.00      0.00      0.00      0.00      0.00
10:31:10 AM      0.00      0.00      0.00      0.00      0.00      0.00      0.00      0.00
10:31:15 AM      0.00      0.00      0.00      0.00      0.00      0.00      0.00      0.00
10:31:20 AM      0.00      0.00      0.00      0.00      0.00      0.00      0.00      0.00
10:31:25 AM      0.00      0.00      0.00      0.00      0.00      0.00      0.00      0.00
10:31:30 AM      0.00      0.00      0.00      0.00      0.00      0.00      0.00      0.00
10:31:35 AM      0.00      0.00      0.00      0.00      0.00      0.00      0.00      0.00
10:31:40 AM      0.00      0.00      0.00      0.00      0.00      0.00      0.00      0.00
10:31:45 AM      0.00      0.00      0.00      0.00      0.00      0.00      0.00      0.00
10:31:50 AM      0.00      0.00      0.00      0.00      0.00      0.00      0.00      0.00
10:31:55 AM      0.00      0.00      0.00      0.00      0.00      0.00      0.00      0.00
10:32:00 AM      0.00      0.00      0.00      0.00      0.00      0.00      0.00      0.00
10:32:05 AM      0.00      0.00      0.00      0.00      0.00      0.00      0.00      0.00
10:32:10 AM      0.00      0.00      0.00      0.00      0.00      0.00      0.00      0.00
10:32:15 AM      0.00      0.00      0.00      0.00      0.00      0.00      0.00      0.00
10:32:20 AM      0.00      0.00      0.00      0.00      0.00      0.00      0.00      0.00
10:32:25 AM      0.00      0.00      0.00      0.00      0.00      0.00      0.00      0.00
10:32:30 AM      0.00      0.00      0.00      0.00      0.00      0.00      0.00      0.00
10:32:35 AM      0.00      0.00      0.00      0.00      0.00      0.00      0.00      0.00
10:32:40 AM      0.00      0.00      0.00      0.00      0.00      0.00      0.00      0.00
10:32:45 AM      0.00      0.00      0.00      0.00      0.00      0.00      0.00      0.00
10:32:50 AM      0.00      0.00      0.00      0.00      0.00      0.00      0.00      0.00
10:32:55 AM      0.00      0.00      0.00      0.00      0.00      0.00      0.00      0.00
10:33:00 AM      0.00      0.00      0.00      0.00      0.00      0.00      0.00      0.00
10:33:05 AM      0.00      0.00      0.00      0.00      0.00      0.00      0.00      0.00
10:33:10 AM      0.00      0.00      0.00      0.00      0.00      0.00      0.00      0.00
10:33:15 AM      0.00      0.00      0.00      0.00      0.00      0.00      0.00      0.00
10:33:20 AM      0.00      0.00      0.00      0.00      0.00      0.00      0.00      0.00
10:33:25 AM      0.00      0.00      0.00      0.00      0.00      0.00      0.00      0.00
10:33:30 AM      0.00      0.00      0.00      0.00      0.00      0.00      0.00      0.00
10:33:35 AM      0.00      0.00      0.00      0.00      0.00      0.00      0.00      0.00
10:33:40 AM      0.00      0.00      0.00      0.00      0.00      0.00      0.00      0.00
10:33:45 AM      0.00      0.00      0.00      0.00      0.00      0.00      0.00      0.00
10:33:50 AM      0.00      0.00      0.00      0.00      0.00      0.00      0.00      0.00
10:33:55 AM      0.00      0.00      0.00      0.00      0.00      0.00      0.00      0.00
10:34:00 AM      0.00      0.00      0.00      0.00      0.00      0.00      0.00      0.00
10:34:05 AM      0.00      0.00      0.00      0.00      0.00      0.00      0.00      0.00
10:34:10 AM      0.00      0.00      0.00      0.00      0.00      0.00      0.00      0.00
10:34:15 AM      0.00      0.00      0.00      0.00      0.00      0.00      0.00      0.00
10:34:20 AM      0.00      0.00      0.00      0.00      0.00      0.00      0.00      0.00
10:34:25 AM      0.00      0.00      0.00      0.00      0.00      0.00      0.00      0.00
10:34:30 AM      0.00      0.00      0.00      0.00      0.00      0.00      0.00      0.00
10:34:35 AM      0.00      0.00      0.00      0.00      0.00      0.00      0.00      0.00
10:34:40 AM      0.00      0.00      0.00      0.00      0.00      0.00      0.00      0.00
10:34:45 AM      0.00      0.00      0.00      0.00      0.00      0.00      0.00      0.00
10:34:50 AM      0.00      0.00      0.00      0.00      0.00      0.00      0.00      0.00
10:34:55 AM      0.00      0.00      0.00      0.00      0.00      0.00      0.00      0.00
10:35:00 AM      0.00      0.00      0.00      0.00      0.00      0.00      0.00      0.00
10:35:05 AM      0.00      0.00      0.00      0.00      0.00      0.00      0.00      0.00
10:35:10 AM      0.00      0.00      0.00      0.00      0.00      0.00      0.00      0.00
10:35:15 AM      0.00      0.00      0.00      0.00      0.00      0.00      0.00      0.00
10:35:20 AM      0.00      0.00      0.00      0.00      0.00      0.00      0.00      0.00
10:35:25 AM      0.00      0.00      0.00      0.00      0.00      0.00      0.00      0.00
10:35:30 AM      0.00      0.00      0.00      0.00      0.00      0.00      0.00      0.00
10:35:35 AM      0.00      0.00      0.00      0.00      0.00      0.00      0.00      0.00
10:35:40 AM      0.00      0.00      0.00      0.00      0.00      0.00      0.00      0.00
10:35:45 AM      0.00      0.00      0.00      0.00      0.00      0.00      0.00      0.00
10:35:50 AM      0.00      0.00      0.00      0.00      0.00      0.00      0.00      0.00
10:35:55 AM      0.00      0.00      0.00      0.00      0.00      0.00      0.00      0.00
10:36:00 AM      0.00      0.00      0.00      0.00      0.00      0.00      0.00      0.00
10:36:05 AM      0.00      0.00      0.00      0.00      0.00      0.00      0.00      0.00
10:36:10 AM      0.00      0.00      0.00      0.00      0.00      0.00      0.00      0.00
10:36:15 AM      0.00      0.00      0.00      0.00      0.00      0.00      0.00      0.00
10:36:20 AM      0.00      0.00      0.00      0.00      0.00      0.00      0.00      0.00
10:36:25 AM      0.00      0.00      0.00      0.00      0.00      0.00      0.00      0.00
10:36:30 AM      0.00      0.00      0.00      0.00      0.00      0.00      0.00      0.00
10:36:35 AM      0.00      0.00      0.00      0.00      0.00      0.00      0.00      0.00
10:36:40 AM      0.00      0.00      0.00      0.00      0.00      0.00      0.00      0.00
10:36:45 AM      0.00      0.00      0.00      0.00      0.00      0.00      0.00      0.00
10:36:50 AM      0.00      0.00      0.00      0.00      0.00      0.00      0.00      0.00
10:36:55 AM      0.00      0.00      0.00      0.00      0.00      0.00      0.00      0.00
10:37:00 AM      0.00      0.00      0.00      0.00      0.00      0.00      0.00      0.00
10:37:05 AM      0.00      0.00      0.00      0.00      0.00      0.00      0.00      0.00
10:37:10 AM      0.00      0.00      0.00      0.00      0.00      0.00      0.00      0.00
10:37:15 AM      0.00      0.00      0.00      0.00      0.00      0.00      0.00      0.00
10:37:20 AM      0.00      0.00      0.00      0.00      0.00      0.00      0.00      0.00
10:37:25 AM      0.00      0.00      0.00      0.00      0.00      0.00      0.00      0.00
10:37:30 AM      0.00      0.00      0.00      0.00      0.00      0.00      0.00      0.00
10:37:35 AM      0.00      0.00      0.00      0.00      0.00      0.00      0.00      0.00
10:37:40 AM      0.00      0.00      0.00      0.00      0.00      0.00      0.00      0.00
10:37:45 AM      0.00      0.00      0.00      0.00      0.00      0.00      0.00      0.00
10:37:50 AM      0.00      0.00      0.00      0.00      0.00      0.00      0.00      0.00
10:37:55 AM      0.00      0.00      0.00      0.00      0.00      0.00      0.00      0.00
10:38:00 AM      0.00      0.00      0.00      0.00      0.00      0.00      0.00      0.00
10:38:05 AM      0.00      0.00      0.00      0.00      0.00      0.00      0.00      0.00
10:38:10 AM      0.00      0.00      0.00      0.00      0.00      0.00      0.00      0.00
10:38:15 AM      0.98      0.19      0.04      2.50      0.98      0.19      0.04      2.49
10:38:20 AM      0.54      0.17      0.03      0.00      0.54      0.17      0.03      0.00
10:38:25 AM      0.36      0.16      0.03      0.00      0.36      0.16      0.03      0.00
10:38:30 AM      0.19      0.14      0.03      0.00      0.19      0.14      0.03      0.00
10:38:35 AM      0.13      0.13      0.03      0.00      0.13      0.13      0.03      0.00
10:38:40 AM      0.07      0.12      0.03      0.00      0.07      0.12      0.03      0.00
10:38:45 AM      0.04      0.11      0.03      0.02      0.04      0.11      0.03      0.02
10:38:50 AM      0.02      0.10      0.03      0.00      0.02      0.10      0.03      0.00
10:38:55 AM      0.01      0.09      0.03      0.00      0.01      0.09      0.03      0.00
10:39:00 AM      0.00      0.08      0.02      0.00      0.00      0.08      0.02      0.00
10:39:05 AM      0.00      0.08      0.02      0.00      0.00      0.08      0.02      0.00
10:39:10 AM      0.00      0.07      0.02      0.00      0.00      0.07      0.02      0.00
10:39:15 AM      0.54      0.16      0.04      1.43      0.54      0.16      0.04      1.43
10:39:20 AM      0.29      0.14      0.04      0.00      0.29      0.14      0.04      0.00
10:39:25 AM      0.20      0.13      0.04      0.00      0.20      0.13      0.04      0.00
10:39:30 AM      0.10      0.12      0.04      0.00      0.10      0.12      0.04      0.00
10:39:35 AM      0.07      0.11      0.04      0.00      0.07      0.11      0.04      0.00
10:39:40 AM      0.03      0.10      0.04      0.00      0.03      0.10      0.04      0.00
10:39:45 AM      3.10      0.65      0.15      7.34      3.10      0.65      0.15      7.31
10:39:50 AM      1.70      0.59      0.15      0.00      1.70      0.59      0.15      0.00
10:39:55 AM      1.14      0.55      0.14      0.00      1.14      0.55      0.14      0.00
10:40:00 AM      0.62      0.50      0.14      0.00      0.62      0.50      0.14      0.00
10:40:05 AM      0.41      0.46      0.14      0.00      0.41      0.46      0.14      0.00
10:40:10 AM      0.22      0.42      0.13      0.00      0.22      0.42      0.13      0.00
10:40:15 AM      4.32      1.14      0.29      9.27      4.32      1.14      0.29      9.27
10:40:20 AM      2.37      1.03      0.28      0.00      2.37      1.03      0.28      0.00
10:40:25 AM      1.58      0.97      0.28      0.00      1.58      0.97      0.28      0.00
10:40:30 AM      0.87      0.87      0.27      0.00      0.87      0.87      0.27      0.00
10:40:35 AM      0.58      0.82      0.27      0.00      0.58      0.82      0.27      0.00
10:40:40 AM      0.32      0.74      0.26      0.00      0.32      0.74      0.26      0.00
10:40:45 AM      0.21      0.69      0.26      0.00      0.21      0.69      0.26      0.00
10:40:50 AM      0.11      0.62      0.25      0.00      0.11      0.62      0.25      0.00
10:40:55 AM      0.07      0.58      0.25      0.00      0.07      0.58      0.25      0.00
10:41:00 AM      0.04      0.53      0.24      0.00      0.04      0.53      0.24      0.00
10:41:05 AM      0.02      0.49      0.24      0.00      0.02      0.49      0.24      0.00
10:41:10 AM      0.01      0.44      0.23      0.00      0.01      0.44      0.23      0.00
10:41:15 AM      1.64      0.71      0.29      3.57      1.64      0.71      0.29      3.57
10:41:20 AM      0.89      0.64      0.28      0.00      0.89      0.64      0.28      0.00
10:41:25 AM      0.60      0.60      0.28      0.00      0.60      0.60      0.28      0.00
10:41:30 AM      0.33      0.54      0.27      0.00      0.33      0.54      0.27      0.00
10:41:35 AM      0.22      0.50      0.27      0.00      0.22      0.50      0.27      0.00
10:41:40 AM      0.12      0.46      0.26      0.00      0.12      0.46      0.26      0.00
10:41:45 AM      2.79      0.92      0.36      5.95      2.79      0.92      0.36      5.95
10:41:50 AM      1.53      0.83      0.35      0.00      1.53      0.83      0.35      0.00
10:41:55 AM      1.02      0.77      0.35      0.00      1.02      0.77      0.35      0.00
10:42:00 AM      0.56      0.70      0.34      0.00      0.56      0.70      0.34      0.00
10:42:05 AM      0.37      0.65      0.34      0.00      0.37      0.65      0.34      0.00
10:42:10 AM      0.20      0.59      0.33      0.00      0.20      0.59      0.33      0.00
10:42:15 AM      2.49      0.98      0.41      5.29      2.49      0.98      0.41      5.29
10:42:20 AM      1.36      0.88      0.40      0.00      1.36      0.88      0.40      0.00
10:42:25 AM      0.91      0.83      0.40      0.00      0.91      0.83      0.40      0.00
10:42:30 AM      0.50      0.75      0.39      0.00      0.50      0.75      0.39      0.00
10:42:35 AM      0.33      0.70      0.38      0.00      0.33      0.70      0.38      0.00
10:42:40 AM      0.18      0.63      0.38      0.00      0.18      0.63      0.38      0.00
10:42:45 AM      3.20      1.15      0.49      6.93      3.20      1.15      0.49      6.93
10:42:50 AM      1.75      1.04      0.48      0.00      1.75      1.04      0.48      0.00
10:42:55 AM      1.17      0.97      0.47      0.00      1.17      0.97      0.47      0.00
10:43:00 AM      0.64      0.87      0.46      0.00      0.64      0.87      0.46      0.00
10:43:05 AM      0.43      0.82      0.45      0.00      0.43      0.82      0.45      0.00
10:43:10 AM      0.23      0.74      0.44      0.00      0.23      0.74      0.44      0.00
10:43:15 AM      3.60      1.31      0.57      7.81      3.60      1.31      0.57      7.80
10:43:20 AM      1.97      1.19      0.55      0.00      1.97      1.19      0.55      0.00
10:43:25 AM      1.32      1.11      0.55      0.00      1.32      1.11      0.55      0.00
10:43:30 AM      0.72      1.00      0.53      0.00      0.72      1.00      0.53      0.00
10:43:35 AM      0.48      0.94      0.53      0.00      0.48      0.94      0.53      0.00
10:43:40 AM      0.26      0.85      0.51      0.00      0.26      0.85      0.51      0.00
10:43:45 AM      2.71      1.25      0.60      5.64      2.71      1.25      0.60      5.61
10:43:50 AM      1.49      1.13      0.59      0.00      1.49      1.13      0.59      0.00
10:43:55 AM      0.99      1.06      0.58      0.00      0.99      1.06      0.58      0.00
10:44:00 AM      0.54      0.95      0.57      0.00      0.54      0.95      0.57      0.00
10:44:05 AM      0.36      0.89      0.56      0.00      0.36      0.89      0.56      0.00
10:44:10 AM      0.20      0.81      0.55      0.02      0.20      0.81      0.55      0.02
10:44:15 AM      1.40      0.98      0.59      3.17      1.40      0.98      0.59      3.17
10:44:20 AM      0.76      0.89      0.58      0.00      0.76      0.89      0.58      0.00
10:44:25 AM      0.51      0.83      0.57      0.00      0.51      0.83      0.57      0.00
10:44:30 AM      0.28      0.75      0.55      0.00      0.28      0.75      0.55      0.00
10:44:35 AM      0.18      0.70      0.55      0.00      0.18      0.70      0.55      0.00
10:44:40 AM      0.10      0.63      0.54      0.00      0.10      0.63      0.54      0.00
10:44:45 AM      0.06      0.59      0.53      0.00      0.06      0.59      0.53      0.00
10:44:50 AM      0.03      0.53      0.52      0.00      0.03      0.53      0.52      0.00
10:44:55 AM      0.02      0.50      0.51      0.00      0.02      0.50      0.51      0.00
10:45:00 AM      0.01      0.45      0.50      0.00      0.01      0.45      0.50      0.00
10:45:05 AM      0.00      0.42      0.49      0.00      0.00      0.42      0.49      0.00
10:45:10 AM      0.00      0.38      0.48      0.00      0.00      0.38      0.48      0.00
10:45:15 AM      2.17      0.75      0.55      5.14      2.17      0.75      0.55      5.14
10:45:20 AM      1.19      0.68      0.54      0.00      1.19      0.68      0.54      0.00
10:45:25 AM      0.80      0.63      0.53      0.00      0.80      0.63      0.53      0.00
10:45:30 AM      0.43      0.57      0.52      0.00      0.43      0.57      0.52      0.00
10:45:35 AM      0.29      0.53      0.52      0.00      0.29      0.53      0.52      0.00
10:45:40 AM      0.16      0.48      0.50      0.00      0.16      0.48      0.50      0.00
10:45:45 AM      1.01      0.61      0.53      2.20      1.01      0.61      0.53      2.20
10:45:50 AM      0.55      0.55      0.52      0.02      0.55      0.55      0.52      0.01
10:45:55 AM      0.37      0.52      0.51      0.00      0.37      0.52      0.51      0.00
10:46:00 AM      0.20      0.47      0.50      0.00      0.20      0.47      0.50      0.00
10:46:05 AM      0.13      0.44      0.49      0.00      0.13      0.44      0.49      0.00
10:46:10 AM      0.07      0.39      0.48      0.00      0.07      0.39      0.48      0.00
10:46:15 AM      0.77      0.50      0.50      1.71      0.77      0.50      0.50      1.71
10:46:20 AM      0.42      0.45      0.49      0.00      0.42      0.45      0.49      0.00
10:46:25 AM      0.28      0.42      0.48      0.00      0.28      0.42      0.48      0.00
10:46:30 AM      0.15      0.38      0.47      0.00      0.15      0.38      0.47      0.00
10:46:35 AM      0.10      0.36      0.47      0.00      0.10      0.36      0.47      0.00
10:46:40 AM      0.05      0.32      0.46      0.00      0.05      0.32      0.46      0.00
10:46:45 AM      2.39      0.72      0.54      5.83      2.39      0.72      0.54      5.83
10:46:50 AM      1.43      0.69      0.54      0.00      1.43      0.69      0.54      0.00
10:46:55 AM      0.96      0.64      0.53      0.00      0.96      0.64      0.53      0.00
10:47:00 AM      0.52      0.58      0.52      0.00      0.52      0.58      0.52      0.00
10:47:05 AM      0.35      0.54      0.51      0.00      0.35      0.54      0.51      0.00
10:47:10 AM      0.19      0.49      0.50      0.00      0.19      0.49      0.50      0.00
10:47:15 AM      0.12      0.46      0.49      0.22      0.12      0.46      0.49      0.22
10:47:20 AM      0.07      0.41      0.48      0.00      0.07      0.41      0.48      0.00
10:47:25 AM      0.04      0.38      0.47      0.00      0.04      0.38      0.47      0.00
10:47:30 AM      0.02      0.35      0.46      0.00      0.02      0.35      0.46      0.00
10:47:35 AM      0.01      0.32      0.45      0.00      0.01      0.32      0.45      0.00
10:47:40 AM      0.00      0.29      0.44      0.00      0.00      0.29      0.44      0.00
10:47:45 AM      1.09      0.47      0.48      2.55      1.09      0.47      0.48      2.55
10:47:50 AM      0.59      0.42      0.47      0.00      0.59      0.42      0.47      0.00
10:47:55 AM      0.40      0.40      0.46      0.00      0.40      0.40      0.46      0.00
10:48:00 AM      0.22      0.36      0.45      0.00      0.22      0.36      0.45      0.00
10:48:05 AM      0.14      0.33      0.44      0.00      0.14      0.33      0.44      0.00
10:48:10 AM      0.08      0.30      0.43      0.00      0.08      0.30      0.43      0.00
10:48:15 AM      1.14      0.48      0.47      2.52      1.14      0.48      0.47      2.52
10:48:20 AM      0.62      0.43      0.46      0.00      0.62      0.43      0.46      0.00
10:48:25 AM      0.41      0.40      0.45      0.00      0.41      0.40      0.45      0.00
10:48:30 AM      0.22      0.36      0.44      0.00      0.22      0.36      0.44      0.00
10:48:35 AM      0.15      0.34      0.43      0.00      0.15      0.34      0.43      0.00
10:48:40 AM      0.08      0.30      0.42      0.00      0.08      0.30      0.42      0.00
10:48:45 AM      0.96      0.45      0.45      2.17      0.96      0.45      0.45      2.17
10:48:50 AM      0.52      0.40      0.44      0.00      0.52      0.40      0.44      0.00
10:48:55 AM      0.35      0.38      0.44      0.00      0.35      0.38      0.44      0.00
10:49:00 AM      0.19      0.34      0.43      0.00      0.19      0.34      0.43      0.00
10:49:05 AM      0.12      0.32      0.42      0.00      0.12      0.32      0.42      0.00
10:49:10 AM      0.07      0.29      0.41      0.00      0.07      0.29      0.41      0.00
10:49:15 AM      0.22      0.30      0.41      0.56      0.22      0.30      0.41      0.56
10:49:20 AM      0.12      0.27      0.40      0.00      0.12      0.27      0.40      0.00
10:49:25 AM      0.08      0.25      0.40      0.00      0.08      0.25      0.40      0.00
10:49:30 AM      0.04      0.23      0.39      0.00      0.04      0.23      0.39      0.00
10:49:35 AM      0.02      0.21      0.38      0.00      0.02      0.21      0.38      0.00
10:49:40 AM      0.01      0.19      0.37      0.00      0.01      0.19      0.37      0.00
10:49:45 AM      0.91      0.34      0.40      3.07      0.91      0.34      0.40      3.07
10:49:50 AM      0.74      0.37      0.41      0.00      0.74      0.37      0.41      0.00
10:49:55 AM      0.49      0.34      0.40      0.00      0.49      0.34      0.40      0.00
10:50:00 AM      0.27      0.31      0.39      0.00      0.27      0.31      0.39      0.00
10:50:05 AM      0.18      0.29      0.39      0.00      0.18      0.29      0.39      0.00
10:50:10 AM      0.10      0.26      0.38      0.00      0.10      0.26      0.38      0.00
10:50:15 AM      0.61      0.34      0.39      2.88      0.61      0.34      0.39      2.88
10:50:20 AM      0.69      0.40      0.41      0.01      0.69      0.40      0.41      0.01
10:50:25 AM      0.46      0.37      0.40      0.00      0.46      0.37      0.40      0.00
10:50:30 AM      0.25      0.34      0.39      0.00      0.25      0.34      0.39      0.00
10:50:35 AM      0.17      0.31      0.39      0.00      0.17      0.31      0.39      0.00
10:50:40 AM      0.09      0.28      0.38      0.00      0.09      0.28      0.38      0.00
10:50:45 AM      0.60      0.36      0.39      3.48      0.60      0.36      0.39      3.48
10:50:50 AM      0.93      0.48      0.42      0.00      0.93      0.48      0.42      0.00
10:50:55 AM      0.62      0.45      0.41      0.00      0.62      0.45      0.41      0.00
10:51:00 AM      0.34      0.41      0.40      0.00      0.34      0.41      0.40      0.00
10:51:05 AM      0.23      0.38      0.40      0.00      0.23      0.38      0.40      0.00
10:51:10 AM      0.12      0.34      0.39      0.00      0.12      0.34      0.39      0.00
10:51:15 AM      0.08      0.32      0.38      0.39      0.08      0.32      0.38      0.39
10:51:20 AM      0.04      0.29      0.37      0.00      0.04      0.29      0.37      0.00
10:51:25 AM      0.03      0.27      0.37      0.00      0.03      0.27      0.37      0.00
10:51:30 AM      0.01      0.24      0.36      0.00      0.01      0.24      0.36      0.00
10:51:35 AM      0.01      0.23      0.35      0.00      0.01      0.23      0.35      0.00
10:51:40 AM      0.00      0.20      0.35      0.01      0.00      0.20      0.35      0.01
10:51:45 AM      0.18      0.22      0.35      3.81      0.18      0.22      0.35      3.81
10:51:50 AM      1.07      0.45      0.39      0.00      1.07      0.45      0.39      0.00
10:51:55 AM      0.71      0.42      0.39      0.00      0.71      0.42      0.39      0.00
10:52:00 AM      0.39      0.37      0.38      0.00      0.39      0.37      0.38      0.00
10:52:05 AM      0.26      0.35      0.37      0.00      0.26      0.35      0.37      0.00
10:52:10 AM      0.14      0.32      0.37      0.05      0.14      0.32      0.37      0.05
10:52:15 AM      0.09      0.29      0.36      0.32      0.09      0.29      0.36      0.32
10:52:20 AM      0.05      0.27      0.35      0.00      0.05      0.27      0.35      0.00
10:52:25 AM      0.03      0.25      0.35      0.00      0.03      0.25      0.35      0.00
10:52:30 AM      0.01      0.22      0.34      0.00      0.01      0.22      0.34      0.00
10:52:35 AM      0.01      0.21      0.33      0.00      0.01      0.21      0.33      0.00
10:52:40 AM      0.00      0.19      0.33      0.00      0.00      0.19      0.33      0.00
10:52:45 AM      0.00      0.17      0.32      1.93      0.00      0.17      0.32      1.93
10:52:50 AM      0.48      0.28      0.34      0.00      0.48      0.28      0.34      0.00
10:52:55 AM      0.32      0.26      0.34      0.00      0.32      0.26      0.34      0.00
10:53:00 AM      0.17      0.23      0.33      0.00      0.17      0.23      0.33      0.00
10:53:05 AM      0.11      0.22      0.32      0.00      0.11      0.22      0.32      0.00
10:53:10 AM      0.06      0.20      0.32      0.00      0.06      0.20      0.32      0.00
10:53:15 AM      0.04      0.18      0.31      4.88      0.04      0.18      0.31      4.87
10:53:20 AM      1.48      0.53      0.39      0.09      1.48      0.53      0.39      0.09
10:53:25 AM      0.99      0.50      0.38      0.00      0.99      0.50      0.38      0.00
10:53:30 AM      0.54      0.45      0.37      0.00      0.54      0.45      0.37      0.00
10:53:35 AM      0.36      0.42      0.37      0.00      0.36      0.42      0.37      0.00
10:53:40 AM      0.19      0.38      0.36      0.00      0.19      0.38      0.36      0.00
10:53:45 AM      0.13      0.35      0.35      2.69      0.13      0.35      0.35      2.69
10:53:50 AM      0.80      0.50      0.38      0.00      0.80      0.50      0.38      0.00
10:53:55 AM      0.53      0.47      0.38      0.00      0.53      0.47      0.38      0.00
10:54:00 AM      0.29      0.42      0.37      0.00      0.29      0.42      0.37      0.00
10:54:05 AM      0.19      0.40      0.36      0.00      0.19      0.40      0.36      0.00
10:54:10 AM      0.10      0.36      0.36      0.00      0.10      0.36      0.36      0.00
10:54:15 AM      0.07      0.33      0.35      4.02      0.07      0.33      0.35      4.02
10:54:20 AM      1.37      0.64      0.42      0.44      1.37      0.64      0.42      0.44
10:54:25 AM      0.92      0.60      0.41      0.00      0.92      0.60      0.41      0.00
10:54:30 AM      0.50      0.54      0.40      0.00      0.50      0.54      0.40      0.00
10:54:35 AM      0.33      0.50      0.40      0.00      0.33      0.50      0.40      0.00
10:54:40 AM      0.18      0.45      0.39      0.00      0.18      0.45      0.39      0.00
10:54:45 AM      0.12      0.42      0.38      5.11      0.12      0.42      0.38      5.11
10:54:50 AM      1.76      0.81      0.47      0.82      1.76      0.81      0.47      0.82
10:54:55 AM      1.18      0.76      0.46      0.00      1.18      0.76      0.46      0.00
10:55:00 AM      0.65      0.69      0.45      0.00      0.65      0.69      0.45      0.00
10:55:05 AM      0.43      0.64      0.44      0.00      0.43      0.64      0.44      0.00
10:55:10 AM      0.23      0.58      0.43      0.00      0.23      0.58      0.43      0.00
10:55:15 AM      0.15      0.54      0.43      0.12      0.15      0.54      0.43      0.12
10:55:20 AM      0.08      0.49      0.42      0.00      0.08      0.49      0.42      0.00
10:55:25 AM      0.05      0.46      0.41      0.00      0.05      0.46      0.41      0.00
10:55:30 AM      0.03      0.41      0.40      0.00      0.03      0.41      0.40      0.00
10:55:35 AM      0.02      0.38      0.40      0.00      0.02      0.38      0.40      0.00
10:55:40 AM      0.01      0.35      0.39      0.00      0.01      0.35      0.39      0.00
10:55:45 AM      0.00      0.32      0.38      1.99      0.00      0.32      0.38      1.99
10:55:50 AM      0.61      0.44      0.41      0.16      0.61      0.44      0.41      0.16
10:55:55 AM      0.40      0.41      0.40      0.00      0.40      0.41      0.40      0.00
10:56:00 AM      0.22      0.37      0.39      0.00      0.22      0.37      0.39      0.00
10:56:05 AM      0.14      0.35      0.39      0.00      0.14      0.35      0.39      0.00
10:56:10 AM      0.10      0.33      0.38      0.00      0.10      0.33      0.38      0.00
10:56:15 AM      0.05      0.29      0.37      2.08      0.05      0.29      0.37      2.08
10:56:20 AM      1.51      0.59      0.44      2.06      1.51      0.59      0.44      2.06
10:56:25 AM      0.83      0.53      0.43      0.00      0.83      0.53      0.43      0.00
10:56:30 AM      0.55      0.50      0.42      0.00      0.55      0.50      0.42      0.00
10:56:35 AM      0.30      0.45      0.41      0.00      0.30      0.45      0.41      0.00
10:56:40 AM      0.20      0.42      0.40      0.00      0.20      0.42      0.40      0.00
10:56:45 AM      0.11      0.38      0.40      0.11      0.11      0.38      0.40      0.11
10:56:50 AM      0.07      0.35      0.39      0.27      0.07      0.35      0.39      0.27
10:56:55 AM      0.04      0.32      0.38      0.00      0.04      0.32      0.38      0.00
10:57:00 AM      0.02      0.30      0.37      0.00      0.02      0.30      0.37      0.00
10:57:05 AM      0.01      0.27      0.37      0.00      0.01      0.27      0.37      0.00
10:57:10 AM      0.00      0.25      0.36      0.00      0.00      0.25      0.36      0.00
10:57:15 AM      0.00      0.23      0.35      0.13      0.00      0.23      0.35      0.13
10:57:20 AM      0.89      0.40      0.39      2.29      0.89      0.40      0.39      2.29
10:57:25 AM      0.48      0.36      0.38      0.00      0.48      0.36      0.38      0.00
10:57:30 AM      0.32      0.34      0.37      0.00      0.32      0.34      0.37      0.00
10:57:35 AM      0.17      0.30      0.36      0.00      0.17      0.30      0.36      0.00
10:57:40 AM      0.12      0.28      0.36      0.00      0.12      0.28      0.36      0.00
10:57:45 AM      0.06      0.26      0.35      0.14      0.06      0.26      0.35      0.14
10:57:50 AM      1.23      0.49      0.40      3.30      1.23      0.49      0.40      3.30
10:57:55 AM      0.67      0.44      0.39      0.00      0.67      0.44      0.39      0.00
10:58:00 AM      0.45      0.41      0.38      0.00      0.45      0.41      0.38      0.00
10:58:05 AM      0.24      0.37      0.38      0.00      0.24      0.37      0.38      0.00
10:58:10 AM      0.16      0.35      0.37      0.17      0.16      0.35      0.37      0.17
10:58:15 AM      0.09      0.31      0.36      0.00      0.09      0.31      0.36      0.00
10:58:20 AM      0.20      0.32      0.36      0.74      0.20      0.32      0.36      0.74
10:58:25 AM      0.11      0.29      0.35      0.00      0.11      0.29      0.35      0.00
10:58:30 AM      0.07      0.27      0.35      0.00      0.07      0.27      0.35      0.00
10:58:35 AM      0.04      0.25      0.34      0.00      0.04      0.25      0.34      0.00
10:58:40 AM      0.02      0.23      0.34      0.00      0.02      0.23      0.34      0.00
10:58:45 AM      0.01      0.21      0.33      0.00      0.01      0.21      0.33      0.00
10:58:50 AM      1.19      0.45      0.38      3.39      1.19      0.45      0.38      3.39
10:58:55 AM      0.65      0.40      0.37      0.00      0.65      0.40      0.37      0.00
10:59:00 AM      0.43      0.37      0.36      0.00      0.43      0.37      0.36      0.00
10:59:05 AM      0.24      0.34      0.36      0.00      0.24      0.34      0.36      0.00
10:59:10 AM      0.16      0.32      0.35      0.00      0.16      0.32      0.35      0.00
10:59:15 AM      0.08      0.28      0.34      0.00      0.08      0.28      0.34      0.00
10:59:20 AM      1.39      0.55      0.40      3.70      1.39      0.55      0.40      3.70
10:59:25 AM      0.76      0.50      0.39      0.00      0.76      0.50      0.39      0.00
10:59:30 AM      0.51      0.46      0.38      0.00      0.51      0.46      0.38      0.00
10:59:35 AM      0.28      0.42      0.38      0.00      0.28      0.42      0.38      0.00
10:59:40 AM      0.18      0.39      0.37      0.00      0.18      0.39      0.37      0.00
10:59:45 AM      0.10      0.35      0.36      0.00      0.10      0.35      0.36      0.00
10:59:50 AM      0.06      0.33      0.35      0.01      0.06      0.33      0.35      0.01
10:59:55 AM      0.03      0.30      0.35      0.00      0.03      0.30      0.35      0.00
11:00:00 AM      0.02      0.28      0.34      0.00      0.02      0.28      0.34      0.00
11:00:05 AM      0.01      0.25      0.33      0.00      0.01      0.25      0.33      0.00
11:00:10 AM      0.00      0.23      0.33      0.00      0.00      0.23      0.33      0.00
11:00:15 AM      0.00      0.21      0.32      0.00      0.00      0.21      0.32      0.00
11:00:20 AM      1.18      0.45      0.37      3.64      1.18      0.45      0.37      3.63
11:00:25 AM      0.65      0.41      0.36      0.00      0.65      0.41      0.36      0.00
11:00:30 AM      0.43      0.38      0.36      0.00      0.43      0.38      0.36      0.00
11:00:35 AM      0.23      0.34      0.35      0.00      0.23      0.34      0.35      0.00
11:00:40 AM      0.16      0.32      0.34      0.00      0.16      0.32      0.34      0.00
11:00:45 AM      0.08      0.29      0.34      0.00      0.08      0.29      0.34      0.00
11:00:50 AM      0.80      0.43      0.37      2.54      0.80      0.43      0.37      2.54
11:00:55 AM      0.43      0.39      0.36      0.00      0.43      0.39      0.36      0.00
11:01:00 AM      0.29      0.36      0.35      0.00      0.29      0.36      0.35      0.00
11:01:05 AM      0.16      0.32      0.34      0.00      0.16      0.32      0.34      0.00
11:01:10 AM      0.10      0.30      0.34      0.00      0.10      0.30      0.34      0.00
11:01:15 AM      0.05      0.27      0.33      0.00      0.05      0.27      0.33      0.00
11:01:20 AM      1.07      0.48      0.38      2.93      1.07      0.48      0.38      2.93
11:01:25 AM      0.59      0.43      0.37      0.00      0.59      0.43      0.37      0.00
11:01:30 AM      0.39      0.40      0.36      0.00      0.39      0.40      0.36      0.00
11:01:35 AM      0.21      0.36      0.35      0.00      0.21      0.36      0.35      0.00
11:01:40 AM      0.14      0.34      0.35      0.00      0.14      0.34      0.35      0.00
11:01:45 AM      0.07      0.30      0.34      0.00      0.07      0.30      0.34      0.00
11:01:50 AM      0.97      0.48      0.38      2.48      0.97      0.48      0.38      2.47
11:01:55 AM      0.53      0.43      0.37      0.00      0.53      0.43      0.37      0.00
11:02:00 AM      0.35      0.40      0.36      0.00      0.35      0.40      0.36      0.00
11:02:05 AM      0.19      0.36      0.35      0.00      0.19      0.36      0.35      0.00
11:02:10 AM      0.13      0.34      0.35      0.00      0.13      0.34      0.35      0.00
11:02:15 AM      0.07      0.30      0.34      0.00      0.07      0.30      0.34      0.00
11:02:20 AM      0.97      0.47      0.38      2.51      0.97      0.47      0.38      2.51
11:02:25 AM      0.53      0.43      0.37      0.00      0.53      0.43      0.37      0.00
11:02:30 AM      0.35      0.40      0.36      0.00      0.35      0.40      0.36      0.00
11:02:35 AM      0.19      0.36      0.35      0.00      0.19      0.36      0.35      0.00
11:02:40 AM      0.13      0.34      0.35      0.00      0.13      0.34      0.35      0.00
11:02:45 AM      0.07      0.30      0.34      0.00      0.07      0.30      0.34      0.00
11:02:50 AM      0.04      0.28      0.34      0.01      0.04      0.28      0.34      0.01
11:02:55 AM      0.02      0.25      0.33      0.00      0.02      0.25      0.33      0.00
11:03:00 AM      0.01      0.24      0.32      0.00      0.01      0.24      0.32      0.00
11:03:05 AM      0.00      0.21      0.32      0.00      0.00      0.21      0.32      0.00
11:03:10 AM      0.00      0.20      0.31      0.00      0.00      0.20      0.31      0.00
11:03:15 AM      0.00      0.18      0.30      0.00      0.00      0.18      0.30      0.00
11:03:20 AM      0.00      0.17      0.30      0.22      0.00      0.17      0.30      0.22
11:03:25 AM      0.00      0.15      0.29      0.00      0.00      0.15      0.29      0.00
11:03:30 AM      0.00      0.14      0.29      0.00      0.00      0.14      0.29      0.00
11:03:35 AM      0.00      0.12      0.28      0.00      0.00      0.12      0.28      0.00
11:03:40 AM      0.00      0.12      0.28      0.00      0.00      0.12      0.28      0.00
11:03:45 AM      0.00      0.10      0.27      0.00      0.00      0.10      0.27      0.00
11:03:50 AM      0.72      0.23      0.29      1.92      0.72      0.23      0.29      1.92
11:03:55 AM      0.39      0.20      0.29      0.00      0.39      0.20      0.29      0.00
11:04:00 AM      0.26      0.19      0.28      0.00      0.26      0.19      0.28      0.00
11:04:05 AM      0.14      0.17      0.28      0.00      0.14      0.17      0.28      0.00
11:04:10 AM      0.09      0.16      0.27      0.00      0.09      0.16      0.27      0.00
11:04:15 AM      0.05      0.14      0.27      0.00      0.05      0.14      0.27      0.00
11:04:20 AM      0.57      0.23      0.28      1.56      0.57      0.23      0.28      1.56
11:04:25 AM      0.31      0.21      0.28      0.00      0.31      0.21      0.28      0.00
11:04:30 AM      0.21      0.19      0.27      0.00      0.21      0.19      0.27      0.00
11:04:35 AM      0.11      0.18      0.27      0.00      0.11      0.18      0.27      0.00
11:04:40 AM      0.07      0.16      0.26      0.00      0.07      0.16      0.26      0.00
11:04:45 AM      0.04      0.15      0.26      0.00      0.04      0.15      0.26      0.00
11:04:50 AM      0.93      0.30      0.29      2.38      0.93      0.30      0.29      2.38
11:04:55 AM      0.51      0.27      0.28      0.00      0.51      0.27      0.28      0.00
11:05:00 AM      0.34      0.25      0.28      0.00      0.34      0.25      0.28      0.00
11:05:05 AM      0.18      0.23      0.27      0.00      0.18      0.23      0.27      0.00
11:05:10 AM      0.12      0.21      0.27      0.00      0.12      0.21      0.27      0.00
11:05:15 AM      0.06      0.19      0.26      0.00      0.06      0.19      0.26      0.00
11:05:20 AM      0.95      0.34      0.29      2.22      0.95      0.34      0.29      2.22
11:05:25 AM      0.52      0.31      0.28      0.00      0.52      0.31      0.28      0.00
11:05:30 AM      0.34      0.29      0.28      0.00      0.34      0.29      0.28      0.00
11:05:35 AM      0.19      0.26      0.27      0.00      0.19      0.26      0.27      0.00
11:05:40 AM      0.12      0.24      0.27      0.00      0.12      0.24      0.27      0.00
11:05:45 AM      0.06      0.22      0.26      0.00      0.06      0.22      0.26      0.00
11:05:50 AM      0.40      0.27      0.27      1.08      0.40      0.27      0.27      1.08
11:05:55 AM      0.22      0.24      0.27      0.00      0.22      0.24      0.27      0.00
11:06:00 AM      0.14      0.22      0.26      0.00      0.14      0.22      0.26      0.00
11:06:05 AM      0.08      0.20      0.26      0.00      0.08      0.20      0.26      0.00
11:06:10 AM      0.05      0.19      0.25      0.00      0.05      0.19      0.25      0.00
11:06:15 AM      0.02      0.17      0.25      0.00      0.02      0.17      0.25      0.00
11:06:20 AM      0.74      0.29      0.27      1.62      0.74      0.29      0.27      1.62
11:06:25 AM      0.40      0.26      0.27      0.00      0.40      0.26      0.27      0.00
11:06:30 AM      0.27      0.24      0.26      0.00      0.27      0.24      0.26      0.00
11:06:35 AM      0.14      0.22      0.26      0.00      0.14      0.22      0.26      0.00
Average:         0.21      0.20      0.17      0.22      0.21      0.20      0.17      0.22
