Linux 7.0.10-arch1-1 (archlinux) 	06/04/2026 	_x86_64_	(4 CPU)

10:06:35 AM kbmemfree   kbavail kbmemused  %memused kbbuffers  kbcached  kbcommit   %commit  kbactive   kbinact   kbdirty   kbshmem
10:06:40 AM   3979536   4012952   3892860     49.24      2556    247512   8792624     31.99   3636268     81976       552      5372
10:06:45 AM   3979880   4013296   3892516     49.24      2556    247516   8786544     31.97   3632676     81984       708      5372
10:06:50 AM   3979880   4013552   3892260     49.23      2556    247904   8786544     31.97   3632708     82232       312      5372
10:06:55 AM   3979628   4013548   3892264     49.23      2556    248012   8786544     31.97   3632716     82480       392      5372
10:07:00 AM   3979620   4013560   3892252     49.23      2556    248032   8786544     31.97   3632724     82500       416      5372
10:07:05 AM   3979624   4013560   3892252     49.23      2556    248028   8786544     31.97   3632724     82496       412      5372
10:07:10 AM   3982696   4016680   3889132     49.19      2556    248080   8786544     31.97   3632732     82544       332      5372
10:07:15 AM   3982696   4016680   3889132     49.19      2556    248140   8786544     31.97   3632732     82544       308      5372
10:07:20 AM   3982524   4016572   3889240     49.19      2556    248312   8786544     31.97   3632732     82608       136      5372
10:07:25 AM   3982444   4016616   3889196     49.19      2556    248368   8786544     31.97   3632732     82732        24      5372
10:07:30 AM   3982444   4016764   3889048     49.19      2556    248444   8786544     31.97   3632760     82880       148      5372
10:07:35 AM   3982444   4016764   3889048     49.19      2556    248444   8786544     31.97   3632760     82880       148      5372
10:07:40 AM   3982192   4016592   3889220     49.19      2556    248492   8786544     31.97   3632764     82960       184      5372
10:07:45 AM   3982192   4016592   3889220     49.19      2556    248492   8786544     31.97   3632764     82960       200      5372
10:07:50 AM   3982192   4016592   3889220     49.19      2556    248496   8786544     31.97   3632764     82960       204      5372
10:07:55 AM   3982192   4016592   3889220     49.19      2556    248496   8786544     31.97   3632764     82960       204      5372
10:08:00 AM   3982192   4016768   3889044     49.19      2556    248716   8786544     31.97   3632776     83136        68      5372
10:08:05 AM   3982192   4016768   3889044     49.19      2556    248716   8786544     31.97   3632776     83136        68      5372
10:08:10 AM   3982192   4016832   3888980     49.19      2556    248768   8786544     31.97   3632828     83200       164      5372
10:08:15 AM   3982192   4016912   3888900     49.19      2556    248816   8786544     31.97   3632828     83280       200      5372
10:08:20 AM   3982192   4016912   3888900     49.19      2556    248812   8786544     31.97   3632832     83280       208      5372
10:08:25 AM   3982192   4016912   3888900     49.19      2556    248816   8786544     31.97   3632832     83280       212      5372
10:08:30 AM   3982192   4017160   3888652     49.19      2556    249104   8786544     31.97   3632836     83528       120      5372
10:08:35 AM   3982192   4017200   3888612     49.19      2556    249136   8786544     31.97   3632836     83568       152      5372
10:08:40 AM   3982192   4017248   3888564     49.19      2556    249148   8786544     31.97   3632836     83616       116      5372
10:08:45 AM   3982192   4017248   3888564     49.19      2556    249148   8786544     31.97   3632836     83616       116      5372
10:08:50 AM   3982192   4017296   3888516     49.19      2556    249196   8786544     31.97   3632836     83664       176      5372
10:08:55 AM   3982192   4017296   3888516     49.19      2556    249196   8786544     31.97   3632836     83664       196      5372
10:09:00 AM   3982192   4017296   3888516     49.19      2556    249196   8786544     31.97   3632840     83664        52      5372
10:09:05 AM   3981940   4017420   3888392     49.18      2556    249644   8786544     31.97   3632840     84032       136      5372
10:09:10 AM   3981940   4017504   3888308     49.18      2556    249648   8786544     31.97   3632840     84116       140      5372
10:09:15 AM   3981940   4017504   3888308     49.18      2556    249648   8786544     31.97   3632840     84116       140      5372
10:09:20 AM   3981940   4017504   3888308     49.18      2556    249648   8786544     31.97   3632840     84116       104      5372
10:09:25 AM   3981688   4017300   3888512     49.19      2556    249728   8786544     31.97   3632840     84164       192      5372
10:09:30 AM   3981688   4017332   3888480     49.19      2556    249728   8786544     31.97   3632840     84196       212      5372
10:09:35 AM   3981436   4017324   3888488     49.19      2556    250128   8786544     31.97   3632840     84440       132      5372
10:09:40 AM   3981436   4017488   3888324     49.18      2556    250136   8786544     31.97   3632840     84604       140      5372
10:09:45 AM   3981436   4017484   3888328     49.18      2556    250136   8786544     31.97   3632840     84600       144      5372
10:09:50 AM   3981436   4017484   3888328     49.18      2556    250132   8786544     31.97   3632840     84600       140      5372
10:09:55 AM   3981436   4017484   3888328     49.18      2556    250132   8786544     31.97   3632840     84600       136      5372
10:10:00 AM   3981436   4017536   3888276     49.18      2556    250216   8786544     31.97   3632844     84652       196      5372
10:10:05 AM   3980932   4017432   3888380     49.18      2556    250648   8786544     31.97   3632844     85052       104      5372
10:10:10 AM   3980932   4017464   3888348     49.18      2556    250680   8786544     31.97   3632848     85084       144      5372
10:10:15 AM   3980932   4017536   3888276     49.18      2556    250688   8786544     31.97   3632856     85156       152      5372
10:10:20 AM   3980692   4017324   3888488     49.19      2556    250784   8786544     31.97   3632856     85184       148      5372
10:10:25 AM   3980440   4017132   3888680     49.19      2556    250784   8785608     31.97   3632588     85248       112      5372
10:10:30 AM   3980440   4017132   3888680     49.19      2556    250780   8785608     31.97   3632588     85248       144      5372
10:10:35 AM   3980440   4017184   3888628     49.19      2556    250860   8785608     31.97   3632672     85296       196      5372
10:10:40 AM   3979444   4016564   3889248     49.19      2556    251372   8785608     31.97   3632672     85664       136      5372
10:10:45 AM   3979444   4016740   3889072     49.19      2556    251372   8785608     31.97   3632672     85840       140      5372
10:10:50 AM   3979444   4016740   3889072     49.19      2556    251372   8785608     31.97   3632672     85840       140      5372
10:10:55 AM   3979444   4016740   3889072     49.19      2556    251372   8785608     31.97   3632680     85840       140      5372
10:11:00 AM   3979444   4016740   3889072     49.19      2556    251372   8785608     31.97   3632680     85840       136      5372
10:11:05 AM   3979444   4016740   3889072     49.19      2556    251372   8785608     31.97   3632680     85840       136      5372
10:11:10 AM   3979444   4016996   3888816     49.19      2556    251708   8785608     31.97   3632680     86096       196      5372
10:11:15 AM   3979444   4017076   3888736     49.19      2556    251708   8785608     31.97   3632680     86176       220      5372
10:11:20 AM   3979444   4017076   3888736     49.19      2556    251708   8785608     31.97   3632680     86176       220      5372
10:11:25 AM   3979444   4017076   3888736     49.19      2556    251708   8785608     31.97   3632680     86176       220      5372
10:11:30 AM   3979444   4017076   3888736     49.19      2556    251708   8785608     31.97   3632680     86176       216      5372
10:11:35 AM   3979444   4017076   3888736     49.19      2556    251708   8785608     31.97   3632680     86176       216      5372
10:11:40 AM   3979444   4017200   3888612     49.19      2556    251952   8785608     31.97   3632680     86300       108      5372
10:11:45 AM   3979444   4017432   3888380     49.18      2556    252068   8785608     31.97   3632680     86532       200      5372
10:11:50 AM   3979444   4017432   3888380     49.18      2556    252068   8785608     31.97   3632680     86532       220      5372
10:11:55 AM   3979444   4017432   3888380     49.18      2556    252068   8785608     31.97   3632684     86532       220      5372
10:12:00 AM   3979444   4017432   3888380     49.18      2556    252068   8785608     31.97   3632684     86532       220      5372
10:12:05 AM   3979444   4017432   3888380     49.18      2556    252068   8785608     31.97   3632684     86532       224      5372
10:12:10 AM   3979192   4017304   3888508     49.19      2556    252420   8785608     31.97   3632684     86656       112      5372
10:12:15 AM   3978940   4017312   3888500     49.19      2556    252452   8785608     31.97   3632684     86916       144      5372
10:12:20 AM   3978940   4017360   3888452     49.18      2556    252532   8785608     31.97   3632684     86964       204      5372
10:12:25 AM   3978940   4017392   3888420     49.18      2556    252528   8785608     31.97   3632684     86996       220      5372
10:12:30 AM   3978940   4017392   3888420     49.18      2556    252528   8785608     31.97   3632684     86996       220      5372
10:12:35 AM   3978940   4017392   3888420     49.18      2556    252528   8785608     31.97   3632684     86996       220      5372
10:12:40 AM   3978940   4017520   3888292     49.18      2556    252728   8785608     31.97   3632684     87124        68      5372
10:12:45 AM   3978688   4017416   3888396     49.18      2556    252804   8785608     31.97   3632684     87272       144      5372
10:12:50 AM   3978688   4017416   3888396     49.18      2556    252804   8785608     31.97   3632684     87272       144      5372
10:12:55 AM   3978688   4017500   3888312     49.18      2556    252888   8785608     31.97   3632684     87356       204      5372
10:13:00 AM   3978688   4017496   3888316     49.18      2556    252884   8785608     31.97   3632684     87352       220      5372
10:13:05 AM   3978688   4017500   3888312     49.18      2556    252888   8785608     31.97   3632684     87356       184      5372
10:13:10 AM   3978688   4017500   3888312     49.18      2556    252888   8785608     31.97   3632684     87356       224      5372
10:13:15 AM   3978436   4017648   3888164     49.18      2556    253288   8785608     31.97   3632684     87756       112      5372
10:13:20 AM   3978436   4017680   3888132     49.18      2556    253320   8785608     31.97   3632684     87788       148      5372
10:13:25 AM   3978436   4017680   3888132     49.18      2556    253320   8785608     31.97   3632684     87788       148      5372
10:13:30 AM   3978436   4017680   3888132     49.18      2556    253400   8785608     31.97   3632684     87788       208      5372
10:13:35 AM   3978436   4017760   3888052     49.18      2556    253400   8785608     31.97   3632684     87868       228      5372
10:13:40 AM   3978436   4017760   3888052     49.18      2556    253400   8785608     31.97   3632684     87868       224      5372
10:13:45 AM   3978184   4017716   3888096     49.18      2556    253656   8785608     31.97   3632684     88076       112      5372
10:13:50 AM   3978184   4017764   3888048     49.18      2556    253688   8785608     31.97   3632684     88124       144      5372
10:13:55 AM   3978184   4017796   3888016     49.18      2556    253688   8785608     31.97   3632684     88156       144      5372
10:14:00 AM   3978184   4017800   3888012     49.18      2556    253696   8785608     31.97   3632684     88160       160      5372
10:14:05 AM   3977680   4017380   3888432     49.18      2556    253776   8785608     31.97   3632684     88244       212      5372
10:14:10 AM   3977680   4017380   3888432     49.18      2556    253780   8785608     31.97   3632684     88244       232      5372
10:14:15 AM   3977508   4017552   3888260     49.18      2556    254124   8785608     31.97   3632684     88588       232      5372
10:14:20 AM   3977428   4017628   3888184     49.18      2556    254276   8785608     31.97   3632692     88744       152      5372
10:14:25 AM   3977428   4017628   3888184     49.18      2556    254280   8785608     31.97   3632692     88744       156      5372
10:14:30 AM   3977428   4017628   3888184     49.18      2556    254280   8785608     31.97   3632692     88744       168      5372
10:14:35 AM   3977428   4017628   3888184     49.18      2556    254276   8785608     31.97   3632692     88744       164      5372
10:14:40 AM   3977428   4017628   3888184     49.18      2556    254360   8785608     31.97   3632692     88744       216      5372
10:14:45 AM   3977428   4017628   3888184     49.18      2556    254360   8785608     31.97   3632692     88744       236      5372
10:14:50 AM   3976924   4017492   3888320     49.18      2556    254696   8785608     31.97   3632692     89112       124      5372
10:14:55 AM   3976924   4017492   3888320     49.18      2556    254724   8785608     31.97   3632692     89112       152      5372
10:15:00 AM   3976924   4017572   3888240     49.18      2556    254724   8785608     31.97   3632696     89192       152      5372
10:15:05 AM   3976924   4017572   3888240     49.18      2556    254724   8785608     31.97   3632696     89192       152      5372
10:15:10 AM   3976924   4017572   3888240     49.18      2556    254724   8785608     31.97   3632696     89192       152      5372
10:15:15 AM   3976672   4017320   3888492     49.19      2556    254804   8785608     31.97   3632696     89192       160      5372
10:15:20 AM   3976196   4017204   3888608     49.19      2556    255204   8785608     31.97   3632696     89552        20      5372
10:15:25 AM   3975696   4016928   3888884     49.19      2556    255316   8785608     31.97   3632584     89784       152      5372
10:15:30 AM   3975696   4016936   3888876     49.19      2556    255316   8785608     31.97   3632688     89784       152      5372
10:15:35 AM   3975696   4016936   3888876     49.19      2556    255316   8785608     31.97   3632688     89784       152      5372
10:15:40 AM   3975696   4016936   3888876     49.19      2556    255316   8785608     31.97   3632688     89784       152      5372
10:15:45 AM   3975696   4016936   3888876     49.19      2556    255320   8785608     31.97   3632688     89784       156      5372
10:15:50 AM   3975204   4016784   3889028     49.19      2556    255816   8785608     31.97   3632688     90116        52      5372
10:15:55 AM   3974952   4016704   3889108     49.19      2556    255896   8785608     31.97   3632688     90288       152      5372
10:16:00 AM   3974728   4016556   3889256     49.19      2556    255896   8785608     31.97   3632688     90364       156      5372
10:16:05 AM   3974728   4016556   3889256     49.19      2556    255896   8785608     31.97   3632688     90364       156      5372
10:16:10 AM   3979848   4021676   3884136     49.13      2556    255896   8785608     31.97   3632688     90364       156      5372
10:16:15 AM   3979848   4021676   3884136     49.13      2556    255900   8785608     31.97   3632688     90364       160      5372
10:16:20 AM   3979848   4021676   3884136     49.13      2556    255944   8785608     31.97   3632696     90364        68      5372
10:16:25 AM   3979596   4021624   3884188     49.13      2556    256296   8785608     31.97   3632696     90564       104      5372
10:16:30 AM   3979596   4021824   3883988     49.13      2556    256332   8785608     31.97   3632696     90764       160      5372
10:16:35 AM   3979596   4021824   3883988     49.13      2556    256328   8785608     31.97   3632696     90764       156      5372
10:16:40 AM   3979596   4021856   3883956     49.13      2556    256328   8785608     31.97   3632696     90796       156      5372
10:16:45 AM   3979596   4021856   3883956     49.13      2556    256328   8785608     31.97   3632696     90796       156      5372
10:16:50 AM   3979596   4021856   3883956     49.13      2556    256328   8785608     31.97   3632696     90796       156      5372
10:16:55 AM   3979596   4021856   3883956     49.13      2556    256384   8785608     31.97   3632696     90796       132      5372
10:17:00 AM   3979104   4021740   3884072     49.13      2556    256736   8785608     31.97   3632696     91172       224      5372
10:17:05 AM   3979104   4021768   3884044     49.13      2556    256732   8785608     31.97   3632696     91200       236      5372
10:17:10 AM   3979104   4021768   3884044     49.13      2556    256732   8785608     31.97   3632696     91200       236      5372
10:17:15 AM   3979104   4021768   3884044     49.13      2556    256732   8785608     31.97   3632696     91200       236      5372
10:17:20 AM   3979104   4021768   3884044     49.13      2556    256732   8785608     31.97   3632696     91200       236      5372
10:17:25 AM   3979104   4021768   3884044     49.13      2556    256732   8785608     31.97   3632696     91200       236      5372
10:17:30 AM   3978348   4021260   3884552     49.14      2556    257132   8785608     31.97   3632696     91448        68      5372
10:17:35 AM   3978348   4021412   3884400     49.13      2556    257212   8785608     31.97   3632696     91600       128      5372
10:17:40 AM   3978348   4021412   3884400     49.13      2556    257220   8785608     31.97   3632696     91600       156      5372
10:17:45 AM   3978348   4021500   3884312     49.13      2556    257220   8785608     31.97   3632696     91688       156      5372
10:17:50 AM   3978348   4021500   3884312     49.13      2556    257220   8785608     31.97   3632696     91688       156      5372
10:17:55 AM   3978348   4021500   3884312     49.13      2556    257220   8785608     31.97   3632696     91688       156      5372
10:18:00 AM   3977592   4021000   3884812     49.14      2556    257572   8785608     31.97   3632696     91936        28      5372
10:18:05 AM   3977592   4021104   3884708     49.14      2556    257572   8785608     31.97   3632696     92040        28      5372
10:18:10 AM   3977592   4021104   3884708     49.14      2556    257652   8785608     31.97   3632696     92040        80      5372
10:18:15 AM   3977592   4021184   3884628     49.14      2556    257652   8785608     31.97   3632696     92120       100      5372
10:18:20 AM   3977592   4021184   3884628     49.14      2556    257652   8785608     31.97   3632696     92120       100      5372
10:18:25 AM   3977592   4021184   3884628     49.14      2556    257652   8785608     31.97   3632696     92120       100      5372
10:18:30 AM   3977592   4021184   3884628     49.14      2556    257652   8785608     31.97   3632696     92120        20      5372
10:18:35 AM   3977592   4021184   3884628     49.14      2556    257652   8785608     31.97   3632696     92120        20      5372
10:18:40 AM   3977592   4021432   3884380     49.13      2556    257924   8785608     31.97   3632696     92368        20      5372
10:18:45 AM   3977340   4021288   3884524     49.14      2556    258008   8785608     31.97   3632696     92476        80      5372
10:18:50 AM   3977340   4021288   3884524     49.14      2556    258008   8785608     31.97   3632696     92476       100      5372
10:18:55 AM   3977340   4021288   3884524     49.14      2556    258008   8785608     31.97   3632696     92476       100      5372
10:19:00 AM   3977340   4021288   3884524     49.14      2556    258088   8785608     31.97   3632696     92476       232      5372
10:19:05 AM   3977340   4021368   3884444     49.13      2556    258088   8785608     31.97   3632696     92556       232      5372
10:19:10 AM   3977340   4021368   3884444     49.13      2556    258168   8785608     31.97   3632696     92556       152      5372
10:19:15 AM   3977088   4021444   3884368     49.13      2556    258488   8785608     31.97   3632696     92884        72      5372
10:19:20 AM   3977088   4021640   3884172     49.13      2556    258648   8785608     31.97   3632696     93080       216      5372
10:19:25 AM   3977088   4021676   3884136     49.13      2556    258648   8785608     31.97   3632696     93116       232      5372
10:19:30 AM   3977088   4021676   3884136     49.13      2556    258652   8785608     31.97   3632696     93116       184      5372
10:19:35 AM   3976836   4021428   3884384     49.13      2556    258652   8785608     31.97   3632696     93120       184      5372
10:19:40 AM   3976836   4021428   3884384     49.13      2556    258656   8785608     31.97   3632696     93120        28      5372
10:19:45 AM   3976836   4021432   3884380     49.13      2556    258656   8785608     31.97   3632696     93124        28      5372
10:19:50 AM   3976584   4021552   3884260     49.13      2556    259056   8785608     31.97   3632696     93496        28      5372
10:19:55 AM   3976584   4021660   3884152     49.13      2556    259136   8785608     31.97   3632696     93604        80      5372
10:20:00 AM   3976584   4021660   3884152     49.13      2556    259136   8785608     31.97   3632696     93604       100      5372
10:20:05 AM   3976584   4021660   3884152     49.13      2556    259136   8785608     31.97   3632696     93604       100      5372
10:20:10 AM   3985580   4030656   3875156     49.02      2556    259136   8785608     31.97   3630648     93604       100      5372
10:20:15 AM   3985580   4030656   3875156     49.02      2556    259136   8785608     31.97   3630648     93604       100      5372
10:20:20 AM   3985328   4030456   3875356     49.02      2556    259184   8786028     31.97   3630724     93624       132      5372
10:20:25 AM   3984824   4030508   3875304     49.02      2556    259712   8786028     31.97   3630732     94180        20      5372
10:20:30 AM   3984824   4030508   3875304     49.02      2556    259792   8786028     31.97   3630732     94180        80      5372
10:20:35 AM   3984824   4030588   3875224     49.02      2556    259792   8786028     31.97   3630732     94260       100      5372
10:20:40 AM   3984572   4030336   3875476     49.02      2556    259792   8786028     31.97   3630732     94260       100      5372
10:20:45 AM   3984572   4030332   3875480     49.02      2556    259792   8785608     31.97   3630552     94260       100      5372
10:20:50 AM   3984572   4030336   3875476     49.02      2556    259792   8785608     31.97   3630660     94260       100      5372
10:20:55 AM   3984572   4030336   3875476     49.02      2556    259792   8785608     31.97   3630660     94260        20      5372
10:21:00 AM   3984572   4030584   3875228     49.02      2556    260064   8785608     31.97   3630660     94508        20      5372
10:21:05 AM   3984572   4030608   3875204     49.02      2556    260144   8785608     31.97   3630660     94532        80      5372
10:21:10 AM   3984572   4030688   3875124     49.02      2556    260144   8785608     31.97   3630660     94612       100      5372
10:21:15 AM   3984572   4030688   3875124     49.02      2556    260144   8785608     31.97   3630660     94612       100      5372
10:21:20 AM   3984400   4030516   3875296     49.02      2556    260144   8785608     31.97   3630660     94612       100      5372
10:21:25 AM   3984320   4030436   3875376     49.02      2556    260152   8785608     31.97   3630660     94612       108      5372
10:21:30 AM   3984320   4030444   3875368     49.02      2556    260152   8785608     31.97   3630660     94620        28      5372
10:21:35 AM   3983816   4030188   3875624     49.02      2556    260472   8785608     31.97   3630660     94868        28      5372
10:21:40 AM   3983816   4030260   3875552     49.02      2556    260552   8785608     31.97   3630660     94940        80      5372
10:21:45 AM   3983816   4030260   3875552     49.02      2556    260552   8785608     31.97   3630660     94940       100      5372
10:21:50 AM   3983816   4030344   3875468     49.02      2556    260556   8785608     31.97   3630660     95024       104      5372
10:21:55 AM   3983816   4030344   3875468     49.02      2556    260556   8785608     31.97   3630660     95024       104      5372
10:22:00 AM   3983816   4030344   3875468     49.02      2556    260556   8785608     31.97   3630660     95024       104      5372
10:22:05 AM   3983816   4030344   3875468     49.02      2556    260560   8785608     31.97   3630660     95024        28      5372
10:22:10 AM   3983816   4030596   3875216     49.02      2556    260832   8785608     31.97   3630660     95276        28      5372
10:22:15 AM   3983564   4030344   3875468     49.02      2556    260912   8785608     31.97   3630660     95276        80      5372
10:22:20 AM   3983564   4030448   3875364     49.02      2556    260912   8785608     31.97   3630660     95380       100      5372
10:22:25 AM   3983564   4030448   3875364     49.02      2556    260912   8785608     31.97   3630660     95380       100      5372
10:22:30 AM   3983564   4030448   3875364     49.02      2556    260912   8785608     31.97   3630660     95380       100      5372
10:22:35 AM   3983564   4030448   3875364     49.02      2556    260912   8785608     31.97   3630660     95380       100      5372
10:22:40 AM   3983564   4030448   3875364     49.02      2556    260912   8785608     31.97   3630660     95380        20      5372
10:22:45 AM   3983312   4030444   3875368     49.02      2556    261232   8785608     31.97   3630660     95628        20      5372
10:22:50 AM   3983312   4030596   3875216     49.02      2556    261312   8785608     31.97   3630660     95780        84      5372
10:22:55 AM   3983312   4030596   3875216     49.02      2556    261312   8785608     31.97   3630660     95780       100      5372
10:23:00 AM   3983312   4030596   3875216     49.02      2556    261312   8785608     31.97   3630660     95780       100      5372
10:23:05 AM   3983312   4030596   3875216     49.02      2556    261312   8785608     31.97   3630660     95780       100      5372
10:23:10 AM   3983312   4030596   3875216     49.02      2556    261312   8785608     31.97   3630660     95780       100      5372
10:23:15 AM   3983312   4030596   3875216     49.02      2556    261312   8785608     31.97   3630660     95780        20      5372
10:23:20 AM   3983060   4030616   3875196     49.02      2556    261584   8785608     31.97   3630660     96052        20      5372
10:23:25 AM   3982556   4030112   3875700     49.02      2556    261664   8785608     31.97   3630660     96052        80      5372
10:23:30 AM   3982556   4030192   3875620     49.02      2556    261664   8785608     31.97   3630660     96132       100      5372
10:23:35 AM   3982556   4030192   3875620     49.02      2556    261664   8785608     31.97   3630660     96132       100      5372
10:23:40 AM   3982556   4030192   3875620     49.02      2556    261664   8785608     31.97   3630660     96132       100      5372
10:23:45 AM   3982556   4030192   3875620     49.02      2556    261664   8785608     31.97   3630660     96132       100      5372
10:23:50 AM   3982556   4030192   3875620     49.02      2556    261664   8785608     31.97   3630660     96132        20      5372
10:23:55 AM   3982556   4030440   3875372     49.02      2556    262000   8785608     31.97   3630660     96380        20      5372
10:24:00 AM   3982556   4030564   3875248     49.02      2556    262148   8785608     31.97   3630660     96504       184      5372
10:24:05 AM   3982556   4030704   3875108     49.02      2556    262176   8785608     31.97   3630660     96644       232      5372
10:24:10 AM   3982556   4030708   3875104     49.02      2556    262180   8785608     31.97   3630660     96648       236      5372
10:24:15 AM   3982556   4030704   3875108     49.02      2556    262176   8785608     31.97   3630660     96644       232      5372
10:24:20 AM   3982556   4030704   3875108     49.02      2556    262176   8785608     31.97   3630660     96644       232      5372
10:24:25 AM   3982556   4030704   3875108     49.02      2556    262176   8785608     31.97   3630660     96644        72      5372
10:24:30 AM   3982304   4030700   3875112     49.02      2556    262544   8785608     31.97   3630660     96892        20      5372
10:24:35 AM   3982304   4030820   3874992     49.01      2556    262624   8785608     31.97   3630660     97012        80      5372
10:24:40 AM   3982304   4030820   3874992     49.01      2556    262628   8785608     31.97   3632708     97012       104      5372
10:24:45 AM   3982304   4030904   3874908     49.01      2556    262628   8785608     31.97   3632704     97096       104      5372
10:24:50 AM   3982304   4030904   3874908     49.01      2556    262632   8785608     31.97   3632704     97096       108      5372
10:24:55 AM   3982304   4030908   3874904     49.01      2556    262632   8785608     31.97   3632704     97100       108      5372
10:25:00 AM   3982304   4030908   3874904     49.01      2556    262632   8785608     31.97   3632704     97100        32      5372
10:25:05 AM   3982052   4030912   3874900     49.01      2556    262960   8785608     31.97   3632704     97356        36      5372
10:25:10 AM   3982052   4031036   3874776     49.01      2556    263040   8785608     31.97   3632704     97480        80      5372
10:25:15 AM   3982052   4031064   3874748     49.01      2556    263040   8785608     31.97   3632704     97508       100      5372
10:25:20 AM   3982052   4031064   3874748     49.01      2556    263040   8785608     31.97   3632704     97508       100      5372
10:25:25 AM   3982052   4031064   3874748     49.01      2556    263040   8785608     31.97   3632704     97508       100      5372
10:25:30 AM   3982052   4031064   3874748     49.01      2556    263040   8785608     31.97   3632704     97508       100      5372
10:25:35 AM   3982052   4031064   3874748     49.01      2556    263040   8785608     31.97   3632704     97508        20      5372
10:25:40 AM   3981800   4031060   3874752     49.01      2556    263376   8785608     31.97   3632704     97756        20      5372
10:25:45 AM   3981296   4030720   3875092     49.02      2556    263456   8785608     31.97   3632600     97924        80      5372
10:25:50 AM   3981296   4030720   3875092     49.02      2556    263456   8785608     31.97   3632600     97924       100      5372
10:25:55 AM   3981296   4030724   3875088     49.02      2556    263456   8785608     31.97   3632700     97924       100      5372
10:26:00 AM   3981296   4030724   3875088     49.02      2556    263456   8785608     31.97   3632700     97924       100      5372
10:26:05 AM   3981296   4030724   3875088     49.02      2556    263456   8785608     31.97   3632700     97924       100      5372
10:26:10 AM   3981296   4030724   3875088     49.02      2556    263456   8785608     31.97   3628604     97924        20      5372
10:26:15 AM   3981296   4030852   3874960     49.01      2556    263700   8785608     31.97   3628604     98052        24      5372
10:26:20 AM   3981296   4030852   3874960     49.01      2556    263700   8785608     31.97   3628604     98052        80      5372
10:26:25 AM   3981296   4030968   3874844     49.01      2556    263700   8785608     31.97   3628604     98168       100      5372
10:26:30 AM   3981296   4030968   3874844     49.01      2556    263700   8785608     31.97   3628604     98168       100      5372
10:26:35 AM   3981296   4030968   3874844     49.01      2556    263700   8785608     31.97   3628604     98168       100      5372
10:26:40 AM   3981296   4030968   3874844     49.01      2556    263700   8785608     31.97   3628604     98168       100      5372
10:26:45 AM   3981296   4030968   3874844     49.01      2556    263700   8785608     31.97   3628604     98168        20      5372
10:26:50 AM   3981044   4030840   3874972     49.01      2556    263844   8785608     31.97   3628604     98292        20      5372
10:26:55 AM   3981044   4030876   3874936     49.01      2556    263860   8785608     31.97   3628604     98328        80      5372
10:27:00 AM   3981044   4030876   3874936     49.01      2556    263860   8785608     31.97   3628604     98328       100      5372
10:27:05 AM   3981044   4030876   3874936     49.01      2556    263860   8785608     31.97   3628604     98328       100      5372
10:27:10 AM   3981044   4030876   3874936     49.01      2556    263860   8785608     31.97   3628604     98328       100      5372
10:27:15 AM   3981044   4030876   3874936     49.01      2556    263864   8785608     31.97   3628604     98328       104      5372
10:27:20 AM   3981044   4030880   3874932     49.01      2556    263864   8785608     31.97   3628604     98332        24      5372
10:27:25 AM   3980792   4030916   3874896     49.01      2556    264152   8785608     31.97   3628604     98620        24      5372
10:27:30 AM   3980792   4030916   3874896     49.01      2556    264232   8785608     31.97   3628604     98620        80      5372
10:27:35 AM   3980792   4030996   3874816     49.01      2556    264232   8785608     31.97   3628604     98700       100      5372
10:27:40 AM   3980792   4030996   3874816     49.01      2556    264232   8785608     31.97   3628604     98700       100      5372
10:27:45 AM   3980792   4030996   3874816     49.01      2556    264232   8785608     31.97   3628604     98700       100      5372
10:27:50 AM   3980792   4030996   3874816     49.01      2556    264232   8785608     31.97   3628604     98700       100      5372
10:27:55 AM   3980792   4030996   3874816     49.01      2556    264236   8785608     31.97   3628604     98700        24      5372
10:28:00 AM   3980540   4030996   3874816     49.01      2556    264508   8785608     31.97   3628604     98952        24      5372
10:28:05 AM   3980540   4030996   3874816     49.01      2556    264588   8785608     31.97   3628604     98952        80      5372
10:28:10 AM   3980540   4031100   3874712     49.01      2556    264588   8785608     31.97   3628604     99056       100      5372
10:28:15 AM   3980540   4031100   3874712     49.01      2556    264588   8785608     31.97   3628604     99056       100      5372
10:28:20 AM   3980540   4031100   3874712     49.01      2556    264588   8785608     31.97   3628604     99056       100      5372
10:28:25 AM   3980540   4031100   3874712     49.01      2556    264588   8785608     31.97   3628604     99056       100      5372
10:28:30 AM   3980540   4031100   3874712     49.01      2556    264588   8785608     31.97   3628604     99056        20      5372
10:28:35 AM   3980288   4031096   3874716     49.01      2556    264956   8785608     31.97   3628604     99304        20      5372
10:28:40 AM   3980288   4031216   3874596     49.01      2556    265036   8785608     31.97   3628604     99424        80      5372
10:28:45 AM   3980288   4031216   3874596     49.01      2556    265036   8785608     31.97   3628604     99424       100      5372
10:28:50 AM   3980288   4031304   3874508     49.01      2556    265044   8785608     31.97   3628604     99512       108      5372
10:28:55 AM   3980288   4031304   3874508     49.01      2556    265044   8785608     31.97   3628604     99512       108      5372
10:29:00 AM   3980288   4031368   3874444     49.01      2556    265188   8785608     31.97   3628604     99576       204      5372
10:29:05 AM   3980036   4031180   3874632     49.01      2556    265268   8785608     31.97   3628604     99640       124      5372
10:29:10 AM   3979784   4031344   3874468     49.01      2556    265668   8785608     31.97   3628604    100056       156      5372
10:29:15 AM   3979784   4031392   3874420     49.01      2556    265748   8785608     31.97   3628604    100104       208      5372
10:29:20 AM   3979784   4031504   3874308     49.01      2556    265748   8785608     31.97   3628604    100216       228      5372
10:29:25 AM   3979784   4031504   3874308     49.01      2556    265748   8785608     31.97   3628604    100216       228      5372
10:29:30 AM   3979784   4031504   3874308     49.01      2556    265748   8785608     31.97   3628604    100216       180      5372
10:29:35 AM   3979784   4031504   3874308     49.01      2556    265748   8785608     31.97   3628604    100216       180      5372
10:29:40 AM   3979532   4031624   3874188     49.00      2556    266180   8785608     31.97   3628604    100588        20      5372
10:29:45 AM   3979532   4031624   3874188     49.00      2556    266180   8785608     31.97   3628604    100588        20      5372
10:29:50 AM   3979532   4031768   3874044     49.00      2556    266264   8785608     31.97   3628604    100732        80      5372
10:29:55 AM   3979532   4031768   3874044     49.00      2556    266264   8785608     31.97   3628604    100732       100      5372
10:30:00 AM   3979532   4031768   3874044     49.00      2556    266264   8785608     31.97   3628604    100732       100      5372
10:30:05 AM   3979532   4031768   3874044     49.00      2556    266264   8785608     31.97   3628604    100732       100      5372
10:30:10 AM   3979532   4031768   3874044     49.00      2556    266264   8785608     31.97   3628604    100732       100      5372
10:30:15 AM   3979532   4031768   3874044     49.00      2556    266264   8785608     31.97   3628604    100732        20      5372
10:30:20 AM   3979280   4031804   3874008     49.00      2556    266552   8785608     31.97   3628604    101020        20      5372
10:30:25 AM   3979028   4031552   3874260     49.01      2556    266632   8785608     31.97   3628604    101020        80      5372
10:30:30 AM   3979028   4031632   3874180     49.00      2556    266632   8785608     31.97   3628608    101100       100      5372
10:30:35 AM   3979028   4031632   3874180     49.00      2556    266632   8785608     31.97   3628608    101100       100      5372
10:30:40 AM   3979028   4031632   3874180     49.00      2556    266632   8785608     31.97   3628608    101100       100      5372
10:30:45 AM   3978344   4030944   3874868     49.01      2556    266632   8785608     31.97   3628504    101100       100      5372
10:30:50 AM   3978344   4030948   3874864     49.01      2556    266632   8785608     31.97   3628608    101100        20      5372
10:30:55 AM   3978344   4031196   3874616     49.01      2556    266952   8785608     31.97   3628608    101348        20      5372
10:31:00 AM   3978344   4031352   3874460     49.01      2556    267036   8785608     31.97   3628608    101504        80      5372
10:31:05 AM   3978344   4031352   3874460     49.01      2556    267036   8785608     31.97   3628608    101504       100      5372
10:31:10 AM   3978344   4031352   3874460     49.01      2556    267036   8785608     31.97   3628608    101504       100      5372
10:31:15 AM   3978344   4031352   3874460     49.01      2556    267036   8785608     31.97   3628608    101504       100      5372
10:31:20 AM   3978344   4031352   3874460     49.01      2556    267036   8785608     31.97   3628608    101504       100      5372
10:31:25 AM   3978344   4031352   3874460     49.01      2556    267036   8785608     31.97   3628608    101504        20      5372
10:31:30 AM   3978092   4031348   3874464     49.01      2556    267308   8785608     31.97   3628608    101752        20      5372
10:31:35 AM   3978092   4031372   3874440     49.01      2556    267388   8785608     31.97   3628608    101776        80      5372
10:31:40 AM   3978092   4031372   3874440     49.01      2556    267388   8785608     31.97   3628608    101776       100      5372
10:31:45 AM   3978092   4031452   3874360     49.01      2556    267388   8785608     31.97   3628608    101856       100      5372
10:31:50 AM   3978092   4031452   3874360     49.01      2556    267388   8785608     31.97   3628608    101856       100      5372
10:31:55 AM   3978092   4031452   3874360     49.01      2556    267388   8785608     31.97   3628608    101856       100      5372
10:32:00 AM   3978092   4031452   3874360     49.01      2556    267388   8785608     31.97   3628608    101856        20      5372
10:32:05 AM   3977840   4031448   3874364     49.01      2556    267708   8785608     31.97   3628608    102104        20      5372
10:32:10 AM   3977588   4031268   3874544     49.01      2556    267788   8785608     31.97   3628608    102176        80      5372
10:32:15 AM   3977588   4031348   3874464     49.01      2556    267788   8785608     31.97   3628608    102256       100      5372
10:32:20 AM   3977588   4031348   3874464     49.01      2556    267788   8785608     31.97   3628608    102256       100      5372
10:32:25 AM   3977588   4031352   3874460     49.01      2556    267792   8785608     31.97   3628608    102260       104      5372
10:32:30 AM   3977588   4031352   3874460     49.01      2556    267800   8785608     31.97   3628608    102260       112      5372
10:32:35 AM   3977588   4031360   3874452     49.01      2556    267800   8785608     31.97   3628608    102268        32      5372
10:32:40 AM   3977336   4031356   3874456     49.01      2556    268072   8785608     31.97   3628608    102516        32      5372
10:32:45 AM   3976832   4030960   3874852     49.01      2556    268156   8785608     31.97   3628608    102624        80      5372
10:32:50 AM   3976832   4030960   3874852     49.01      2556    268156   8785608     31.97   3628608    102624       100      5372
10:32:55 AM   3976832   4030960   3874852     49.01      2556    268156   8785608     31.97   3628608    102624       100      5372
10:33:00 AM   3976832   4030960   3874852     49.01      2556    268156   8785608     31.97   3628608    102624       100      5372
10:33:05 AM   3976832   4030960   3874852     49.01      2556    268156   8785608     31.97   3628608    102624       100      5372
10:33:10 AM   3976832   4030960   3874852     49.01      2556    268156   8785608     31.97   3628608    102624        20      5372
10:33:15 AM   3976832   4031208   3874604     49.01      2556    268476   8785608     31.97   3628608    102872        20      5372
10:33:20 AM   3976832   4031208   3874604     49.01      2556    268556   8785608     31.97   3628608    102872        80      5372
10:33:25 AM   3976832   4031360   3874452     49.01      2556    268556   8785608     31.97   3628608    103024       100      5372
10:33:30 AM   3976832   4031360   3874452     49.01      2556    268556   8785608     31.97   3628608    103024       100      5372
10:33:35 AM   3976832   4031360   3874452     49.01      2556    268556   8785608     31.97   3628608    103024       100      5372
10:33:40 AM   3976832   4031360   3874452     49.01      2556    268556   8785608     31.97   3628608    103024       100      5372
10:33:45 AM   3976832   4031360   3874452     49.01      2556    268556   8785608     31.97   3628608    103024        20      5372
10:33:50 AM   3976580   4031356   3874456     49.01      2556    268828   8785608     31.97   3628608    103272        20      5372
10:33:55 AM   3976580   4031460   3874352     49.01      2556    268908   8785608     31.97   3628608    103376        80      5372
10:34:00 AM   3976328   4031256   3874556     49.01      2556    268992   8785608     31.97   3628608    103424       236      5372
10:34:05 AM   3976328   4031356   3874456     49.01      2556    269056   8785608     31.97   3628608    103524       184      5372
10:34:10 AM   3976328   4031356   3874456     49.01      2556    269088   8785608     31.97   3628608    103524       232      5372
10:34:15 AM   3976328   4031388   3874424     49.01      2556    269088   8785608     31.97   3628608    103556       232      5372
10:34:20 AM   3976328   4031388   3874424     49.01      2556    269088   8785608     31.97   3628608    103556        72      5372
10:34:25 AM   3976076   4031536   3874276     49.01      2556    269488   8785608     31.97   3628608    103956        72      5372
10:34:30 AM   3976076   4031536   3874276     49.01      2556    269568   8785608     31.97   3628608    103956        80      5372
10:34:35 AM   3976076   4031616   3874196     49.00      2556    269568   8785608     31.97   3628608    104036       100      5372
10:34:40 AM   3976076   4031616   3874196     49.00      2556    269568   8785608     31.97   3628608    104036       100      5372
10:34:45 AM   3976076   4031616   3874196     49.00      2556    269568   8785608     31.97   3628608    104036       100      5372
10:34:50 AM   3976076   4031616   3874196     49.00      2556    269568   8785608     31.97   3628608    104036       100      5372
10:34:55 AM   3976076   4031616   3874196     49.00      2556    269568   8785608     31.97   3628608    104036        20      5372
10:35:00 AM   3975320   4031108   3874704     49.01      2556    269892   8785608     31.97   3628608    104284        24      5372
10:35:05 AM   3975320   4031112   3874700     49.01      2556    269956   8785608     31.97   3628608    104288        80      5372
10:35:10 AM   3975320   4031248   3874564     49.01      2556    269956   8785608     31.97   3628608    104424       100      5372
10:35:15 AM   3975320   4031248   3874564     49.01      2556    269956   8785608     31.97   3628608    104424       100      5372
10:35:20 AM   3975320   4031248   3874564     49.01      2556    269956   8785608     31.97   3628608    104424       100      5372
10:35:25 AM   3975320   4031248   3874564     49.01      2556    269956   8785608     31.97   3628608    104424       100      5372
10:35:30 AM   3975320   4031248   3874564     49.01      2556    269956   8785608     31.97   3628608    104424        20      5372
10:35:35 AM   3975320   4031496   3874316     49.01      2556    270276   8785608     31.97   3628608    104672        20      5372
10:35:40 AM   3975320   4031568   3874244     49.01      2556    270356   8785608     31.97   3628608    104744        80      5372
10:35:45 AM   3975664   4031912   3873900     49.00      2556    270356   8785608     31.97   3628264    104744       100      5372
10:35:50 AM   3975664   4031992   3873820     49.00      2556    270356   8785608     31.97   3628608    104824       100      5372
10:35:55 AM   3975664   4031992   3873820     49.00      2556    270356   8785608     31.97   3628608    104824       100      5372
10:36:00 AM   3975664   4031992   3873820     49.00      2556    270356   8785608     31.97   3628608    104824       100      5372
10:36:05 AM   3975664   4031992   3873820     49.00      2556    270356   8785608     31.97   3628608    104824        20      5372
10:36:10 AM   3975664   4032240   3873572     49.00      2556    270628   8785608     31.97   3628608    105072        20      5372
10:36:15 AM   3975664   4032240   3873572     49.00      2556    270716   8785608     31.97   3628608    105072        80      5372
10:36:20 AM   3975664   4032352   3873460     49.00      2556    270716   8785608     31.97   3628608    105184       100      5372
10:36:25 AM   3975664   4032352   3873460     49.00      2556    270716   8785608     31.97   3628608    105184       100      5372
10:36:30 AM   3975664   4032352   3873460     49.00      2556    270716   8785608     31.97   3628608    105184       100      5372
10:36:35 AM   3975492   4032180   3873632     49.00      2556    270716   8785608     31.97   3628608    105184       100      5372
10:36:40 AM   3975412   4032100   3873712     49.00      2556    270716   8785608     31.97   3628608    105184        20      5372
10:36:45 AM   3975160   4032220   3873592     49.00      2556    271116   8785608     31.97   3628608    105556        20      5372
10:36:50 AM   3975160   4032328   3873484     49.00      2556    271196   8785608     31.97   3628608    105664        80      5372
10:36:55 AM   3975160   4032328   3873484     49.00      2556    271196   8785608     31.97   3628608    105664       100      5372
10:37:00 AM   3975160   4032328   3873484     49.00      2556    271196   8785608     31.97   3628608    105664       100      5372
10:37:05 AM   3975160   4032328   3873484     49.00      2556    271200   8785608     31.97   3628608    105664       104      5372
10:37:10 AM   3975160   4032332   3873480     49.00      2556    271200   8785608     31.97   3628608    105668       104      5372
10:37:15 AM   2293940   2351112   5554700     70.26      2556    271200   8785608     31.97   5306028    105668        24      5372
10:37:20 AM   2293184   2350628   5555184     70.27      2556    271472   8785608     31.97   5306040    105940        24      5372
10:37:25 AM   2293184   2350628   5555184     70.27      2556    271552   8785608     31.97   5306040    105940        80      5372
10:37:30 AM   2293184   2350708   5555104     70.27      2556    271552   8785608     31.97   5306040    106020       100      5372
10:37:35 AM   2293184   2350708   5555104     70.27      2556    271556   8785608     31.97   5306040    106020       104      5372
10:37:40 AM   2293184   2350712   5555100     70.27      2556    271556   8785608     31.97   5306040    106024       104      5372
10:37:45 AM    609856    667384   7238428     91.56      2556    271556   8785608     31.97   6981948    106024       104      5372
10:37:50 AM    609856    667384   7238428     91.56      2556    271556   8785608     31.97   6982028    106024        24      5372
10:37:55 AM    609856    667632   7238180     91.56      2556    271876   8785608     31.97   6982028    106272        24      5372
10:38:00 AM    609616    667552   7238260     91.56      2556    271956   8785608     31.97   6982028    106424        80      5372
10:38:05 AM    609616    667552   7238260     91.56      2556    271956   8785608     31.97   6982028    106424       100      5372
10:38:10 AM    609616    667552   7238260     91.56      2556    271956   8785608     31.97   6982028    106424       100      5372
10:38:15 AM    185604    112584   7793228     98.58        20    114380   8785608     31.97   5502644   2010548       100      5356
10:38:20 AM    185604    112632   7793180     98.58        20    114544   8785608     31.97   5502840   2010548       100      5356
10:38:25 AM    185604    112728   7793084     98.57        20    114544   8785608     31.97   5503036   2010548        20      5356
10:38:30 AM    185604    112880   7792932     98.57        32    114832   8785608     31.97   5503036   2010848        20      5356
10:38:35 AM    185604    112880   7792932     98.57        32    114912   8785608     31.97   5503036   2010848        80      5356
10:38:40 AM    185380    112656   7793156     98.58        32    114912   8785608     31.97   5503036   2010848       100      5356
10:38:45 AM    185380    112820   7792992     98.57        32    115264   8785608     31.97   5503288   2010928       100      5356
10:38:50 AM    184356    111996   7793816     98.58        32    115704   8785608     31.97   5503660   2010964       100      5356
10:38:55 AM    183600    111496   7794316     98.59        32    116096   8785608     31.97   5504172   2010964       100      5356
10:39:00 AM    175788    105048   7800764     98.67        32    118896   8785608     31.97   5506816   2011044       120      5356
10:39:05 AM    175536    105028   7800784     98.67        32    119344   8785608     31.97   5506860   2011480       120      5356
10:39:10 AM    174792    104396   7801416     98.68        32    119556   8785608     31.97   5506860   2011704       180      5356
10:39:15 AM    121476     50344   7855468     99.36        32    118016   8785608     31.97   6255220   1332892       196      5356
10:39:20 AM    120972     49840   7855972     99.37        32    118020   8785608     31.97   6255220   1332892       252      5356
10:39:25 AM    120972     49840   7855972     99.37        32    118020   8785608     31.97   6255288   1332896       252      5356
10:39:30 AM    120972     49840   7855972     99.37        32    118020   8785608     31.97   6255288   1332896        24      5356
10:39:35 AM    120972     49840   7855972     99.37        32    118020   8785608     31.97   6255288   1332896        24      5356
10:39:40 AM    120972     50028   7855784     99.37        32    118468   8785608     31.97   6255288   1333268        24      5356
10:39:45 AM    202132    100724   7805088     98.73        20     56748   8785608     31.97   2658816   4846084        80      4344
10:39:50 AM    199668     99408   7806404     98.74        20     59024   8785608     31.97   2661012   4846184       100      4344
10:39:55 AM    190236     90008   7815804     98.86        20     59032   8785608     31.97   2662308   4845876       108      4344
10:40:00 AM    190236     90008   7815804     98.86        20     59032   8785608     31.97   2662308   4845876       108      4344
10:40:05 AM    188996     88772   7817040     98.88        20     59036   8785608     31.97   2663120   4845704       112      4344
10:40:10 AM    177656     79680   7826132     98.99        32     63516   8785608     31.97   2669732   4846072        36      4344
10:40:15 AM    195004     95576   7810236     98.79        32     60616   8785608     31.97   3618324   3898904        80      4344
10:40:20 AM    177700     85556   7820256     98.92        32     75264   8785608     31.97   3633004   3898960       100      4344
10:40:25 AM    171296     79192   7826620     99.00        32     75264   8785608     31.97   3633872   3898764       100      4344
10:40:30 AM    172720     80616   7825196     98.98        32     75264   8785608     31.97   3633872   3898764       100      4344
10:40:35 AM    168120     76016   7829796     99.04        32     75264   8785608     31.97   3634428   3898620       100      4344
10:40:40 AM    168120     76016   7829796     99.04        32     75264   8785608     31.97   3634428   3898620       100      4344
10:40:45 AM    161524     69544   7836268     99.12        32     75616   8785608     31.97   3635636   3898600        20      4344
10:40:50 AM    157756     70236   7835576     99.11        32     84516   8785608     31.97   3647084   3896000        80      4344
10:40:55 AM    152024     64548   7841264     99.18        32     84516   8785608     31.97   3648204   3895800       100      4344
10:41:00 AM    152024     64548   7841264     99.18        32     84516   8785608     31.97   3648204   3895800       100      4344
10:41:05 AM    150432     62956   7842856     99.20        32     84516   8785608     31.97   3648988   3895596       100      4344
10:41:10 AM    151932     64456   7841356     99.18        32     84516   8785608     31.97   3648988   3895596       100      4344
10:41:15 AM    149516     49868   7855944     99.37        20     60268   8785608     31.97   4649616   2916216        20      4344
10:41:20 AM    148936     49472   7856340     99.37        32     60720   8785608     31.97   4649684   2916520        20      4344
10:41:25 AM    148432     49092   7856720     99.38        32     60800   8785608     31.97   4649708   2916740        80      4344
10:41:30 AM    148432     49092   7856720     99.38        32     60800   8785608     31.97   4649708   2916740       100      4344
10:41:35 AM    148432     49092   7856720     99.38        32     60800   8785608     31.97   4649708   2916740       100      4344
10:41:40 AM    148432     49092   7856720     99.38        32     60800   8785608     31.97   4649708   2916740       100      4344
10:41:45 AM    161780     58908   7846904     99.25        32     53736   8785608     31.97   5380388   2163836       100      4344
10:41:50 AM    153984     53900   7851912     99.32        32     59432   8785608     31.97   5385904   2163724        20      4344
10:41:55 AM    153164     53268   7852544     99.33        32     59688   8785608     31.97   5386296   2163896        20      4344
10:42:00 AM    153952     54056   7851756     99.32        32     59768   8785608     31.97   5386296   2163896        80      4344
10:42:05 AM    154308     54452   7851360     99.31        32     59768   8785608     31.97   5386948   2163808       100      4344
10:42:10 AM    154308     55528   7850284     99.30        32     61920   8785608     31.97   5389160   2163808       100      4344
10:42:15 AM    179992     71188   7834624     99.10        20     42040   8785608     31.97   1325956   6201576       100      4232
10:42:20 AM    169884     65232   7840580     99.17        20     50332   8785608     31.97   1334296   6201488       100      4232
10:42:25 AM    165588     60936   7844876     99.23        20     50332   8785608     31.97   1346648   6190652        20      4232
10:42:30 AM    165136     60688   7845124     99.23        32     50680   8785608     31.97   1346748   6190828        20      4232
10:42:35 AM    165136     60696   7845116     99.23        32     50760   8785608     31.97   1346748   6190840        80      4232
10:42:40 AM    164988     60636   7845176     99.23        32     50760   8785608     31.97   1354940   6183784       100      4232
10:42:45 AM    145492     39708   7866104     99.50        20     48004   8785608     31.97   3627140   3924212       104      4232
10:42:50 AM    145016     39344   7866468     99.50        20     48196   8785608     31.97   3627428   3924216       104      4232
10:42:55 AM    145016     39344   7866468     99.50        20     48196   8785608     31.97   3627428   3924216       104      4232
10:43:00 AM    145016     39376   7866436     99.50        20     48196   8785608     31.97   3627496   3924216        24      4232
10:43:05 AM    144260     38744   7867068     99.51        32     48468   8785608     31.97   3627496   3924464        24      4232
10:43:10 AM    144260     38764   7867048     99.51        32     48552   8785608     31.97   3627496   3924504        80      4232
10:43:15 AM    205544     99952   7805860     98.74        32     48360   8785608     31.97   4326656   3170428       100      4232
10:43:20 AM    197180     91628   7814184     98.84        32     48360   8785608     31.97   4327984   3169924       100      4232
10:43:25 AM    197208     91656   7814156     98.84        32     48360   8785608     31.97   4327984   3169924       100      4232
10:43:30 AM    196640     91088   7814724     98.85        32     48360   8785608     31.97   4329864   3169000       100      4232
10:43:35 AM    196640     91088   7814724     98.85        32     48360   8785608     31.97   4329864   3169000        20      4232
10:43:40 AM    194440     89076   7816736     98.87        32     48736   8785608     31.97   4331304   3168748        28      4232
10:43:45 AM    142372     33496   7872316     99.58        32     42364   8785608     31.97   4108040   3452048        80      4228
10:43:50 AM    124096     23068   7882744     99.71        32     58024   8785608     31.97   4144600   3432984       100      4228
10:43:55 AM    121072     21272   7884540     99.73        32     60392   8785608     31.97   4147072   3432984       100      4228
10:44:00 AM    120316     23968   7881844     99.70        32     67320   8785608     31.97   4167216   3419352       160      4232
10:44:05 AM    120316     23988   7881824     99.70        32     67336   8785608     31.97   4167264   3419352       244      4232
10:44:10 AM    145552     49152   7856660     99.38        32     67216   8785608     31.97   4223824   3344416       200      4232
10:44:15 AM    147168     50716   7855096     99.36        32     67188   8785608     31.97   4696476   2868584        20      4232
10:44:20 AM    146188     49832   7855980     99.37        32     67300   8785608     31.97   4696492   2868780       148      4232
10:44:25 AM    146040     49684   7856128     99.37        32     67300   8785608     31.97   4696492   2868780       148      4232
10:44:30 AM    139368     44392   7861420     99.44        32     70092   8785608     31.97   4699220   2868812        68      4232
10:44:35 AM    139368     44420   7861392     99.44        32     70172   8785608     31.97   4699276   2868812        80      4232
10:44:40 AM    139368     44464   7861348     99.44        32     70172   8785608     31.97   4699288   2868892       100      4232
10:44:45 AM    139368     44464   7861348     99.44        32     70172   8785608     31.97   4699288   2868892       100      4232
10:44:50 AM    139368     44600   7861212     99.44        32     70444   8785608     31.97   4699288   2869164        20      4232
10:44:55 AM    139368     44600   7861212     99.44        32     70444   8785608     31.97   4699288   2869164        20      4232
10:45:00 AM    139368     44600   7861212     99.44        32     70444   8785608     31.97   4699288   2869164        20      4232
10:45:05 AM    139368     44600   7861212     99.44        32     70444   8785608     31.97   4699288   2869164        20      4232
10:45:10 AM    139368     44640   7861172     99.44        32     70524   8785608     31.97   4699288   2869244        80      4232
10:45:15 AM    147420     44952   7860860     99.43        32     56392   8785608     31.97   2565420   4996812       100      4232
10:45:20 AM    131616     31548   7874264     99.60        32     61316   8785608     31.97   2572364   4995656       104      4232
10:45:25 AM    131392     31324   7874488     99.60        32     61316   8785608     31.97   2572364   4995656       104      4232
10:45:30 AM    126796     26728   7879084     99.66        32     61316   8785608     31.97   2575004   4993936       104      4232
10:45:35 AM    126696     26688   7879124     99.66        32     61316   8785608     31.97   2575252   4993876       104      4232
10:45:40 AM    130516     30632   7875180     99.61        32     61588   8785608     31.97   2576764   4993436        24      4232
10:45:45 AM    127380     27524   7878288     99.65        32     61616   8785608     31.97   3012172   4559488        80      4232
10:45:50 AM    124316     30576   7875236     99.61        32     73856   8785608     31.97   2442708   5140948        80      4232
10:45:55 AM    124316     30580   7875232     99.61        32     73860   8785608     31.97   2442820   5140948       104      4232
10:46:00 AM    124316     30580   7875232     99.61        32     73860   8785608     31.97   2442820   5140948       104      4232
10:46:05 AM    121572     27836   7877976     99.65        32     73860   8785608     31.97   2452392   5131380       104      4232
10:46:10 AM    121572     27836   7877976     99.65        32     73864   8785608     31.97   2452444   5131380       108      4232
10:46:15 AM    176412     80684   7825128     98.98        32     70068   8785608     31.97   5037608   2496428        28      4232
10:46:20 AM    175008     79280   7826532     99.00        32     70068   8785608     31.97   5037612   2496428        28      4232
10:46:25 AM    175008     79336   7826476     99.00        32     70148   8785608     31.97   5037716   2496544        80      4232
10:46:30 AM    175008     79336   7826476     99.00        32     70148   8785608     31.97   5037716   2496544       100      4232
10:46:35 AM    175008     79376   7826436     99.00        32     70148   8785608     31.97   5037708   2496632       100      4232
10:46:40 AM    174784     79152   7826660     99.00        32     70148   8785608     31.97   5037708   2496632       100      4232
10:46:45 AM    194576     87396   7818416     98.89        32     47092   8785608     31.97   5349972   2164404       100      4232
10:46:50 AM    189816     83752   7822060     98.94        32     49496   8785608     31.97   5352204   2164404       100      4232
10:46:55 AM    185280     79676   7826136     98.99        32     50264   8785608     31.97   5352564   2165036        20      4232
10:47:00 AM    185280     79680   7826132     98.99        32     50344   8785608     31.97   5352564   2165044        80      4232
10:47:05 AM    185280     79728   7826084     98.99        32     50344   8785608     31.97   5352564   2165140       100      4232
10:47:10 AM    185280     79728   7826084     98.99        32     50344   8785608     31.97   5352564   2165140       100      4232
10:47:15 AM    162876     57324   7848488     99.27        32     50344   8785608     31.97   5478100   2063500       100      4232
10:47:20 AM    162652     57100   7848712     99.28        32     50344   8785608     31.97   5478100   2063500       100      4232
10:47:25 AM    154460     48912   7856900     99.38        32     50352   8785608     31.97   5483712   2058500       108      4232
10:47:30 AM    154208     48784   7857028     99.38        32     50688   8785608     31.97   5483712   2058748        28      4232
10:47:35 AM    150112     44772   7861040     99.43        32     50768   8785608     31.97   5487408   2055624        80      4232
10:47:40 AM    150112     44772   7861040     99.43        32     50768   8785608     31.97   5487408   2055624       100      4232
10:47:45 AM    175244     67284   7838528     99.15        32     45616   8785608     31.97   3658432   3857900        80      4232
10:47:50 AM    174768     66832   7838980     99.15        32     45668   8785608     31.97   3658508   3857904       100      4232
10:47:55 AM    174768     66876   7838936     99.15        32     45668   8785608     31.97   3658644   3858000       100      4232
10:48:00 AM    174528     66636   7839176     99.16        32     45672   8785608     31.97   3658644   3858000       104      4232
10:48:05 AM    162620     56644   7849168     99.28        32     49504   8785608     31.97   3663564   3857076        24      4232
10:48:10 AM    146744     45780   7860032     99.42        32     59576   8785608     31.97   3673648   3857076        24      4232
10:48:15 AM    117972     13184   7892628     99.83        20     49844   8785608     31.97   5057980   2515500        24      2184
10:48:20 AM    117748     13000   7892812     99.84        20     49976   8785608     31.97   5057992   2515584        80      2184
10:48:25 AM    117748     13036   7892776     99.84        20     49996   8785608     31.97   5058124   2515584       100      2184
10:48:30 AM    117748     13036   7892776     99.84        20     49996   8785608     31.97   5058124   2515584       100      2184
10:48:35 AM    117748     13036   7892776     99.84        20     49996   8785608     31.97   5058124   2515584       100      2184
10:48:40 AM    117496     12908   7892904     99.84        32     50268   8785608     31.97   5058124   2515832        20      2184
10:48:45 AM    184680     76296   7829516     99.03        32     42640   8785608     31.97   4071692   3435784        20      2184
10:48:50 AM    175860     71224   7834588     99.10        32     50136   8785608     31.97   4079792   3435820        20      2184
10:48:55 AM    175636     72196   7833616     99.09        32     52524   8785608     31.97   4082200   3435900        80      2184
10:49:00 AM    175384     72344   7833468     99.08        32     53328   8785608     31.97   4083088   3435996       232      2184
10:49:05 AM    175384     72344   7833468     99.08        32     53328   8785608     31.97   4083156   3435996       232      2184
10:49:10 AM    175384     72344   7833468     99.08        32     53332   8785608     31.97   4083156   3435996       236      2184
10:49:15 AM    135236     27084   7878728     99.66        32     43100   8785608     31.97   3842340   3709244       236      2184
10:49:20 AM    131516     25288   7880524     99.68        32     46996   8785608     31.97   3846176   3709112       232      2184
10:49:25 AM    126116     20072   7885740     99.75        32     47444   8785608     31.97   3852816   3703980        72      2184
10:49:30 AM    123964     19324   7886488     99.76        32     50148   8785608     31.97   3855436   3704120        80      2184
10:49:35 AM    122108     17480   7888332     99.78        32     50148   8785608     31.97   3859636   3700508       100      2184
10:49:40 AM    122212     17584   7888228     99.78        32     50148   8785608     31.97   3859580   3700400       100      2184
10:49:45 AM    132720     22116   7883696     99.72        20     36296   8785608     31.97   4756740   2794480       100       132
10:49:50 AM    131708     21104   7884708     99.73        20     36296   8785608     31.97   4757376   2794380       100       132
10:49:55 AM    131708     21104   7884708     99.73        20     36296   8785608     31.97   4757376   2794380        20       132
10:50:00 AM    131432     21076   7884736     99.73        32     36788   8785608     31.97   4757752   2794812        20       132
10:50:05 AM    131432     21108   7884704     99.73        32     36868   8785608     31.97   4757756   2794876        80       132
10:50:10 AM    123468     14004   7891808     99.82        32     38572   8785608     31.97   4768348   2789892       100       132
10:50:15 AM    129168      9740   7896072     99.88        32     18684   8785608     31.97   1917888   5634980       100       132
10:50:20 AM    128888     21920   7883892     99.72        32     43572   8785608     31.97   1966448   5598300       100       132
10:50:25 AM    128888     21920   7883892     99.72        32     43572   8785608     31.97   1966448   5598300       100       132
10:50:30 AM    128888     22424   7883388     99.72        32     44684   8785608     31.97   1967452   5598316        20       132
10:50:35 AM    128384     22108   7883704     99.72        32     45040   8785608     31.97   1967572   5598568        24       132
10:50:40 AM    128384     22200   7883612     99.72        32     45120   8785608     31.97   1967572   5598752        80       132
10:50:45 AM    130764     22352   7883460     99.72        32     40668   8785608     31.97   3128988   4437900       100       132
10:50:50 AM    111476     11108   7894704     99.86        32     56768   8785608     31.97   3147792   4438288       100       132
10:50:55 AM    111476     11108   7894704     99.86        32     56768   8785608     31.97   3147792   4438288       100       132
10:51:00 AM    111476     11116   7894696     99.86        32     56768   8785608     31.97   3147932   4438288       100       132
10:51:05 AM    111476     11116   7894696     99.86        32     56776   8785608     31.97   3147936   4438288        28       132
10:51:10 AM    111476     11244   7894568     99.86        32     57064   8785608     31.97   3147936   4438544        28       132
10:51:15 AM    121844     13052   7892760     99.83        32     39984   8785608     31.97   4971088   2611580        80       132
10:51:20 AM    124492     15640   7890172     99.80        32     39788   8785608     31.97   5039568   2544020       100       132
10:51:25 AM    124240     15388   7890424     99.81        32     39788   8785608     31.97   5039568   2544020       100       132
10:51:30 AM    119620     10660   7895152     99.87        32     39572   8785608     31.97   5112056   2472612       100       132
10:51:35 AM    119620     10660   7895152     99.87        32     39572   8785608     31.97   5112056   2472612       100       132
10:51:40 AM    122476     13412   7892400     99.83        32     39360   8785608     31.97   5367204   2217368        20       132
10:51:45 AM    142104     30576   7875236     99.61        32     35260   8785608     31.97   1454184   6111112        20       132
10:51:50 AM    125456     19504   7886308     99.75        32     46356   8785608     31.97   1465536   6111192        80       132
10:51:55 AM    117168     13256   7892556     99.83        32     50436   8785608     31.97   1469628   6111192       100       132
10:52:00 AM    117168     13256   7892556     99.83        32     50436   8785608     31.97   1469628   6111192       100       132
10:52:05 AM    117168     13256   7892556     99.83        32     50436   8785608     31.97   1469632   6111192       100       132
10:52:10 AM    143252     37524   7868288     99.53        32     46804   8785608     31.97   1596876   5962892       100       132
10:52:15 AM    195632     84096   7821716     98.94        32     35284   8785608     31.97   1653780   5850056        20       132
10:52:20 AM    195496     84212   7821600     98.93        32     35688   8785608     31.97   1654156   5850460        24       132
10:52:25 AM    195496     84212   7821600     98.93        32     35768   8785608     31.97   1654156   5850460        80       132
10:52:30 AM    195496     84212   7821600     98.93        32     35772   8785608     31.97   1654156   5850460       104       132
10:52:35 AM    195496     84252   7821560     98.93        32     35772   8785608     31.97   1654160   5850548       104       132
10:52:40 AM    195496     84252   7821560     98.93        32     35772   8785608     31.97   1654160   5850548       104       132
10:52:45 AM    150268     38336   7867476     99.52        32     34392   8785608     31.97   6808116    749488       104       132
10:52:50 AM    150336     38404   7867408     99.51        32     34452   8785608     31.97   6808252    749488        24       132
10:52:55 AM    149580     37800   7868012     99.52        32     34772   8785608     31.97   6808280    749768        24       132
10:53:00 AM    149328     37548   7868264     99.53        32     34852   8785608     31.97   6808280    749768        80       132
10:53:05 AM    149328     37624   7868188     99.52        32     34852   8785608     31.97   6808280    749920       100       132
10:53:10 AM    149328     37624   7868188     99.52        32     34856   8785608     31.97   6808280    749920       104       132
10:53:15 AM    132636      6092   7899720     99.92        20      5284   8785608     31.97   1363564   6203460       104       132
10:53:20 AM    145816     30928   7874884     99.61        20     28916   8785608     31.97   1607284   5941980       104       128
10:53:25 AM    151044     36548   7869264     99.54        20     29628   8785608     31.97   1620436   5931156        24       128
10:53:30 AM    150064     35752   7870060     99.55        32     30028   8785608     31.97   1620436   5931528        24       128
10:53:35 AM    148440     34200   7871612     99.57        32     30108   8785608     31.97   1624056   5928740        80       128
10:53:40 AM    144184     31980   7873832     99.60        32     34180   8785608     31.97   1628228   5928740       100       128
10:53:45 AM    199564     87668   7818144     98.89        32     34720   8785608     31.97   1915560   5579652       100       128
10:53:50 AM    191792     84632   7821180     98.93        32     44192   8785608     31.97   1926328   5579692       100       128
10:53:55 AM    191568     84440   7821372     98.93        32     44252   8785608     31.97   1926868   5579692       100       128
10:54:00 AM    179976     77316   7828496     99.02        32     53304   8785608     31.97   1935808   5580076       120       128
10:54:05 AM    166208     63824   7841988     99.19        32     53816   8785608     31.97   1942848   5574620       152       128
10:54:10 AM    166208     63900   7841912     99.19        32     53900   8785608     31.97   1946028   5574772       216       128
10:54:15 AM    124060     21584   7884228     99.73        32     53728   8785608     31.97   3752188   3825768       232       128
10:54:20 AM    203640    101432   7804380     98.72        32     54112   8785608     31.97   3878460   3626048       196       128
10:54:25 AM    195196     92996   7812816     98.82        32     54112   8785608     31.97   3879764   3625428       196       128
10:54:30 AM    193432     93156   7812656     98.82        32     57956   8785608     31.97   3883808   3625428        20       128
10:54:35 AM    188580     88488   7817324     98.88        32     58340   8785608     31.97   3885192   3625012        20       128
10:54:40 AM    188580     88488   7817324     98.88        32     58340   8785608     31.97   3885192   3625012        20       128
10:54:45 AM    106744      5584   7900228     99.93        20     56164   8785608     31.97   5265828   2312128        80       128
10:54:50 AM    166836     49384   7856428     99.38        20     23716   8785608     31.97   3360196   4166136         0       128
10:54:55 AM    166836     49420   7856392     99.37        20     23724   8785608     31.97   3360292   4166208        20       128
10:55:00 AM    166836     49420   7856392     99.37        20     23748   8785608     31.97   3360292   4166208        20       128
10:55:05 AM    166836     49432   7856380     99.37        20     23748   8785608     31.97   3360332   4166208        20       128
10:55:10 AM    166584     49180   7856632     99.38        20     23780   8785608     31.97   3360332   4166208        20       128
10:55:15 AM    166176     49288   7856524     99.38        32     24784   8785608     31.97   3464948   4064108        20       128
10:55:20 AM    143360     37264   7868548     99.53        32     46440   8785608     31.97   3487576   4064200        24       128
10:55:25 AM    138396     32384   7873428     99.59        32     46520   8785608     31.97   3494776   4057896        80       128
10:55:30 AM    138396     32384   7873428     99.59        32     46520   8785608     31.97   3494788   4057896       100       128
10:55:35 AM    133012     27000   7878812     99.66        32     46520   8785608     31.97   3499740   4053524       100       128
10:55:40 AM    133012     27000   7878812     99.66        32     46520   8785608     31.97   3499740   4053524       100       128
10:55:45 AM    141136     27820   7877992     99.65        32     31912   8785608     31.97   3503552   4041908        24       128
10:55:50 AM    170480     65348   7840464     99.17        32     48368   8785608     31.97   3554320   3966264        24       128
10:55:55 AM    170480     65480   7840332     99.17        32     48624   8785608     31.97   3554640   3966448        24       128
10:56:00 AM    170480     65520   7840292     99.17        32     48704   8785608     31.97   3554640   3966528        80       128
10:56:05 AM    170480     65560   7840252     99.17        32     48704   8785608     31.97   3554644   3966612       100       128
10:56:10 AM    161808     59092   7846720     99.25        32     53108   8785608     31.97   3562016   3966612       100       128
10:56:15 AM    141804     33044   7872768     99.58        20     41320   8785608     31.97   2436408   5123004       100       128
10:56:20 AM    182564     73384   7832428     99.07        20     40284   8785608     31.97   2642736   4882696       100       128
10:56:25 AM    182060     72912   7832900     99.08        20     40284   8785608     31.97   2642800   4882712        20       128
10:56:30 AM    181052     72104   7833708     99.09        32     40732   8785608     31.97   2642844   4883084        20       128
10:56:35 AM    180800     71936   7833876     99.09        32     40812   8785608     31.97   2642848   4883252        80       128
10:56:40 AM    180800     71936   7833876     99.09        32     40812   8785608     31.97   2642848   4883252       100       128
10:56:45 AM    116584      3684   7902128     99.95        20     32816   8785608     31.97   4243472   3345644       100       128
10:56:50 AM    169632     56752   7849060     99.28        20     32796   8785608     31.97   4309056   3229812       100       128
10:56:55 AM    169632     56752   7849060     99.28        20     32796   8785608     31.97   4309056   3229812       100       128
10:57:00 AM    169632     56752   7849060     99.28        20     32796   8785608     31.97   4309156   3229812        20       128
10:57:05 AM    169380     56624   7849188     99.28        32     33116   8785608     31.97   4309156   3230060        20       128
10:57:10 AM    168652     55940   7849872     99.29        32     33196   8785608     31.97   4309156   3230144        80       128
10:57:15 AM    133048     19976   7885836     99.75        32     32508   8785608     31.97   4384576   3187032       100       128
10:57:20 AM    197988     80656   7825156     98.98        20     24032   8785608     31.97   4194556   3305788       100       128
10:57:25 AM    197988     80656   7825156     98.98        20     24032   8785608     31.97   4194556   3305788       100       128
10:57:30 AM    199328     82068   7823744     98.96        20     24032   8785608     31.97   4200936   3300668       100       128
10:57:35 AM    199076     81816   7823996     98.97        20     24032   8785608     31.97   4200936   3300668        20       128
10:57:40 AM    199932     82796   7823016     98.95        32     24384   8785608     31.97   4208084   3294764        20       128
10:57:45 AM    164764     47628   7858184     99.40        32     24464   8785608     31.97   4241624   3294764        80       128
10:57:50 AM    115748    115748   7790064     98.54        32     23712   8785608     31.97   4888136   2689488       100       128
10:57:55 AM    115748    115748   7790064     98.54        32     23712   8785608     31.97   4888136   2689488       100       128
10:58:00 AM    124608      7016   7898796     99.91        32     23360   8785608     31.97   4898164   2679536       100       128
10:58:05 AM    124608      7016   7898796     99.91        32     23360   8785608     31.97   4898164   2679536       100       128
10:58:10 AM    158664     45528   7860284     99.42        20     32412   8785608     31.97   2991964   4552444        20       128
10:58:15 AM    158108     45064   7860748     99.43        32     32716   8785608     31.97   2992076   4552580        20       128
10:58:20 AM    143668     23488   7882324     99.70        20     18200   8785608     31.97   2929700   4628924        88       128
10:58:25 AM    142408     22912   7882900     99.71        20     19612   8785608     31.97   2931060   4628928       104       128
10:58:30 AM    142184     22716   7883096     99.71        20     19620   8785608     31.97   2931108   4628936       112       128
10:58:35 AM    142184     22716   7883096     99.71        20     19620   8785608     31.97   2931112   4628936       112       128
10:58:40 AM    142184     22716   7883096     99.71        20     19620   8785608     31.97   2931112   4628936       112       128
10:58:45 AM    142184     22716   7883096     99.71        20     19620   8785608     31.97   2931116   4628936        32       128
10:58:50 AM    134112     25768   7880044     99.67        32     41860   8785608     31.97   3706120   3855824        32       128
10:58:55 AM    132136     24988   7880824     99.68        32     44308   8785608     31.97   3708580   3855908        80       128
10:59:00 AM    127096     24944   7880868     99.68        32     54316   8785608     31.97   3718768   3856240       236       128
10:59:05 AM    127096     24980   7880832     99.68        32     54316   8785608     31.97   3718904   3856240       236       128
10:59:10 AM    127096     24984   7880828     99.68        32     54320   8785608     31.97   3718928   3856244       240       128
10:59:15 AM    127096     24980   7880832     99.68        32     54316   8785608     31.97   3718928   3856240       236       128
10:59:20 AM    198268     95320   7810492     98.79        32     52768   8785608     31.97    765084   6734628        72       128
10:59:25 AM    197792     95112   7810700     98.80        32     53376   8785608     31.97    765304   6734976        72       128
10:59:30 AM    195724     93112   7812700     98.82        32     53456   8785608     31.97    778484   6722828        80       128
10:59:35 AM    195596     93052   7812760     98.82        32     53456   8785608     31.97    778416   6722932       100       128
10:59:40 AM    194612     92068   7813744     98.84        32     53456   8785608     31.97    784776   6716972       100       128
10:59:45 AM    194388     91844   7813968     98.84        32     53456   8785608     31.97    784776   6716972       100       128
10:59:50 AM    190608     88120   7817692     98.89        32     53568   8785608     31.97    788524   6716972       100       128
10:59:55 AM    190608     88120   7817692     98.89        32     53568   8785608     31.97    788668   6716972        20       128
11:00:00 AM    190104     87792   7818020     98.89        32     53920   8785608     31.97    788668   6717324        20       128
11:00:05 AM    189612     87340   7818472     98.90        32     54000   8785608     31.97    788672   6717404        80       128
11:00:10 AM    188352     86080   7819732     98.91        32     54000   8785608     31.97    792012   6717404       100       128
11:00:15 AM    188352     86080   7819732     98.91        32     54000   8785608     31.97    792040   6717404       100       128
11:00:20 AM    184728     81876   7823936     98.96        20     52908   8785608     31.97   1545372   5961288        80       128
11:00:25 AM    184476     81732   7824080     98.97        20     53116   8785608     31.97   1545640   5961328       100       128
11:00:30 AM    184476     81732   7824080     98.97        20     53120   8785608     31.97   1545640   5961328       100       128
11:00:35 AM    184224     81564   7824248     98.97        28     53312   8785608     31.97   1545684   5961452        20       128
11:00:40 AM    184224     81564   7824248     98.97        28     53312   8785608     31.97   1545684   5961452        20       128
11:00:45 AM    184224     81600   7824212     98.97        28     53312   8785608     31.97   1545684   5961528        20       128
11:00:50 AM    197764    100200   7805612     98.73        16     63512   8785608     31.97   6230536   1270228        20       128
11:00:55 AM    197764    100256   7805556     98.73        16     63628   8785608     31.97   6230768   1270268        80       128
11:01:00 AM    197764    100256   7805556     98.73        16     63628   8785608     31.97   6230772   1270268       100       128
11:01:05 AM    197764    100296   7805516     98.73        16     63628   8785608     31.97   6230776   1270348       100       128
11:01:10 AM    197764    100296   7805516     98.73        16     63628   8785608     31.97   6230784   1270348       100       128
11:01:15 AM    197764    100296   7805516     98.73        16     63628   8785608     31.97   6230784   1270348       100       128
11:01:20 AM    170356     72708   7833104     99.08        16     63272   8785608     31.97   6781452    748956       100       128
11:01:25 AM    170104     72584   7833228     99.08        28     63736   8785608     31.97   6781460    749208        24       128
11:01:30 AM    169852     72372   7833440     99.08        28     63816   8785608     31.97   6781460    749292        80       128
11:01:35 AM    169852     72484   7833328     99.08        28     63816   8785608     31.97   6781464    749512       100       128
11:01:40 AM    169852     72484   7833328     99.08        28     63816   8785608     31.97   6781464    749512       100       128
11:01:45 AM    169852     72484   7833328     99.08        28     63816   8785608     31.97   6781468    749512       100       128
11:01:50 AM    210072     98808   7807004     98.75        28     36024   8785608     31.97   2901776   4586540       100       128
11:01:55 AM    210072     98856   7806956     98.75        28     36124   8785608     31.97   2901964   4586540        20       128
11:02:00 AM    210072     98980   7806832     98.75        28     36396   8785608     31.97   2901964   4586788        20       128
11:02:05 AM    210072     99032   7806780     98.75        28     36476   8785608     31.97   2901992   4586892        80       128
11:02:10 AM    193944     89036   7816776     98.87        28     48824   8785608     31.97   2918320   4586892       100       128
11:02:15 AM    193944     89084   7816728     98.87        28     48832   8785608     31.97   2918440   4586900       108       128
11:02:20 AM    194972     79960   7825852     98.99        16     28780   8785608     31.97   1116932   6385468        80       128
11:02:25 AM    194972     80116   7825696     98.99        16     28852   8785608     31.97   1117264   6385520       100       128
11:02:30 AM    194972     80364   7825448     98.98        16     29416   8785608     31.97   1117760   6385520       100       128
11:02:35 AM    194720     80284   7825528     98.98        28     29680   8785608     31.97   1117864   6385772        20       128
11:02:40 AM    194720     80284   7825528     98.98        28     29680   8785608     31.97   1117864   6385772        20       128
11:02:45 AM    194496     80060   7825752     98.99        28     29680   8785608     31.97   1117864   6385772        20       128
11:02:50 AM    178620     64280   7841532     99.19        28     29972   8785608     31.97   1130032   6385772        20       128
11:02:55 AM    178620     64368   7841444     99.19        28     30052   8785608     31.97   1130236   6385852        80       128
11:03:00 AM    178620     64368   7841444     99.19        28     30052   8785608     31.97   1130236   6385852       100       128
11:03:05 AM    178620     64368   7841444     99.19        28     30052   8785608     31.97   1130240   6385852       100       128
11:03:10 AM    175876     62424   7843388     99.21        28     31764   8785608     31.97   1131852   6385852       100       128
11:03:15 AM    175876     62424   7843388     99.21        28     31764   8785608     31.97   1131852   6385852       100       128
11:03:20 AM    135508     11448   7894364     99.86        16     10524   8785608     31.97   4274228   3290676       100       124
11:03:25 AM    135256     11448   7894364     99.86        28     10956   8785608     31.97   4274152   3291264        20       124
11:03:30 AM    135256     11448   7894364     99.86        28     11040   8785608     31.97   4274184   3291264        80       124
11:03:35 AM    131476      9668   7896144     99.88        28     14952   8785608     31.97   4278104   3291348       100       124
11:03:40 AM    131476      9668   7896144     99.88        28     14952   8785608     31.97   4278104   3291348       100       124
11:03:45 AM    131476      9668   7896144     99.88        28     14952   8785608     31.97   4278104   3291348       100       124
11:03:50 AM    175228     68632   7837180     99.13        12     45416   8785608     31.97   4696880   2821016         0       124
11:03:55 AM    171448     66148   7839664     99.16        12     48008   8785608     31.97   4699516   2821056        20       124
11:04:00 AM    161116     60848   7844964     99.23        24     58200   8785608     31.97   4709592   2821732       152       128
11:04:05 AM    161116     60888   7844924     99.23        24     58200   8785608     31.97   4709684   2821780       152       128
11:04:10 AM    160108     59912   7845900     99.24        24     58204   8785608     31.97   4712864   2821784       160       128
11:04:15 AM    160108     59912   7845900     99.24        24     58240   8785608     31.97   4712920   2821780       156       128
11:04:20 AM    157152     55968   7849844     99.29        24     56240   8785608     31.97   5311052   2226552       168       128
11:04:25 AM    157152     56016   7849796     99.29        24     56320   8785608     31.97   5311096   2226632       228       128
11:04:30 AM    153120     53800   7852012     99.32        24     60152   8785608     31.97   5314644   2226916        24       128
11:04:35 AM    153120     53936   7851876     99.32        24     60252   8785608     31.97   5314996   2226924        24       128
11:04:40 AM    152896     53724   7852088     99.32        24     60252   8785608     31.97   5315024   2226924        24       128
11:04:45 AM    152896     53724   7852088     99.32        24     60252   8785608     31.97   5315024   2226924        24       128
11:04:50 AM    176684     63540   7842272     99.20        12     32396   8785608     31.97   2836020   4689772         0       128
11:04:55 AM    176684     63540   7842272     99.20        12     32412   8785608     31.97   2836020   4689772        20       128
11:05:00 AM    176432     63520   7842292     99.20        24     32780   8785608     31.97   2836060   4690244        20       128
11:05:05 AM    176432     63524   7842288     99.20        24     32780   8785608     31.97   2836064   4690252        20       128
11:05:10 AM    176432     63524   7842288     99.20        24     32780   8785608     31.97   2836064   4690252        20       128
11:05:15 AM    176432     63524   7842288     99.20        24     32780   8785608     31.97   2836064   4690252        20       128
11:05:20 AM    110504      5064   7900748     99.94        12     47744   8785608     31.97   3942364   3639612        20       124
11:05:25 AM    110812      5452   7900360     99.93        12     48032   8785608     31.97   3942484   3639680        80       124
11:05:30 AM    111120      5836   7899976     99.93        12     48032   8785608     31.97   3942664   3639808        20       124
11:05:35 AM    111120      5836   7899976     99.93        12     48036   8785608     31.97   3942664   3639808        24       124
11:05:40 AM    111176      5892   7899920     99.93        12     48036   8785608     31.97   3942668   3639812        24       124
11:05:45 AM    111232      5948   7899864     99.92        12     48036   8785608     31.97   3942668   3639812        24       124
11:05:50 AM    159452     49944   7855868     99.37        12     39588   8785608     31.97   3118408   4409400        80       124
11:05:55 AM    141324     39604   7866208     99.50        24     55320   8785608     31.97   3136528   4409960        28       124
11:06:00 AM    141324     39692   7866120     99.50        24     55320   8785608     31.97   3136604   4410056        28       124
11:06:05 AM    141376     39744   7866068     99.50        24     55324   8785608     31.97   3136604   4410056        32       124
11:06:10 AM    139108     37476   7868336     99.53        24     55324   8785608     31.97   3139884   4410060        32       124
11:06:15 AM    139108     37540   7868272     99.53        24     55588   8785480     31.97   3140008   4410060        32       124
11:06:20 AM    197012     86040   7819772     98.91        12     36656   8785480     31.97   1232512   6267472        32       124
11:06:25 AM    197012     86112   7819700     98.91        12     37016   8785480     31.97   1232656   6267472        80       124
11:06:30 AM    193232     83560   7822252     98.94        12     39252   8785480     31.97   1235000   6267580       100       124
11:06:35 AM    189452     81020   7824792     98.98        12     41856   8785480     31.97   1237492   6267580       100       124
Average:      2127862   2103437   5802375     73.39      1359    161552   8785677     31.97   3701520   1872677       102      3657
