Linux 7.0.10-arch1-1 (archlinux) 	05/28/2026 	_x86_64_	(4 CPU)

05:15:48 PM  pgpgin/s pgpgout/s   fault/s  majflt/s  pgfree/s pgscank/s pgscand/s pgsteal/s  pgprom/s   pgdem/s
05:15:53 PM      0.00      0.80   1380.60      0.00    410.40      0.00      0.00      0.00      0.00      0.00
05:15:58 PM      0.00      0.00      1.40      0.00      4.20      0.00      0.00      0.00      0.00      0.00
05:16:03 PM      0.00      0.80      0.00      0.00      4.40      0.00      0.00      0.00      0.00      0.00
05:16:08 PM     12.80    367.20      0.20      0.00      4.20      0.00      0.00      0.00      0.00      0.00
05:16:13 PM      0.00      0.00      0.00      0.00      4.00      0.00      0.00      0.00      0.00      0.00
05:16:18 PM    123.20   1392.00      1.20      0.80    559.00      0.00      0.00      0.00      0.00      0.00
05:16:23 PM     18.40     35.20      3.40      0.60    616.80      0.00      0.00      0.00      0.00      0.00
05:16:28 PM      2.40      0.00      0.60      0.60      4.60      0.00      0.00      0.00      0.00      0.00
05:16:33 PM      0.00      0.00      0.00      0.00      3.80      0.00      0.00      0.00      0.00      0.00
05:16:38 PM   1423.20    352.00     16.20      5.40    776.60      0.00      0.00      0.00      0.00      0.00
05:16:43 PM      7.20      0.00      5.40      1.80      4.00      0.00      0.00      0.00      0.00      0.00
05:16:48 PM      0.00     19.20      0.00      0.00      4.00      0.00      0.00      0.00      0.00      0.00
05:16:53 PM    105.60      0.00      0.40      0.20    222.20      0.00      0.00      0.00      0.00      0.00
05:16:58 PM      0.80      1.60      0.20      0.20     29.20      0.00      0.00      0.00      0.00      0.00
05:17:03 PM     13.60     13.60      2.20      1.80    208.20      0.00      0.00      0.00      0.00      0.00
05:17:08 PM    230.40      0.00      0.60      0.60      4.60      0.00      0.00      0.00      0.00      0.00
05:17:13 PM     48.80     92.00     11.60      9.00      9.40      0.00      0.00      0.00      0.00      0.00
05:17:18 PM    387.20      0.00      5.40      2.20      6.80      0.00      0.00      0.00      0.00      0.00
05:17:23 PM     54.40      0.80      2.00      0.40      1.00      0.00      0.00      0.00      0.00      0.00
05:17:28 PM      0.00      2.40      0.20      0.00     13.80      0.00      0.00      0.00      0.00      0.00
05:17:33 PM    195.20     36.00      1.80      0.80     80.00      0.00      0.00      0.00      0.00      0.00
05:17:38 PM    324.80      0.00     10.60      3.20      6.80      0.00      0.00      0.00      0.00      0.00
05:17:43 PM    724.80      0.00      9.40      2.80     20.80      0.00      0.00      0.00      0.00      0.00
05:17:48 PM     13.60      0.00      1.00      0.40      7.60      0.00      0.00      0.00      0.00      0.00
05:17:53 PM    256.80      8.80     22.40     10.80    145.20      0.00      0.00      0.00      0.00      0.00
05:17:58 PM    184.00      0.00      2.60      1.60      6.80      0.00      0.00      0.00      0.00      0.00
05:18:03 PM      9.60    194.40      0.00      0.00      4.00      0.00      0.00      0.00      0.00      0.00
05:18:08 PM    163.20      0.80      0.20      0.20      5.40      0.00      0.00      0.00      0.00      0.00
05:18:13 PM    282.40      0.00      0.20      0.20     15.80      0.00      0.00      0.00      0.00      0.00
05:18:18 PM      0.00      0.00      0.00      0.00      4.00      0.00      0.00      0.00      0.00      0.00
05:18:23 PM    115.20     27.20      0.20      0.20     23.40      0.00      0.00      0.00      0.00      0.00
05:18:28 PM    136.00     42.40      3.40      0.60      7.60      0.00      0.00      0.00      0.00      0.00
05:18:33 PM     34.40     51.20      7.20      4.40      9.00      0.00      0.00      0.00      0.00      0.00
05:18:38 PM     16.00    136.80      0.00      0.00      5.00      0.00      0.00      0.00      0.00      0.00
05:18:43 PM      2.40      1.60      0.60      0.60      4.00      0.00      0.00      0.00      0.00      0.00
05:18:48 PM   1670.40      1.60    303.40      7.80    295.00      0.00      0.00      0.00      0.00      0.00
05:18:53 PM      0.00      0.00      0.00      0.00      4.19      0.00      0.00      0.00      0.00      0.00
05:18:58 PM      0.80      0.00      0.20      0.20      3.80      0.00      0.00      0.00      0.00      0.00
05:19:03 PM      0.80      0.00      0.20      0.20      4.00      0.00      0.00      0.00      0.00      0.00
05:19:08 PM     88.00     64.00      0.20      0.20    167.20      0.00      0.00      0.00      0.00      0.00
05:19:13 PM     71.20    376.00     12.80     12.80    463.40      0.00      0.00      0.00      0.00      0.00
05:19:18 PM      6.40      1.60      0.00      0.00      4.40      0.00      0.00      0.00      0.00      0.00
05:19:23 PM    196.80      2.40      1.00      0.40      8.40      0.00      0.00      0.00      0.00      0.00
05:19:28 PM    324.00     44.00      3.40      2.40     41.40      0.00      0.00      0.00      0.00      0.00
05:19:33 PM      0.00      0.00      0.00      0.00      7.20      0.00      0.00      0.00      0.00      0.00
05:19:38 PM     21.60      0.00      6.80      5.40      4.00      0.00      0.00      0.00      0.00      0.00
05:19:43 PM      6.40     41.60      0.00      0.20      8.60      0.00      0.00      0.00      0.00      0.00
05:19:48 PM    579.20    123.20     14.80      1.20     86.60      0.00      0.00      0.00      0.00      0.00
05:19:53 PM     36.00      4.00     14.00      1.20     10.20      0.00      0.00      0.00      0.00      0.00
05:19:58 PM    339.20      3.20      9.20      2.40     27.60      0.00      0.00      0.00      0.00      0.00
05:20:03 PM    334.40      5.60     12.00      6.00     49.40      0.00      0.00      0.00      0.00      0.00
05:20:08 PM     38.40     16.00     11.00      0.20     20.20      0.00      0.00      0.00      0.00      0.00
05:20:13 PM      0.80      0.00      0.60      0.20      5.60      0.00      0.00      0.00      0.00      0.00
05:20:18 PM      0.00     44.80      0.00      0.00      3.80      0.00      0.00      0.00      0.00      0.00
05:20:23 PM     22.40    124.00      2.00      0.00      5.60      0.00      0.00      0.00      0.00      0.00
05:20:28 PM    131.20      3.20      4.60      4.00     25.60      0.00      0.00      0.00      0.00      0.00
05:20:33 PM     38.40      4.00      1.00      0.00     22.80      0.00      0.00      0.00      0.00      0.00
05:20:38 PM    322.40      0.00      4.60      2.00     11.80      0.00      0.00      0.00      0.00      0.00
05:20:43 PM     76.80      8.00      0.20      0.20     54.20      0.00      0.00      0.00      0.00      0.00
05:20:48 PM    142.40      0.00      1.60      1.20     19.80      0.00      0.00      0.00      0.00      0.00
05:20:53 PM    561.60     39.20     12.40      3.60     53.80      0.00      0.00      0.00      0.00      0.00
05:20:58 PM     20.00    120.00     12.20      0.20     21.60      0.00      0.00      0.00      0.00      0.00
05:21:03 PM    160.00     20.80      4.00      0.60     34.60      0.00      0.00      0.00      0.00      0.00
05:21:08 PM    328.00      0.00      7.00      2.40      7.40      0.00      0.00      0.00      0.00      0.00
05:21:13 PM     22.40      0.00      5.60      5.60      4.20      0.00      0.00      0.00      0.00      0.00
05:21:18 PM     20.80      0.00      5.80      5.20      6.00      0.00      0.00      0.00      0.00      0.00
05:21:23 PM      0.00      0.00      3.20      0.00      0.60      0.00      0.00      0.00      0.00      0.00
05:21:28 PM      0.00     40.00      0.00      0.00      4.80      0.00      0.00      0.00      0.00      0.00
05:21:33 PM     97.60    148.00      0.20      0.20     26.60      0.00      0.00      0.00      0.00      0.00
05:21:38 PM    308.80     20.00      6.80      3.20     69.20      0.00      0.00      0.00      0.00      0.00
05:21:43 PM     16.80      0.00      4.20      4.20      4.80      0.00      0.00      0.00      0.00      0.00
05:21:48 PM      0.00      3.20      0.00      0.00      6.00      0.00      0.00      0.00      0.00      0.00
05:21:53 PM    250.40      6.40      0.40      0.20     83.60      0.00      0.00      0.00      0.00      0.00
05:21:58 PM    657.60      9.60      4.40      1.40     37.40      0.00      0.00      0.00      0.00      0.00
05:22:03 PM    292.80     38.40      3.80      2.40    103.80      0.00      0.00      0.00      0.00      0.00
05:22:08 PM     31.20    136.80      5.60      5.60     13.60      0.00      0.00      0.00      0.00      0.00
05:22:13 PM     23.20     18.40      8.20      0.20      7.00      0.00      0.00      0.00      0.00      0.00
05:22:18 PM    128.00      3.20      0.40      0.40     16.60      0.00      0.00      0.00      0.00      0.00
05:22:23 PM    132.80      0.00      1.00      0.20      1.00      0.00      0.00      0.00      0.00      0.00
05:22:28 PM      2.40      1.60      0.60      0.60     10.40      0.00      0.00      0.00      0.00      0.00
05:22:33 PM    445.60      7.20      8.80      1.60     89.60      0.00      0.00      0.00      0.00      0.00
05:22:38 PM    320.00     87.20      6.20      2.60     12.20      0.00      0.00      0.00      0.00      0.00
05:22:43 PM     32.00    177.60      0.80      0.00     43.80      0.00      0.00      0.00      0.00      0.00
05:22:48 PM      3.20      4.80      0.00      0.00      4.00      0.00      0.00      0.00      0.00      0.00
05:22:53 PM      0.80      0.00      2.20      0.20      1.00      0.00      0.00      0.00      0.00      0.00
05:22:58 PM     12.00      0.00      3.60      3.00      5.40      0.00      0.00      0.00      0.00      0.00
05:23:03 PM      0.00      0.00      0.00      0.00      4.00      0.00      0.00      0.00      0.00      0.00
05:23:08 PM      0.00      0.00      0.00      0.00      3.80      0.00      0.00      0.00      0.00      0.00
05:23:13 PM     22.40    124.00      7.20      7.20      4.20      0.00      0.00      0.00      0.00      0.00
05:23:18 PM      0.00      0.80      0.00      0.00      3.80      0.00      0.00      0.00      0.00      0.00
05:23:23 PM      0.80      4.80      0.20      0.20      0.80      0.00      0.00      0.00      0.00      0.00
05:23:28 PM      5.60      0.00      1.00      0.20      3.80      0.00      0.00      0.00      0.00      0.00
05:23:33 PM    481.60      0.00      5.20      2.20      7.20      0.00      0.00      0.00      0.00      0.00
05:23:38 PM      0.80      0.00      1.40      0.20      3.80      0.00      0.00      0.00      0.00      0.00
05:23:43 PM      0.00    194.40      0.00      0.00      5.80      0.00      0.00      0.00      0.00      0.00
05:23:48 PM   1565.60      0.00    313.00     23.00    243.00      0.00      0.00      0.00      0.00      0.00
05:23:53 PM      0.00      0.80      0.00      0.00      0.80      0.00      0.00      0.00      0.00      0.00
05:23:58 PM      0.00      4.00      0.00      0.00      4.80      0.00      0.00      0.00      0.00      0.00
05:24:03 PM      0.00      0.00      0.00      0.00      4.00      0.00      0.00      0.00      0.00      0.00
05:24:08 PM      0.00      0.00      0.00      0.00      4.00      0.00      0.00      0.00      0.00      0.00
05:24:13 PM      0.00     38.40      0.00      0.00      3.80      0.00      0.00      0.00      0.00      0.00
05:24:18 PM      0.00      0.00      0.00      0.00      3.80      0.00      0.00      0.00      0.00      0.00
05:24:23 PM      0.00    104.80      0.00      0.00    105.00      0.00      0.00      0.00      0.00      0.00
05:24:28 PM      0.00      0.80      0.00      0.00      3.80      0.00      0.00      0.00      0.00      0.00
05:24:33 PM      0.00      3.20      0.00      0.00      4.00      0.00      0.00      0.00      0.00      0.00
05:24:38 PM      0.00      0.00      0.60      0.00      3.80      0.00      0.00      0.00      0.00      0.00
05:24:43 PM      0.00      0.00      0.00      0.00      4.00      0.00      0.00      0.00      0.00      0.00
05:24:48 PM      0.00      0.00      0.00      0.00      3.80      0.00      0.00      0.00      0.00      0.00
05:24:53 PM      0.00      0.00      0.00      0.00      1.60      0.00      0.00      0.00      0.00      0.00
05:24:58 PM      0.00    162.40      0.00      0.00      3.80      0.00      0.00      0.00      0.00      0.00
05:25:03 PM      0.00      0.80      0.00      0.00      4.00      0.00      0.00      0.00      0.00      0.00
05:25:08 PM      0.00      4.00      0.00      0.00      4.00      0.00      0.00      0.00      0.00      0.00
05:25:13 PM      6.40      0.00      1.80      1.60      3.80      0.00      0.00      0.00      0.00      0.00
05:25:18 PM      0.00      0.00      0.00      0.00      4.00      0.00      0.00      0.00      0.00      0.00
05:25:23 PM      0.00      0.00      0.00      0.00      1.40      0.00      0.00      0.00      0.00      0.00
05:25:28 PM      0.00      0.00      0.00      0.00      4.00      0.00      0.00      0.00      0.00      0.00
05:25:33 PM      0.00     38.40      0.00      0.00      3.80      0.00      0.00      0.00      0.00      0.00
05:25:38 PM      0.00    105.60      0.00      0.00      4.00      0.00      0.00      0.00      0.00      0.00
05:25:43 PM      0.00      3.20      0.00      0.00      3.80      0.00      0.00      0.00      0.00      0.00
05:25:48 PM      0.00      0.00      0.00      0.00      3.80      0.00      0.00      0.00      0.00      0.00
05:25:53 PM      0.00      0.00      0.00      0.00      0.80      0.00      0.00      0.00      0.00      0.00
05:25:58 PM      0.00      0.00      0.00      0.00      3.80      0.00      0.00      0.00      0.00      0.00
05:26:03 PM      0.00      0.00      0.00      0.00      4.20      0.00      0.00      0.00      0.00      0.00
05:26:08 PM      0.00     32.00      0.00      0.00      3.80      0.00      0.00      0.00      0.00      0.00
05:26:13 PM      0.00    112.00      0.00      0.00      4.00      0.00      0.00      0.00      0.00      0.00
05:26:18 PM      0.00      4.00      0.00      0.00      3.80      0.00      0.00      0.00      0.00      0.00
05:26:23 PM      0.00      0.00      0.00      0.00      0.80      0.00      0.00      0.00      0.00      0.00
05:26:28 PM      0.00      0.00      0.00      0.00      3.80      0.00      0.00      0.00      0.00      0.00
05:26:33 PM      0.00      0.00      0.00      0.00      3.80      0.00      0.00      0.00      0.00      0.00
05:26:38 PM      0.00      0.00      0.00      0.00      4.00      0.00      0.00      0.00      0.00      0.00
05:26:43 PM      0.00     38.40      0.00      0.00      3.80      0.00      0.00      0.00      0.00      0.00
05:26:48 PM      0.00     99.20      0.00      0.00      4.00      0.00      0.00      0.00      0.00      0.00
05:26:53 PM      0.00      4.80      0.00      0.00      0.60      0.00      0.00      0.00      0.00      0.00
05:26:58 PM      0.00      0.00      0.00      0.00      4.60      0.00      0.00      0.00      0.00      0.00
05:27:03 PM      0.00      0.00      0.00      0.00      4.20      0.00      0.00      0.00      0.00      0.00
05:27:08 PM      0.00      0.00      0.00      0.00      4.40      0.00      0.00      0.00      0.00      0.00
05:27:13 PM     12.00     28.80      9.00      0.60      5.80      0.00      0.00      0.00      0.00      0.00
05:27:18 PM      0.80     70.40      0.20      0.20      4.20      0.00      0.00      0.00      0.00      0.00
05:27:23 PM      0.00    150.40      0.00      0.00      1.20      0.00      0.00      0.00      0.00      0.00
05:27:28 PM      0.00      3.20      0.00      0.00      4.00      0.00      0.00      0.00      0.00      0.00
05:27:33 PM      0.00      0.00      0.00      0.00      4.20      0.00      0.00      0.00      0.00      0.00
05:27:38 PM      0.00      0.00      0.00      0.00      4.00      0.00      0.00      0.00      0.00      0.00
05:27:43 PM      0.00     21.60      0.00      0.00      4.00      0.00      0.00      0.00      0.00      0.00
05:27:48 PM      0.00     70.40      0.00      0.00      3.80      0.00      0.00      0.00      0.00      0.00
05:27:53 PM      0.00      0.00      0.00      0.00      1.00      0.00      0.00      0.00      0.00      0.00
05:27:58 PM      0.00    131.20      0.00      0.00      4.00      0.00      0.00      0.00      0.00      0.00
05:28:03 PM      0.00      4.00      0.00      0.00      3.80      0.00      0.00      0.00      0.00      0.00
05:28:08 PM      0.00      0.00      0.00      0.00      4.20      0.00      0.00      0.00      0.00      0.00
05:28:13 PM      0.00      0.00      0.00      0.00      3.80      0.00      0.00      0.00      0.00      0.00
05:28:18 PM      0.00      0.00      0.00      0.00      4.00      0.00      0.00      0.00      0.00      0.00
05:28:23 PM      0.00      0.00      0.00      0.00      0.60      0.00      0.00      0.00      0.00      0.00
05:28:28 PM      3.20    175.20      0.00      0.00      5.40      0.00      0.00      0.00      0.00      0.00
05:28:33 PM      0.00      0.80      0.00      0.00      7.60      0.00      0.00      0.00      0.00      0.00
05:28:38 PM    784.80      3.20    310.60     11.60    189.20      0.00      0.00      0.00      0.00      0.00
05:28:43 PM      0.00      0.00      0.00      0.00      4.60      0.00      0.00      0.00      0.00      0.00
05:28:48 PM      0.00      0.00      0.00      0.00      4.20      0.00      0.00      0.00      0.00      0.00
05:28:53 PM      0.00      0.00      0.00      0.00      1.00      0.00      0.00      0.00      0.00      0.00
05:28:58 PM      0.00      0.00      0.00      0.00      3.80      0.00      0.00      0.00      0.00      0.00
05:29:03 PM      6.40    194.40    281.20      0.00    216.80      0.00      0.00      0.00      0.00      0.00
05:29:08 PM      0.00      0.00      0.00      0.00      4.00      0.00      0.00      0.00      0.00      0.00
05:29:13 PM      0.00     41.60      0.00      0.00      4.00      0.00      0.00      0.00      0.00      0.00
05:29:18 PM      0.00      0.00      0.40      0.00      3.80      0.00      0.00      0.00      0.00      0.00
05:29:23 PM      0.00      0.00      0.60      0.00      0.60      0.00      0.00      0.00      0.00      0.00
05:29:28 PM      0.00      0.00      0.00      0.00      4.00      0.00      0.00      0.00      0.00      0.00
05:29:33 PM      0.00      0.00      0.00      0.00      3.80      0.00      0.00      0.00      0.00      0.00
05:29:38 PM      0.00     57.60      0.60      0.00      4.00      0.00      0.00      0.00      0.00      0.00
05:29:43 PM      0.00    143.20      0.00      0.00      3.80      0.00      0.00      0.00      0.00      0.00
05:29:48 PM      0.00      4.00      0.00      0.00    311.20      0.00      0.00      0.00      0.00      0.00
05:29:53 PM      0.00      0.00      0.00      0.00      0.60      0.00      0.00      0.00      0.00      0.00
05:29:58 PM      0.00      0.00      0.00      0.00      3.80      0.00      0.00      0.00      0.00      0.00
05:30:03 PM      0.00      0.00      0.00      0.00      4.00      0.00      0.00      0.00      0.00      0.00
05:30:08 PM      0.00      0.00      0.00      0.00      4.00      0.00      0.00      0.00      0.00      0.00
05:30:13 PM      0.00     38.40      0.00      0.00      4.00      0.00      0.00      0.00      0.00      0.00
05:30:18 PM      0.00    104.80      0.00      0.00      3.80      0.00      0.00      0.00      0.00      0.00
05:30:23 PM      0.00      4.00      0.00      0.00      0.80      0.00      0.00      0.00      0.00      0.00
05:30:28 PM      0.00      0.00      0.00      0.00      3.80      0.00      0.00      0.00      0.00      0.00
05:30:33 PM      0.00      0.00      0.00      0.00      4.00      0.00      0.00      0.00      0.00      0.00
05:30:38 PM      0.00      0.00      0.40      0.00      3.80      0.00      0.00      0.00      0.00      0.00
05:30:43 PM      0.00      0.00      0.00      0.00      4.60      0.00      0.00      0.00      0.00      0.00
05:30:48 PM      0.00     38.40      0.00      0.00      4.00      0.00      0.00      0.00      0.00      0.00
05:30:53 PM      0.00    124.00      0.00      0.00      0.60      0.00      0.00      0.00      0.00      0.00
05:30:58 PM      0.00      5.60      0.00      0.00      4.00      0.00      0.00      0.00      0.00      0.00
05:31:03 PM      0.00      0.00      0.00      0.00      3.80      0.00      0.00      0.00      0.00      0.00
05:31:08 PM      0.00      0.00      0.00      0.00      4.00      0.00      0.00      0.00      0.00      0.00
05:31:13 PM      0.00      0.00      0.00      0.00      4.20      0.00      0.00      0.00      0.00      0.00
05:31:18 PM      0.00      0.00      0.00      0.00      4.00      0.00      0.00      0.00      0.00      0.00
05:31:23 PM      0.00     38.40      0.00      0.00      0.60      0.00      0.00      0.00      0.00      0.00
05:31:28 PM      0.00    104.80      0.00      0.00      3.80      0.00      0.00      0.00      0.00      0.00
05:31:33 PM      0.00      5.60      0.00      0.00      4.00      0.00      0.00      0.00      0.00      0.00
05:31:38 PM      0.00      0.00      0.00      0.00      3.80      0.00      0.00      0.00      0.00      0.00
05:31:43 PM      0.00      0.00      0.00      0.00      4.00      0.00      0.00      0.00      0.00      0.00
05:31:48 PM      0.00      0.00      0.00      0.00      3.80      0.00      0.00      0.00      0.00      0.00
05:31:53 PM      0.00      0.00      0.00      0.00      0.80      0.00      0.00      0.00      0.00      0.00
05:31:58 PM      0.00     38.40      0.00      0.00      4.40      0.00      0.00      0.00      0.00      0.00
05:32:03 PM      0.00    124.00      0.00      0.00      4.40      0.00      0.00      0.00      0.00      0.00
05:32:08 PM      0.00      4.00      0.00      0.00      4.20      0.00      0.00      0.00      0.00      0.00
05:32:13 PM      0.00     28.80      5.80      0.00      6.00      0.00      0.00      0.00      0.00      0.00
05:32:18 PM      0.00      0.00      1.20      1.20      4.20      0.00      0.00      0.00      0.00      0.00
05:32:23 PM      0.00      0.00      1.20      1.20      2.20      0.00      0.00      0.00      0.00      0.00
05:32:28 PM      0.00      0.00      0.00      0.00      4.20      0.00      0.00      0.00      0.00      0.00
05:32:33 PM      0.00     70.40      0.00      0.00      4.20      0.00      0.00      0.00      0.00      0.00
05:32:38 PM      0.00    149.60      0.00      0.00      4.00      0.00      0.00      0.00      0.00      0.00
05:32:43 PM      0.00     25.60      0.00      0.00      3.80      0.00      0.00      0.00      0.00      0.00
05:32:48 PM      0.00      0.00      0.00      0.00      4.00      0.00      0.00      0.00      0.00      0.00
05:32:53 PM      0.00      0.00      0.00      0.00      1.00      0.00      0.00      0.00      0.00      0.00
05:32:58 PM      0.00      0.00      0.00      0.00      3.80      0.00      0.00      0.00      0.00      0.00
05:33:03 PM      0.00      0.00      0.00      0.00      4.00      0.00      0.00      0.00      0.00      0.00
05:33:08 PM      0.00     38.40      0.00      0.00      3.80      0.00      0.00      0.00      0.00      0.00
05:33:13 PM      0.00    136.53      0.00      0.00      4.19      0.00      0.00      0.00      0.00      0.00
05:33:18 PM      0.00      4.00      0.00      0.00      3.80      0.00      0.00      0.00      0.00      0.00
05:33:23 PM      0.00      0.00      0.00      0.00      0.80      0.00      0.00      0.00      0.00      0.00
05:33:28 PM      0.00      0.00      0.00      0.00      3.80      0.00      0.00      0.00      0.00      0.00
05:33:33 PM      0.00      0.00      0.00      0.00      7.20      0.00      0.00      0.00      0.00      0.00
05:33:38 PM      0.00      0.00      0.00      0.00      4.00      0.00      0.00      0.00      0.00      0.00
05:33:43 PM      0.00     38.40      0.00      0.00      3.80      0.00      0.00      0.00      0.00      0.00
05:33:48 PM      0.00    104.80      0.00      0.00      4.00      0.00      0.00      0.00      0.00      0.00
05:33:53 PM      0.00      4.80      0.00      0.00      0.60      0.00      0.00      0.00      0.00      0.00
05:33:58 PM      0.00      0.00      0.00      0.00      4.00      0.00      0.00      0.00      0.00      0.00
05:34:03 PM      0.00      0.00      0.00      0.00      3.80      0.00      0.00      0.00      0.00      0.00
05:34:08 PM      0.00      0.00    283.20      0.00    219.60      0.00      0.00      0.00      0.00      0.00
05:34:13 PM      0.00      0.00      0.00      0.00      3.80      0.00      0.00      0.00      0.00      0.00
05:34:18 PM      0.00     38.40      0.00      0.00      4.00      0.00      0.00      0.00      0.00      0.00
05:34:23 PM      0.00    124.00      0.00      0.00      0.80      0.00      0.00      0.00      0.00      0.00
05:34:28 PM      0.00      6.40      0.00      0.00      4.00      0.00      0.00      0.00      0.00      0.00
05:34:33 PM      0.00      0.00      0.00      0.00      4.00      0.00      0.00      0.00      0.00      0.00
05:34:38 PM      0.00      0.00      0.00      0.00      3.80      0.00      0.00      0.00      0.00      0.00
05:34:43 PM      0.00      0.00      0.00      0.00      4.00      0.00      0.00      0.00      0.00      0.00
05:34:48 PM      0.00      0.00      0.00      0.00      3.80      0.00      0.00      0.00      0.00      0.00
05:34:53 PM      0.00     38.40      0.00      0.00      0.80      0.00      0.00      0.00      0.00      0.00
05:34:58 PM      0.00    104.80      0.00      0.00      3.80      0.00      0.00      0.00      0.00      0.00
05:35:03 PM      0.00      4.00      0.00      0.00      3.80      0.00      0.00      0.00      0.00      0.00
05:35:08 PM      0.00      0.00      0.00      0.00      4.00      0.00      0.00      0.00      0.00      0.00
05:35:13 PM      0.00      0.00      0.00      0.00      3.80      0.00      0.00      0.00      0.00      0.00
05:35:18 PM      0.00      0.00      0.00      0.00    157.80      0.00      0.00      0.00      0.00      0.00
05:35:23 PM      0.00      0.00      0.00      0.00      0.60      0.00      0.00      0.00      0.00      0.00
05:35:28 PM      0.00     38.40      0.00      0.00      4.00      0.00      0.00      0.00      0.00      0.00
05:35:33 PM      0.00    124.00      0.00      0.00      3.80      0.00      0.00      0.00      0.00      0.00
05:35:38 PM      0.00      4.80      0.00      0.00      4.00      0.00      0.00      0.00      0.00      0.00
05:35:43 PM      0.00      0.00      0.00      0.00      3.80      0.00      0.00      0.00      0.00      0.00
05:35:48 PM      0.00      0.00      0.00      0.00      3.80      0.00      0.00      0.00      0.00      0.00
05:35:53 PM      0.00      0.00      0.00      0.00      0.80      0.00      0.00      0.00      0.00      0.00
05:35:58 PM      0.00      0.00      0.00      0.00      3.80      0.00      0.00      0.00      0.00      0.00
05:36:03 PM      0.00     38.40      0.00      0.00      4.00      0.00      0.00      0.00      0.00      0.00
05:36:08 PM      0.00    104.80      0.00      0.00      3.80      0.00      0.00      0.00      0.00      0.00
05:36:13 PM      0.00      4.00      0.00      0.00      4.00      0.00      0.00      0.00      0.00      0.00
05:36:18 PM      0.00      0.00      0.00      0.00      4.00      0.00      0.00      0.00      0.00      0.00
05:36:23 PM      0.00      0.00      0.00      0.00      0.60      0.00      0.00      0.00      0.00      0.00
05:36:28 PM      0.00      0.00      0.00      0.00      4.00      0.00      0.00      0.00      0.00      0.00
05:36:33 PM      0.00      0.00      0.00      0.00      3.80      0.00      0.00      0.00      0.00      0.00
05:36:38 PM      0.00     38.40      0.00      0.00      4.00      0.00      0.00      0.00      0.00      0.00
05:36:43 PM      0.00    124.00      0.00      0.00      3.80      0.00      0.00      0.00      0.00      0.00
05:36:48 PM      0.00      4.80      0.00      0.00      4.00      0.00      0.00      0.00      0.00      0.00
05:36:53 PM      0.00      0.00      0.00      0.00      0.60      0.00      0.00      0.00      0.00      0.00
05:36:58 PM      0.80      0.00      0.20      0.20      4.60      0.00      0.00      0.00      0.00      0.00
05:37:03 PM      0.00      0.00      0.00      0.00      4.20      0.00      0.00      0.00      0.00      0.00
05:37:08 PM      0.00      0.00      0.00      0.00      4.20      0.00      0.00      0.00      0.00      0.00
05:37:13 PM      0.00    120.00      5.60      0.00      5.20      0.00      0.00      0.00      0.00      0.00
05:37:18 PM      0.00    151.20      5.40      0.00      4.20      0.00      0.00      0.00      0.00      0.00
05:37:23 PM      0.00      4.80      0.00      0.00      1.40      0.00      0.00      0.00      0.00      0.00
05:37:28 PM      0.00      0.00      0.00      0.00      4.00      0.00      0.00      0.00      0.00      0.00
05:37:33 PM      0.00      0.00      0.00      0.00      4.40      0.00      0.00      0.00      0.00      0.00
05:37:38 PM      0.00      0.00      0.00      0.00      3.80      0.00      0.00      0.00      0.00      0.00
05:37:43 PM      0.00     20.80      0.00      0.00      4.80      0.00      0.00      0.00      0.00      0.00
05:37:48 PM      0.00    220.00      0.00      0.00      3.80      0.00      0.00      0.00      0.00      0.00
05:37:53 PM      0.00      0.00      0.00      0.00      1.00      0.00      0.00      0.00      0.00      0.00
05:37:58 PM      0.00      4.00      0.00      0.00      4.00      0.00      0.00      0.00      0.00      0.00
05:38:03 PM      0.00      0.00      0.00      0.00      3.80      0.00      0.00      0.00      0.00      0.00
05:38:08 PM      0.00      0.00      0.00      0.00      4.00      0.00      0.00      0.00      0.00      0.00
05:38:13 PM      0.00      0.00      0.00      0.00      3.80      0.00      0.00      0.00      0.00      0.00
05:38:18 PM      0.00     38.40      0.00      0.00      4.00      0.00      0.00      0.00      0.00      0.00
05:38:23 PM      0.00      0.00      0.00      0.00      0.80      0.00      0.00      0.00      0.00      0.00
05:38:28 PM      0.00    104.80      0.00      0.00      4.00      0.00      0.00      0.00      0.00      0.00
05:38:33 PM      0.00      5.60      0.00      0.00      7.20      0.00      0.00      0.00      0.00      0.00
05:38:38 PM      0.00      0.00      0.00      0.00      3.80      0.00      0.00      0.00      0.00      0.00
05:38:43 PM      0.00      0.00      0.00      0.00      4.00      0.00      0.00      0.00      0.00      0.00
05:38:48 PM      0.00      0.00      0.00      0.00      3.80      0.00      0.00      0.00      0.00      0.00
05:38:53 PM      0.00      0.00      0.00      0.00      0.80      0.00      0.00      0.00      0.00      0.00
05:38:58 PM      0.00     38.40      0.00      0.00      3.80      0.00      0.00      0.00      0.00      0.00
05:39:03 PM      0.00    124.00      0.00      0.00      4.00      0.00      0.00      0.00      0.00      0.00
05:39:08 PM      0.00      4.80    283.80      0.00    220.60      0.00      0.00      0.00      0.00      0.00
05:39:13 PM      0.00      0.00      0.00      0.00      3.80      0.00      0.00      0.00      0.00      0.00
05:39:18 PM      0.00      0.00      0.00      0.00      4.00      0.00      0.00      0.00      0.00      0.00
05:39:23 PM      0.00      0.00      0.00      0.00      0.80      0.00      0.00      0.00      0.00      0.00
05:39:28 PM      0.00      0.00      0.00      0.00      4.00      0.00      0.00      0.00      0.00      0.00
05:39:33 PM      0.00     38.40      0.00      0.00      3.80      0.00      0.00      0.00      0.00      0.00
05:39:38 PM      0.00    104.80      0.00      0.00      4.80      0.00      0.00      0.00      0.00      0.00
05:39:43 PM      0.00      4.00      0.00      0.00      3.80      0.00      0.00      0.00      0.00      0.00
05:39:48 PM      0.00      0.00      0.00      0.00      4.00      0.00      0.00      0.00      0.00      0.00
05:39:53 PM      0.00      0.00      0.00      0.00      0.60      0.00      0.00      0.00      0.00      0.00
05:39:58 PM      0.00      0.00      0.00      0.00      3.80      0.00      0.00      0.00      0.00      0.00
05:40:03 PM      0.00      0.00      0.00      0.00      4.00      0.00      0.00      0.00      0.00      0.00
05:40:08 PM      0.00     38.40      0.00      0.00      3.80      0.00      0.00      0.00      0.00      0.00
05:40:13 PM      3.20    136.80      0.00      0.00      4.00      0.00      0.00      0.00      0.00      0.00
05:40:18 PM      0.00      4.80      0.00      0.00      3.80      0.00      0.00      0.00      0.00      0.00
05:40:23 PM      0.00      0.00      0.00      0.00      1.00      0.00      0.00      0.00      0.00      0.00
05:40:28 PM      0.00      0.00      0.00      0.00      3.80      0.00      0.00      0.00      0.00      0.00
05:40:33 PM      0.00      0.00      0.00      0.00      4.00      0.00      0.00      0.00      0.00      0.00
05:40:38 PM      0.00      0.00      0.00      0.00      3.80      0.00      0.00      0.00      0.00      0.00
05:40:43 PM      0.00     38.40      0.00      0.00      3.80      0.00      0.00      0.00      0.00      0.00
05:40:48 PM      0.00    104.80      0.00      0.00      4.00      0.00      0.00      0.00      0.00      0.00
05:40:53 PM      0.00      4.00      0.00      0.00      0.60      0.00      0.00      0.00      0.00      0.00
05:40:58 PM      0.00      0.00      0.00      0.00      4.00      0.00      0.00      0.00      0.00      0.00
05:41:03 PM      0.00      0.00      0.00      0.00      3.80      0.00      0.00      0.00      0.00      0.00
05:41:08 PM      0.00      0.00      0.00      0.00      4.00      0.00      0.00      0.00      0.00      0.00
05:41:13 PM      0.00      0.00      0.00      0.00      3.80      0.00      0.00      0.00      0.00      0.00
05:41:18 PM      0.00     38.40      0.00      0.00      4.00      0.00      0.00      0.00      0.00      0.00
05:41:23 PM      0.00    124.00      0.00      0.00      0.40      0.00      0.00      0.00      0.00      0.00
05:41:28 PM      0.00      4.00      0.00      0.00      4.20      0.00      0.00      0.00      0.00      0.00
05:41:33 PM      0.00      0.00      0.00      0.00      4.00      0.00      0.00      0.00      0.00      0.00
05:41:38 PM      0.00      0.00      0.00      0.00      3.80      0.00      0.00      0.00      0.00      0.00
05:41:43 PM      0.00      0.00      0.00      0.00      4.00      0.00      0.00      0.00      0.00      0.00
05:41:48 PM      0.00      0.00      0.00      0.00      3.80      0.00      0.00      0.00      0.00      0.00
05:41:53 PM      0.00     38.40      0.00      0.00      0.60      0.00      0.00      0.00      0.00      0.00
05:41:58 PM      0.00    104.80      0.00      0.00      4.60      0.00      0.00      0.00      0.00      0.00
05:42:03 PM      0.00      7.20      0.00      0.00      4.40      0.00      0.00      0.00      0.00      0.00
05:42:08 PM      0.00      0.00      0.00      0.00      4.20      0.00      0.00      0.00      0.00      0.00
05:42:13 PM      0.00      0.00      5.40      0.00      4.00      0.00      0.00      0.00      0.00      0.00
05:42:18 PM      0.00     49.60      0.20      0.00      5.40      0.00      0.00      0.00      0.00      0.00
05:42:23 PM      0.00     14.40      5.40      0.00      0.80      0.00      0.00      0.00      0.00      0.00
05:42:28 PM      0.00     70.40      0.00      0.00      4.60      0.00      0.00      0.00      0.00      0.00
05:42:33 PM      0.00    156.00      0.00      0.00      4.00      0.00      0.00      0.00      0.00      0.00
05:42:38 PM      0.00      4.00      0.00      0.00      4.20      0.00      0.00      0.00      0.00      0.00
05:42:43 PM      0.00     20.80      0.00      0.00      4.20      0.00      0.00      0.00      0.00      0.00
05:42:48 PM      0.00      0.00      0.00      0.00      3.80      0.00      0.00      0.00      0.00      0.00
05:42:53 PM      0.00      0.00      0.00      0.00      0.60      0.00      0.00      0.00      0.00      0.00
05:42:58 PM      0.00      0.00      0.00      0.00      4.00      0.00      0.00      0.00      0.00      0.00
05:43:03 PM      0.00     38.40      0.00      0.00      4.00      0.00      0.00      0.00      0.00      0.00
05:43:08 PM      0.00    124.00      0.00      0.00      3.80      0.00      0.00      0.00      0.00      0.00
05:43:13 PM      0.00      4.80      0.00      0.00      4.00      0.00      0.00      0.00      0.00      0.00
05:43:18 PM      0.00      0.00      0.00      0.00      3.80      0.00      0.00      0.00      0.00      0.00
05:43:23 PM      0.00      0.00      0.00      0.00      0.60      0.00      0.00      0.00      0.00      0.00
05:43:28 PM      0.00      0.00      0.00      0.00      4.20      0.00      0.00      0.00      0.00      0.00
05:43:33 PM      0.00      0.00      0.00      0.00      7.40      0.00      0.00      0.00      0.00      0.00
05:43:38 PM      0.00     38.40      0.00      0.00      4.00      0.00      0.00      0.00      0.00      0.00
05:43:43 PM      0.00    124.00      0.00      0.00      3.80      0.00      0.00      0.00      0.00      0.00
05:43:48 PM      0.00      4.00      0.00      0.00      4.20      0.00      0.00      0.00      0.00      0.00
05:43:53 PM      0.00      0.00      0.00      0.00      0.40      0.00      0.00      0.00      0.00      0.00
05:43:58 PM      0.00      0.00      0.00      0.00      4.20      0.00      0.00      0.00      0.00      0.00
05:44:03 PM      0.00      0.00      0.00      0.00      3.80      0.00      0.00      0.00      0.00      0.00
05:44:08 PM      0.00      0.00    285.20      0.00    219.00      0.00      0.00      0.00      0.00      0.00
05:44:13 PM      0.00     38.40      0.00      0.00      3.80      0.00      0.00      0.00      0.00      0.00
05:44:18 PM      0.00    104.80      0.00      0.00      3.80      0.00      0.00      0.00      0.00      0.00
05:44:23 PM      0.00      4.80      0.00      0.00      0.60      0.00      0.00      0.00      0.00      0.00
05:44:28 PM      0.00      0.00      0.00      0.00      4.00      0.00      0.00      0.00      0.00      0.00
05:44:33 PM      0.00      0.00      0.00      0.00      4.20      0.00      0.00      0.00      0.00      0.00
05:44:38 PM      0.00      0.00      0.00      0.00      3.80      0.00      0.00      0.00      0.00      0.00
05:44:43 PM      0.00      0.00      0.00      0.00      4.00      0.00      0.00      0.00      0.00      0.00
05:44:48 PM      0.00     38.40      0.00      0.00      3.80      0.00      0.00      0.00      0.00      0.00
05:44:53 PM      0.00    124.00      0.00      0.00      0.60      0.00      0.00      0.00      0.00      0.00
05:44:58 PM      0.00      4.00      0.00      0.00      4.00      0.00      0.00      0.00      0.00      0.00
05:45:03 PM      0.00      0.00      0.00      0.00      3.80      0.00      0.00      0.00      0.00      0.00
05:45:08 PM      0.00      0.00      0.00      0.00      4.00      0.00      0.00      0.00      0.00      0.00
05:45:13 PM      0.00      0.00      0.00      0.00      3.80      0.00      0.00      0.00      0.00      0.00
05:45:18 PM      0.00      0.00      0.00      0.00      4.00      0.00      0.00      0.00      0.00      0.00
05:45:23 PM      0.00     38.40      0.00      0.00      0.40      0.00      0.00      0.00      0.00      0.00
05:45:28 PM      0.00    104.80      0.00      0.00      4.20      0.00      0.00      0.00      0.00      0.00
05:45:33 PM      0.00      5.60      0.00      0.00      4.00      0.00      0.00      0.00      0.00      0.00
05:45:38 PM      0.00      0.00      0.00      0.00      3.80      0.00      0.00      0.00      0.00      0.00
05:45:43 PM      0.00      0.00      0.00      0.00      4.00      0.00      0.00      0.00      0.00      0.00
05:45:48 PM      0.00      0.00      0.00      0.00      3.80      0.00      0.00      0.00      0.00      0.00
05:45:53 PM      0.00      0.00      0.00      0.00      0.60      0.00      0.00      0.00      0.00      0.00
05:45:58 PM      0.00     38.40      0.00      0.00      4.00      0.00      0.00      0.00      0.00      0.00
05:46:03 PM      0.00    124.00      0.00      0.00      4.00      0.00      0.00      0.00      0.00      0.00
05:46:08 PM      0.00      4.00      0.00      0.00      3.80      0.00      0.00      0.00      0.00      0.00
05:46:13 PM      0.00      0.00      0.00      0.00      4.00      0.00      0.00      0.00      0.00      0.00
05:46:18 PM      0.00      0.00      0.00      0.00      3.80      0.00      0.00      0.00      0.00      0.00
05:46:23 PM      0.00      0.00      0.00      0.00      0.40      0.00      0.00      0.00      0.00      0.00
05:46:28 PM      0.00      0.00    544.00      0.00      4.20      0.00      0.00      0.00      0.00      0.00
05:46:33 PM      0.00     38.40      0.00      0.00      4.00      0.00      0.00      0.00      0.00      0.00
05:46:38 PM      0.00     98.40      0.00      0.00      4.00      0.00      0.00      0.00      0.00      0.00
05:46:43 PM      0.00      4.79      0.00      0.00      3.79      0.00      0.00      0.00      0.00      0.00
05:46:48 PM      0.00      0.00      0.00      0.00      4.00      0.00      0.00      0.00      0.00      0.00
05:46:53 PM      0.00      0.00      0.00      0.00      0.40      0.00      0.00      0.00      0.00      0.00
05:46:58 PM      0.00      0.00    399.60      0.00      4.80      0.00      0.00      0.00      0.00      0.00
05:47:03 PM      0.00      0.00      0.00      0.00      4.20      0.00      0.00      0.00      0.00      0.00
05:47:08 PM      0.00     38.40      0.00      0.00      4.20      0.00      0.00      0.00      0.00      0.00
05:47:13 PM      0.00    130.40      5.40      0.00      4.40      0.00      0.00      0.00      0.00      0.00
05:47:18 PM      0.00      4.80      0.00      0.00      4.20      0.00      0.00      0.00      0.00      0.00
05:47:23 PM      0.00     35.20      5.20      0.00      1.80      0.00      0.00      0.00      0.00      0.00
05:47:28 PM     31.20 208721.60  52438.80      7.80  54942.60 127197.40 141668.00  54846.00      0.00      0.00
05:47:33 PM      6.40      0.00      0.00      0.00      4.60      0.00      0.00      0.00      0.00      0.00
05:47:38 PM      0.80      0.00      0.20      0.20      5.20      0.00      0.00      0.00      0.00      0.00
05:47:43 PM      4.80    234.40      0.40      0.40      7.00      0.00      0.00      0.00      0.00      0.00
05:47:48 PM      0.00      0.00      0.00      0.00      3.80      0.00      0.00      0.00      0.00      0.00
05:47:53 PM      0.00      4.00      0.60      0.00      0.40      0.00      0.00      0.00      0.00      0.00
05:47:58 PM      0.00      0.00      0.00      0.00      4.20      0.00      0.00      0.00      0.00      0.00
05:48:03 PM      0.00      0.00      0.00      0.00      3.80      0.00      0.00      0.00      0.00      0.00
05:48:08 PM      0.00      0.00      0.00      0.00      4.00      0.00      0.00      0.00      0.00      0.00
05:48:13 PM      0.00     38.40      0.00      0.00      3.80      0.00      0.00      0.00      0.00      0.00
05:48:18 PM      0.00      0.00      0.00      0.00      4.00      0.00      0.00      0.00      0.00      0.00
05:48:23 PM      0.00    117.60      0.00      0.00      0.40      0.00      0.00      0.00      0.00      0.00
05:48:28 PM 152403.20 151347.20  38100.00  38100.20  38326.20  39758.40    235.00  38315.80      0.00      0.00
05:48:33 PM     40.80      0.00      0.60      0.40      7.40      0.00      0.00      0.00      0.00      0.00
05:48:38 PM      0.00      0.00      0.00      0.00      4.00      0.00      0.00      0.00      0.00      0.00
05:48:43 PM      0.00      0.00      0.00      0.00      4.00      0.00      0.00      0.00      0.00      0.00
05:48:48 PM      0.00      0.00      0.00      0.00      3.80      0.00      0.00      0.00      0.00      0.00
05:48:53 PM      0.00     38.40      0.00      0.00      0.60      0.00      0.00      0.00      0.00      0.00
05:48:58 PM 175428.00 146472.00  43481.60  43481.00  45364.20  84768.20    320.00  45224.20      0.00      0.00
05:49:03 PM     85.60      4.80      1.00      0.80      4.00      0.00      0.00      0.00      0.00      0.00
05:49:08 PM    697.60      0.00    296.20     23.60    300.40      0.00      0.00      0.00      0.00      0.00
05:49:13 PM   1688.00      0.00      3.20      2.00      3.80      0.00      0.00      0.00      0.00      0.00
05:49:18 PM    502.40      0.00      2.00     62.40    722.20      0.00      0.00      0.00      0.00      0.00
05:49:23 PM      0.00      0.00      0.00      0.00      0.40      0.00      0.00      0.00      0.00      0.00
05:49:28 PM 222052.80 229926.40  55461.00  55508.20  58441.80  63242.60    667.40  57728.60      0.00      0.00
05:49:33 PM    236.80 131599.20      1.00      0.80  32874.20      0.00      0.00      0.00      0.00      0.00
05:49:38 PM    127.20      7.20      1.20     31.00    312.00      0.00      0.00      0.00      0.00      0.00
05:49:43 PM      4.00      0.00      1.00      1.00      3.80      0.00      0.00      0.00      0.00      0.00
05:49:48 PM    201.60      0.00      0.00     50.40    517.00      0.00      0.00      0.00      0.00      0.00
05:49:53 PM      0.00      0.00      0.00      0.00      0.40      0.00      0.00      0.00      0.00      0.00
05:49:58 PM 174496.00  40672.00  43586.60  43622.80  11025.40 116775.20      0.00  10239.20      0.00      0.00
05:50:03 PM      0.00     44.80      0.00      0.00      4.00      0.00      0.00      0.00      0.00      0.00
05:50:08 PM    244.00    117.60      0.00     58.60    619.40      0.00      0.00      0.00      0.00      0.00
05:50:13 PM      0.00      4.00      0.00      0.00      4.00      0.00      0.00      0.00      0.00      0.00
05:50:18 PM    215.20      0.00      0.40     52.60    516.80      0.00      0.00      0.00      0.00      0.00
05:50:23 PM      0.00      0.00      0.00      0.00      0.60      0.00      0.00      0.00      0.00      0.00
05:50:28 PM 123028.00 118238.40  30825.40  30825.40  32175.20  34858.20     25.60  30418.20      0.00      0.00
05:50:33 PM     33.60      0.00      1.00      1.00      4.00      0.00      0.00      0.00      0.00      0.00
05:50:38 PM     58.40     38.40      1.00      1.00      4.00      0.00      0.00      0.00      0.00      0.00
05:50:43 PM      0.00    117.60      0.00      0.00      3.80      0.00      0.00      0.00      0.00      0.00
05:50:48 PM      0.00      4.00      0.00      0.00      4.00      0.00      0.00      0.00      0.00      0.00
05:50:53 PM      0.00      0.00      0.00      0.00      0.40      0.00      0.00      0.00      0.00      0.00
05:50:58 PM 116115.20 113591.20  29019.40  29074.80  29556.80  36969.60     27.20  28629.20      0.00      0.00
05:51:03 PM     16.00      0.00      0.40      0.20      3.80      0.00      0.00      0.00      0.00      0.00
05:51:08 PM    172.00      0.00      1.00     43.00    456.40      0.00      0.00      0.00      0.00      0.00
05:51:13 PM    466.40     38.40    122.20    122.00      8.60      0.00      0.00      0.00      0.00      0.00
05:51:18 PM    289.60     98.40      1.80     71.60   1139.00      0.00      0.00      0.00      0.00      0.00
05:51:23 PM      0.00      4.00      0.00      0.00      0.40      0.00      0.00      0.00      0.00      0.00
05:51:28 PM  96875.20  81555.20  23803.60  23802.60  22578.20 151792.00     29.00  22369.60      0.00      0.00
05:51:33 PM     13.60      0.00      0.80      0.60      4.00      0.00      0.00      0.00      0.00      0.00
05:51:38 PM     39.20      0.00      1.00      0.60      3.80      0.00      0.00      0.00      0.00      0.00
05:51:43 PM      0.00      0.00      0.00      0.00      5.00      0.00      0.00      0.00      0.00      0.00
05:51:48 PM      0.00     38.40      0.00      0.00      3.80      0.00      0.00      0.00      0.00      0.00
05:51:53 PM      0.00    117.60      0.00      0.00      0.60      0.00      0.00      0.00      0.00      0.00
05:51:58 PM   5520.80  20008.00    350.40    328.60   5179.60   5728.40      0.00   5148.00      0.00      0.00
05:52:03 PM    140.00      0.00      2.00      1.00      4.20      0.00      0.00      0.00      0.00      0.00
05:52:08 PM    485.60      0.00      8.80      6.20      4.40      0.00      0.00      0.00      0.00      0.00
05:52:13 PM   1531.20      0.00     35.60     11.80      6.00      0.00      0.00      0.00      0.00      0.00
05:52:18 PM      7.20      0.00      2.60      1.80      4.40      0.00      0.00      0.00      0.00      0.00
05:52:23 PM    106.40    120.80      1.40      0.20      1.60      0.00      0.00      0.00      0.00      0.00
05:52:28 PM  72611.20  60389.60  18192.00  18191.60  15342.00  20575.00      0.00  15235.60      0.00      0.00
05:52:33 PM    164.80     14.40      6.60     40.60    415.40      0.00      0.00      0.00      0.00      0.00
05:52:38 PM     25.60      0.00      1.20      0.60      4.00      0.00      0.00      0.00      0.00      0.00
05:52:43 PM    890.40  10987.20     26.00     60.80   3166.40   3410.60      0.00   2750.60      0.00      0.00
05:52:48 PM      0.00      0.00      0.00      0.00      3.80      0.00      0.00      0.00      0.00      0.00
05:52:53 PM    211.20      0.00      1.00     52.80    513.60      0.00      0.00      0.00      0.00      0.00
05:52:58 PM 104480.80 102212.00  26123.40  26122.00  27506.60  81434.80    911.80  27410.20      0.00      0.00
05:53:03 PM     28.00     27.20      0.60      0.40      4.00      0.00      0.00      0.00      0.00      0.00
05:53:08 PM    117.60      0.00      0.60      0.40      3.80      0.00      0.00      0.00      0.00      0.00
05:53:13 PM    392.80      0.00    112.40    105.20      6.20      0.00      0.00      0.00      0.00      0.00
05:53:18 PM      0.00      0.00      0.00      0.00      3.80      0.00      0.00      0.00      0.00      0.00
05:53:23 PM      0.00      0.00      0.00      0.00      0.60      0.00      0.00      0.00      0.00      0.00
05:53:28 PM  77458.40  76016.00  18795.40  18794.60  19648.40 167018.60      0.00  19581.60      0.00      0.00
05:53:33 PM   5166.40    117.60     90.00     51.40     13.40      0.00      0.00      0.00      0.00      0.00
05:53:38 PM      1.60      4.00      1.20      0.40      4.00      0.00      0.00      0.00      0.00      0.00
05:53:43 PM      0.00      0.00      0.00      0.00      4.00      0.00      0.00      0.00      0.00      0.00
05:53:48 PM      0.00      0.00      0.40      0.00      4.00      0.00      0.00      0.00      0.00      0.00
05:53:53 PM      0.80      0.00      0.20      0.20      0.40      0.00      0.00      0.00      0.00      0.00
05:53:58 PM  10535.20  20276.00   2633.00   2632.60   5085.00   5069.00      0.00   5069.00      0.00      0.00
05:54:03 PM      0.00     38.40      0.00      0.00      3.80      0.00      0.00      0.00      0.00      0.00
05:54:08 PM      3.20    117.60      0.00      0.00      4.00      0.00      0.00      0.00      0.00      0.00
05:54:13 PM   2600.00      4.00    325.40     38.00    258.80      0.00      0.00      0.00      0.00      0.00
05:54:18 PM      0.00      0.00      0.00      0.00      3.80      0.00      0.00      0.00      0.00      0.00
05:54:23 PM      0.00      0.00      0.00      0.00      0.60      0.00      0.00      0.00      0.00      0.00
05:54:28 PM  67089.60  48134.40  16573.80  16572.80  13715.60 126353.80    576.80  13538.20      0.00      0.00
05:54:33 PM    931.20      0.00     10.60     35.80    312.00      0.00      0.00      0.00      0.00      0.00
05:54:38 PM   1576.80  14085.60     23.20     22.00   3558.20   5074.40      0.00   3553.60      0.00      0.00
05:54:43 PM    176.80     98.40      1.40     43.40    517.20      0.00      0.00      0.00      0.00      0.00
05:54:48 PM      2.40      4.80      1.00      0.60      3.80      0.00      0.00      0.00      0.00      0.00
05:54:53 PM    192.00    200.00      1.00     48.00    563.40      0.00      0.00     50.00      0.00      0.00
05:54:58 PM  24844.00  17542.40   6189.20   6189.00   4750.20   5583.40      0.00   4411.40      0.00      0.00
05:55:03 PM      0.00      0.00      0.00      0.00      3.80      0.00      0.00      0.00      0.00      0.00
05:55:08 PM    149.60      0.00      0.00     37.40    414.40      0.00      0.00      0.00      0.00      0.00
05:55:13 PM   1971.20     38.40     28.20     10.60      4.80      0.00      0.00      0.00      0.00      0.00
05:55:18 PM    192.80    117.60      0.20     46.60    627.80      0.00      0.00      0.00      0.00      0.00
05:55:23 PM      0.00      5.60      0.00      0.00      0.60      0.00      0.00      0.00      0.00      0.00
05:55:28 PM  73040.00  73913.60  18334.40  18367.80  19984.60  45754.20     25.60  18997.60      0.00      0.00
05:55:33 PM     15.20      0.00      0.60      0.60      4.00      0.00      0.00      0.00      0.00      0.00
05:55:38 PM      1.60      0.00      0.40      0.40      3.80      0.00      0.00      0.00      0.00      0.00
05:55:43 PM      1.60      0.00      0.40      0.40      4.00      0.00      0.00      0.00      0.00      0.00
05:55:48 PM      1.60     38.40      0.40      0.40      4.00      0.00      0.00      0.00      0.00      0.00
05:55:53 PM      6.40     98.40      0.00      0.00      0.80      0.00      0.00      0.00      0.00      0.00
05:55:58 PM  56463.20  56540.80  14110.40  14108.60  15102.00  16696.20    178.40  14956.80      0.00      0.00
05:56:03 PM     41.60      0.00      5.00      2.40      8.60      0.00      0.00      0.00      0.00      0.00
05:56:08 PM      6.40      0.00      0.00      0.00      3.80      0.00      0.00      0.00      0.00      0.00
05:56:13 PM      1.60      0.00      0.40      0.40      4.00      0.00      0.00      0.00      0.00      0.00
05:56:18 PM      5.60      0.00      1.40      1.40      3.80      0.00      0.00      0.00      0.00      0.00
05:56:23 PM      0.00      0.00      0.00      0.00      0.40      0.00      0.00      0.00      0.00      0.00
05:56:28 PM  10564.80  20308.80   2627.80   2627.60   5084.20   5087.60      0.00   5079.40      0.00      0.00
05:56:33 PM      3.20      4.00      0.80      0.80      3.80      0.00      0.00      0.00      0.00      0.00
05:56:38 PM    212.00      0.00      2.20     53.00    619.60      0.00      0.00      0.00      0.00      0.00
05:56:43 PM     16.80      0.00      4.20      4.20      3.80      0.00      0.00      0.00      0.00      0.00
05:56:48 PM    138.40      0.00      1.00     34.60    630.40      0.00      0.00      0.00      0.00      0.00
05:56:53 PM      0.00      0.00      0.00      0.00      0.40      0.00      0.00      0.00      0.00      0.00
05:56:58 PM  28253.60   5924.00   5897.80   5923.00   3392.00   2842.40      0.00   2558.60      0.00      0.00
05:57:03 PM    910.40     98.40      6.40      5.20      4.20      0.00      0.00      0.00      0.00      0.00
05:57:08 PM    707.20  13635.20      8.00     58.00   4116.20   6941.80      0.00   3598.80      0.00      0.00
05:57:13 PM   2706.40      0.00    213.00    172.20     62.40      0.00      0.00      0.00      0.00      0.00
05:57:18 PM     76.00      0.00      1.20     19.00    819.00      0.00      0.00      0.00      0.00      0.00
05:57:23 PM      0.00      0.00      0.20      0.00      0.80      0.00      0.00      0.00      0.00      0.00
05:57:28 PM  44610.40  37909.60  11143.40  11159.40  10762.80  14163.40      0.00  10061.20      0.00      0.00
05:57:33 PM    753.60    106.40     14.60     11.40     12.40      0.00      0.00      0.00      0.00      0.00
05:57:38 PM    541.60    143.20      2.80     40.00    793.40      0.00      0.00      0.00      0.00      0.00
05:57:43 PM   1205.60      4.00     30.60     21.80     25.60      0.00      0.00      0.00      0.00      0.00
05:57:48 PM    148.00      0.00      0.60     37.00    832.20      0.00      0.00      0.00      0.00      0.00
05:57:53 PM      0.00      0.00      0.00      0.00      0.40      0.00      0.00      0.00      0.00      0.00
05:57:58 PM  32066.40  25304.80   8013.40   8012.20   6751.60  72581.20    241.40   6702.00      0.00      0.00
05:58:03 PM      7.20      0.00      0.00      0.00      3.80      0.00      0.00      0.00      0.00      0.00
05:58:08 PM      0.00      0.00      0.00      0.00      4.00      0.00      0.00      0.00      0.00      0.00
05:58:13 PM      0.00     98.40      0.00      0.00      3.80      0.00      0.00      0.00      0.00      0.00
05:58:18 PM      0.00      0.00      0.00      0.00      4.00      0.00      0.00      0.00      0.00      0.00
05:58:23 PM      0.00      0.00      0.00      0.00      0.40      0.00      0.00      0.00      0.00      0.00
05:58:28 PM  13407.20  25426.40   3335.40   3352.00   7333.00   7376.40      0.00   7018.00      0.00      0.00
05:58:33 PM   4048.00      0.00     43.60     27.00     13.20      0.00      0.00      0.00      0.00      0.00
05:58:38 PM      0.80      0.00      0.40      0.20      4.00      0.00      0.00      0.00      0.00      0.00
05:58:43 PM      2.40      0.00      0.60      0.60      4.00      0.00      0.00      0.00      0.00      0.00
05:58:48 PM      0.00      0.00      0.20      0.00      5.40      0.00      0.00      0.00      0.00      0.00
05:58:53 PM    186.40    407.20      1.60     46.60   1112.00      0.00      0.00    102.60      0.00      0.00
05:58:58 PM  21673.60  28594.40   5418.60   5418.60   7936.40   9053.00      0.00   7914.40      0.00      0.00
05:59:03 PM      3.20    108.80      0.00      0.00      4.00      0.00      0.00      0.00      0.00      0.00
05:59:08 PM      0.00      0.00      0.00      0.00      3.79      0.00      0.00      0.00      0.00      0.00
05:59:13 PM   4843.20      0.00    459.80    146.80    426.40      0.00      0.00      0.00      0.00      0.00
05:59:18 PM      0.00      0.00      0.00      0.00      4.00      0.00      0.00      0.00      0.00      0.00
05:59:23 PM      0.00      0.00      0.00      0.00      0.40      0.00      0.00      0.00      0.00      0.00
05:59:28 PM  95193.60  82318.40  23635.60  23635.60  21790.80  37661.80      0.00  21702.00      0.00      0.00
05:59:33 PM      2.40     85.60      0.60      0.60      3.80      0.00      0.00      0.00      0.00      0.00
05:59:38 PM    317.60      4.00      2.60      1.40      4.00      0.00      0.00      0.00      0.00      0.00
05:59:43 PM      2.40      0.00      0.60      0.60      3.80      0.00      0.00      0.00      0.00      0.00
05:59:48 PM      0.00      0.00      0.00      0.00      4.00      0.00      0.00      0.00      0.00      0.00
05:59:53 PM      0.00      0.00      0.00      0.00      0.60      0.00      0.00      0.00      0.00      0.00
05:59:58 PM  73312.00  80945.60  18323.40  18320.00  20932.40 170252.60   1723.20  20798.40      0.00      0.00
06:00:03 PM    149.60      0.00      7.60      1.60      5.20      0.00      0.00      0.00      0.00      0.00
06:00:08 PM     12.00    136.80      1.40      1.40      3.80      0.00      0.00      0.00      0.00      0.00
06:00:13 PM   1475.20      4.80      9.20      9.20      7.80      0.00      0.00      0.00      0.00      0.00
06:00:18 PM      0.00      0.00      0.00      0.00      3.80      0.00      0.00      0.00      0.00      0.00
06:00:23 PM      0.00      0.00      0.00      0.00      0.60      0.00      0.00      0.00      0.00      0.00
06:00:28 PM  40692.00  44928.80  10182.00  10181.80  11725.40  18274.40      0.00  11694.40      0.00      0.00
06:00:33 PM    120.00      0.00      0.60     30.00    311.80      0.00      0.00      0.00      0.00      0.00
06:00:38 PM     66.40     32.00      0.60      0.40      3.80      0.00      0.00      0.00      0.00      0.00
06:00:43 PM    190.40     85.60      1.00     47.60    516.80      0.00      0.00      0.00      0.00      0.00
06:00:48 PM      0.80      5.60      0.20      0.20      4.00      0.00      0.00      0.00      0.00      0.00
06:00:53 PM     70.40      0.00      0.40     17.60    205.80      0.00      0.00      0.00      0.00      0.00
06:00:58 PM  35493.60  31171.20   8876.00   8876.00   8929.80  11541.00     42.00   8843.60      0.00      0.00
06:01:03 PM     12.80      0.00      0.00      0.00      3.80      0.00      0.00      0.00      0.00      0.00
06:01:08 PM      0.00      0.00      0.00      0.00      4.00      0.00      0.00      0.00      0.00      0.00
06:01:13 PM   3569.60     32.00    207.40    187.80     45.40      0.00      0.00      0.00      0.00      0.00
06:01:18 PM      6.40    104.80      0.00      0.00      3.80      0.00      0.00      0.00      0.00      0.00
06:01:23 PM      0.00      4.00      0.00      0.00      0.60      0.00      0.00      0.00      0.00      0.00
06:01:28 PM  83945.60  77105.60  20831.40  20830.60  19814.00  91401.00      0.00  19712.60      0.00      0.00
06:01:33 PM    340.00      0.00     75.80     73.20     11.60      0.00      0.00      0.00      0.00      0.00
06:01:38 PM   1180.80      0.00      2.80      1.60      3.80      0.00      0.00      0.00      0.00      0.00
06:01:43 PM      4.00      0.00      1.00      1.00      4.00      0.00      0.00      0.00      0.00      0.00
06:01:48 PM      0.00     32.00      0.00      0.00      3.80      0.00      0.00      0.00      0.00      0.00
06:01:53 PM     12.80     85.60      0.00      0.00      0.80      0.00      0.00      0.00      0.00      0.00
06:01:58 PM  27118.40  40200.80   6032.00   6009.20  10534.40  98481.00      0.00  10479.20      0.00      0.00
06:02:03 PM   1440.80      0.00      9.20      8.20      4.20      0.00      0.00      0.00      0.00      0.00
06:02:08 PM    578.40      0.00     19.20     16.80      6.20      0.00      0.00      0.00      0.00      0.00
06:02:13 PM   1141.60      0.00     58.60     33.60     13.60      0.00      0.00      0.00      0.00      0.00
06:02:18 PM      8.80      0.00      3.80      3.60      4.40      0.00      0.00      0.00      0.00      0.00
06:02:23 PM      0.00     70.40      0.40      0.00      0.60      0.00      0.00      0.00      0.00      0.00
06:02:28 PM  77671.20  64728.80  19417.60  19414.80  16281.80  26154.80   1039.80  16199.80      0.00      0.00
06:02:33 PM   1570.40  10509.60    340.00    333.80   2652.80   2613.20      0.00   2626.00      0.00      0.00
06:02:38 PM    174.40      0.00      2.80     43.60    517.20      0.00      0.00      0.00      0.00      0.00
06:02:43 PM    629.60      0.00     23.40     15.60      4.40      0.00      0.00      0.00      0.00      0.00
06:02:48 PM    105.60      0.00      0.60     26.40    311.60      0.00      0.00      0.00      0.00      0.00
06:02:53 PM      2.40      0.00      0.60      0.60      0.60      0.00      0.00      0.00      0.00      0.00
06:02:58 PM  72616.80  54033.60  18132.20  18154.40  15784.60  41612.80     16.00  15371.00      0.00      0.00
06:03:03 PM   1033.60    130.40    247.60    245.20     28.20      0.00      0.00      0.00      0.00      0.00
06:03:08 PM   1040.00      0.00      1.60      0.60      8.60      0.00      0.00      0.00      0.00      0.00
06:03:13 PM   3924.00  14779.20    218.00    199.00   3771.60   3997.20      0.00   3708.80      0.00      0.00
06:03:18 PM      0.00      0.00      0.00      0.00      3.80      0.00      0.00      0.00      0.00      0.00
06:03:23 PM      0.00      0.00      0.00      0.00      0.60      0.00      0.00      0.00      0.00      0.00
06:03:28 PM  49030.40  39188.00  12276.60  12276.40  10593.20  13834.80      0.00  10528.80      0.00      0.00
06:03:33 PM   5836.00  21127.20    872.20    842.80   5321.80   9838.00      0.00   5296.60      0.00      0.00
06:03:38 PM    955.20      0.00      0.60      0.60      4.00      0.00      0.00      0.00      0.00      0.00
06:03:43 PM      4.00    104.80      0.20      0.20      3.80      0.00      0.00      0.00      0.00      0.00
06:03:48 PM      0.00      0.00      0.00      0.00      4.00      0.00      0.00      0.00      0.00      0.00
06:03:53 PM      0.00      0.00      0.00      0.00      0.40      0.00      0.00      0.00      0.00      0.00
06:03:58 PM  13583.20      0.00   3396.60   3394.60     41.60      0.00      0.00      0.00      0.00      0.00
06:04:03 PM      0.00      0.00      0.00      0.00      3.80      0.00      0.00      0.00      0.00      0.00
06:04:08 PM      3.20      5.60      0.00      0.00      3.80      0.00      0.00      0.00      0.00      0.00
06:04:13 PM   2420.00      0.00    333.20     39.80    135.60      0.00      0.00      0.00      0.00      0.00
06:04:18 PM      0.00      0.00      0.00      0.00      3.80      0.00      0.00      0.00      0.00      0.00
06:04:23 PM      0.00      0.00      0.00      0.00      0.60      0.00      0.00      0.00      0.00      0.00
06:04:28 PM  38786.40  36374.40   9707.00   9707.20   9174.00  13269.00    347.20   9158.60      0.00      0.00
06:04:33 PM  12820.00  13504.80   3219.20   3218.60   4157.20   5927.40      0.00   4111.80      0.00      0.00
06:04:38 PM     64.00    104.80      2.00     15.20    209.00      0.00      0.00      0.00      0.00      0.00
06:04:43 PM      4.00      0.00      1.00      1.00      4.00      0.00      0.00      0.00      0.00      0.00
06:04:48 PM     96.00      0.00      1.20     24.00    311.60      0.00      0.00      0.00      0.00      0.00
06:04:53 PM      0.00      0.00      0.00      0.00      0.40      0.00      0.00      0.00      0.00      0.00
06:04:58 PM  38199.20  33150.40   9521.40   9568.20   9610.20  51693.80      0.00   8882.80      0.00      0.00
06:05:03 PM  43472.80  50319.20  10890.00  10890.00  13145.60  15255.80     28.60  13070.80      0.00      0.00
06:05:08 PM      4.00      4.80      0.20      0.20      4.00      0.00      0.00      0.00      0.00      0.00
06:05:13 PM   3371.20      0.00    238.00    226.40     56.80      0.00      0.00      0.00      0.00      0.00
06:05:18 PM      0.00      0.00      0.00      0.00      4.00      0.00      0.00      0.00      0.00      0.00
06:05:23 PM      0.00      0.00      0.00      0.00      0.40      0.00      0.00      0.00      0.00      0.00
06:05:28 PM  13406.40  14193.60   3342.40   3342.40   3678.80   4160.40      0.00   3672.40      0.00      0.00
06:05:33 PM   2559.20      0.00    625.00    625.00     24.60      0.00      0.00      0.00      0.00      0.00
06:05:38 PM     16.00    200.80      0.00      0.00      3.80      0.00      0.00      0.00      0.00      0.00
06:05:43 PM      0.00      4.00      0.00      0.00      4.00      0.00      0.00      0.00      0.00      0.00
06:05:48 PM      0.00      0.00      0.00      0.00      3.80      0.00      0.00      0.00      0.00      0.00
06:05:53 PM      0.00      0.00      0.00      0.00      1.40      0.00      0.00      0.00      0.00      0.00
06:05:58 PM  14036.80   4281.60   3509.60   3509.20   1855.20   2029.40      9.20   1845.00      0.00      0.00
06:06:03 PM  23646.40  27868.80   5730.00   5729.80   7713.00   8643.60      0.00   7641.20      0.00      0.00
06:06:08 PM      3.20      0.00      0.20      0.20      3.80      0.00      0.00      0.00      0.00      0.00
06:06:13 PM    796.00    104.80      1.40      0.60      4.00      0.00      0.00      0.00      0.00      0.00
06:06:18 PM      0.00      0.00      0.40      0.00      3.80      0.00      0.00      0.00      0.00      0.00
06:06:23 PM      0.00      0.00      0.00      0.00      0.40      0.00      0.00      0.00      0.00      0.00
06:06:28 PM   4748.80   2060.00   1193.00   1192.40    529.40    569.20      0.00    524.60      0.00      0.00
06:06:33 PM  17669.60  18104.80   4388.20   4425.40   5168.40   5531.20      0.00   4694.20      0.00      0.00
06:06:38 PM     76.00      0.00      0.60      0.60      4.00      0.00      0.00      0.00      0.00      0.00
06:06:43 PM    108.80      0.00      2.40     18.80    209.00      0.00      0.00      0.00      0.00      0.00
06:06:48 PM      0.00      0.00      0.00      0.00      4.00      0.00      0.00      0.00      0.00      0.00
06:06:53 PM   5294.40  21524.00   1088.80   1126.80   5829.40   6203.00      0.00   5416.60      0.00      0.00
06:06:58 PM   4545.60      0.00     98.40     71.20     20.40      0.00      0.00      0.00      0.00      0.00
06:07:03 PM  36662.40  26145.60   9165.20   9164.00   6557.20   9054.60      0.00   6523.20      0.00      0.00
06:07:08 PM    492.80      0.00     12.00     10.80      4.20      0.00      0.00      0.00      0.00      0.00
06:07:13 PM   2555.20  16469.60    257.80    223.60   4141.20   5085.60      0.00   4120.20      0.00      0.00
06:07:18 PM      4.00      0.00      1.00      1.00      4.40      0.00      0.00      0.00      0.00      0.00
06:07:23 PM      0.00      0.00      0.40      0.00      1.20      0.00      0.00      0.00      0.00      0.00
06:07:28 PM      0.80      4.00      0.20      0.20      4.00      0.00      0.00      0.00      0.00      0.00
06:07:33 PM  65504.80  54205.60  16198.40  16195.60  13890.60  52329.20     23.40  13813.20      0.00      0.00
06:07:38 PM     69.60     64.00      2.20      1.80      4.20      0.00      0.00      0.00      0.00      0.00
06:07:43 PM    512.80    124.00     22.40     14.60      5.40      0.00      0.00      0.00      0.00      0.00
06:07:48 PM      0.00      0.00      0.00      0.00      4.00      0.00      0.00      0.00      0.00      0.00
06:07:53 PM      0.00      0.00      0.00      0.00      0.40      0.00      0.00      0.00      0.00      0.00
06:07:58 PM      0.00      0.00      0.00      0.00      4.00      0.00      0.00      0.00      0.00      0.00
06:08:03 PM 100552.80  87902.40  25122.80  25120.00  24424.00 159465.20     25.60  24233.60      0.00      0.00
06:08:08 PM     16.00      0.00      2.00      0.00      4.00      0.00      0.00      0.00      0.00      0.00
06:08:13 PM   2428.00  21653.60      6.20      3.20   5517.60   7616.60      0.00   5507.40      0.00      0.00
06:08:18 PM    796.00      0.00      0.40      0.20      4.00      0.00      0.00      0.00      0.00      0.00
06:08:23 PM     34.40    104.80      0.60      0.60      1.60      0.00      0.00      0.00      0.00      0.00
06:08:28 PM     28.80      0.00      0.60      0.20      3.80      0.00      0.00      0.00      0.00      0.00
06:08:33 PM  38063.20  21201.60   8609.20   8600.60   5614.40   5381.60      0.00   5359.00      0.00      0.00
06:08:38 PM      0.80      4.80      0.20      0.20      3.80      0.00      0.00      0.00      0.00      0.00
06:08:43 PM    140.00      0.00      5.20     35.00    517.80      0.00      0.00      0.00      0.00      0.00
06:08:48 PM    175.20      0.00      0.40      0.20      3.80      0.00      0.00      0.00      0.00      0.00
06:08:53 PM    206.40     32.00      2.00     51.60    936.80      0.00      0.00      0.00      0.00      0.00
06:08:58 PM      0.00      0.00      0.00      0.00      3.79      0.00      0.00      0.00      0.00      0.00
06:09:03 PM  24823.20  22238.40   6180.80   6213.40   6794.60   7601.00     19.80   6123.40      0.00      0.00
06:09:08 PM      1.60    104.80      0.40      0.40      3.80      0.00      0.00      0.00      0.00      0.00
06:09:13 PM   4306.40   8324.80    588.00    282.60   2383.80   2747.60      0.00   2089.00      0.00      0.00
06:09:18 PM    472.00      0.00      0.80      0.40     12.20      0.00      0.00      0.00      0.00      0.00
06:09:23 PM      0.00      0.00      0.00      0.00      0.40      0.00      0.00      0.00      0.00      0.00
06:09:28 PM      0.80      0.00      0.20      0.20      4.00      0.00      0.00      0.00      0.00      0.00
06:09:33 PM  21909.60  22704.80   5481.20   5481.00   6997.40   8888.40      0.00   6933.80      0.00      0.00
06:09:38 PM   1352.00     32.00      8.00      7.60      5.40      0.00      0.00      0.00      0.00      0.00
06:09:43 PM      9.60     85.60      0.80      0.80      4.00      0.00      0.00      0.00      0.00      0.00
06:09:48 PM      0.00      4.00      0.00      0.00      4.00      0.00      0.00      0.00      0.00      0.00
06:09:53 PM      0.00      0.00      0.00      0.00      0.40      0.00      0.00      0.00      0.00      0.00
06:09:58 PM      0.00      0.00      0.00      0.00      3.80      0.00      0.00      0.00      0.00      0.00
06:10:03 PM  51156.80  52088.80  12771.80  12769.60  14430.00  17850.60    294.40  14296.80      0.00      0.00
06:10:08 PM   2972.00      0.00     24.00     12.60     50.00      0.00      0.00      0.00      0.00      0.00
06:10:13 PM   1943.20     32.00      8.40      4.60      4.00      0.00      0.00      0.00      0.00      0.00
06:10:18 PM      0.00    104.80      0.00      0.00      3.80      0.00      0.00      0.00      0.00      0.00
06:10:23 PM      0.00      4.80      0.00      0.00      0.60      0.00      0.00      0.00      0.00      0.00
06:10:28 PM      0.80      0.00      0.60      0.20      3.80      0.00      0.00      0.00      0.00      0.00
06:10:33 PM  10056.00  16191.20   2511.40   2511.20   4060.40   4938.40      0.00   4053.20      0.00      0.00
06:10:38 PM    127.20      0.00      0.80      0.80      6.80      0.00      0.00      0.00      0.00      0.00
06:10:43 PM      0.00      0.00      0.00      0.00      3.80      0.00      0.00      0.00      0.00      0.00
06:10:48 PM      0.00     32.00      0.00      0.00      4.00      0.00      0.00      0.00      0.00      0.00
06:10:53 PM      0.00     85.60      0.00      0.00      0.40      0.00      0.00      0.00      0.00      0.00
06:10:58 PM      5.60      4.80      1.40      1.40      4.00      0.00      0.00      0.00      0.00      0.00
06:11:03 PM  54372.80  38871.20  13603.80  13603.60   9813.20  98586.60    115.20   9767.20      0.00      0.00
06:11:08 PM    543.20      0.00      3.00      2.80     15.80      0.00      0.00      0.00      0.00      0.00
06:11:13 PM    883.20  15258.40    232.60    216.40   3837.00   4835.80      0.00   3816.20      0.00      0.00
06:11:18 PM      0.00      0.00      0.00      0.00      4.60      0.00      0.00      0.00      0.00      0.00
06:11:23 PM      0.00      0.00      0.00      0.00      0.60      0.00      0.00      0.00      0.00      0.00
06:11:28 PM      0.00    104.80      0.00      0.00      4.60      0.00      0.00      0.00      0.00      0.00
06:11:33 PM  85597.60  81949.60  21416.40  21414.40  22266.00  31967.60      0.00  22118.60      0.00      0.00
06:11:38 PM    445.60      0.00      3.40      1.00     37.80      0.00      0.00      0.00      0.00      0.00
06:11:43 PM   1624.00      0.00      2.00      0.60      4.00      0.00      0.00      0.00      0.00      0.00
06:11:48 PM      0.00      0.00      0.00      0.00      3.80      0.00      0.00      0.00      0.00      0.00
06:11:53 PM   1157.60      0.00      6.00      1.60      0.60      0.00      0.00      0.00      0.00      0.00
06:11:58 PM   3428.00      0.00     71.60     45.40      6.00      0.00      0.00      0.00      0.00      0.00
06:12:03 PM  27751.20  18752.00   6923.80   6922.80   4911.00   6802.00      0.00   4862.60      0.00      0.00
06:12:08 PM    748.00      0.00      8.80      7.80      5.20      0.00      0.00      0.00      0.00      0.00
06:12:13 PM   2279.20  19947.20     68.40     42.80   5155.60   5267.60      0.00   5098.00      0.00      0.00
06:12:18 PM    274.40      0.00      7.20      6.80      4.40      0.00      0.00      0.00      0.00      0.00
06:12:23 PM    151.20      0.00      3.60      2.60      1.40      0.00      0.00      0.00      0.00      0.00
06:12:28 PM     14.40      0.00      4.20      3.80      6.40      0.00      0.00      0.00      0.00      0.00
06:12:33 PM  26769.60  20368.00   6667.20   6664.60   5104.40   5082.80      0.00   5076.20      0.00      0.00
06:12:38 PM      4.80      4.00      1.80      1.20      4.20      0.00      0.00      0.00      0.00      0.00
06:12:43 PM    600.00    130.40     27.00     19.40      5.20      0.00      0.00      0.00      0.00      0.00
06:12:48 PM      1.60      0.00      0.40      0.40      3.80      0.00      0.00      0.00      0.00      0.00
06:12:53 PM      0.00      0.00      0.00      0.00      0.60      0.00      0.00      0.00      0.00      0.00
06:12:58 PM      0.80      0.00      0.20      0.20      4.00      0.00      0.00      0.00      0.00      0.00
06:13:03 PM  76332.00  61153.60  19097.40  19095.80  16872.20  27891.40    139.20  16805.60      0.00      0.00
06:13:08 PM    224.80      0.00      6.00      1.40      3.80      0.00      0.00      0.00      0.00      0.00
06:13:13 PM   2774.40  20278.40    207.80    193.60   5117.00   5077.40      0.00   5077.40      0.00      0.00
06:13:18 PM      0.00      0.00      0.00      0.00      3.80      0.00      0.00      0.00      0.00      0.00
06:13:23 PM      0.00      0.00      0.00      0.00      0.40      0.00      0.00      0.00      0.00      0.00
06:13:28 PM      0.80      0.00      0.20      0.20      4.00      0.00      0.00      0.00      0.00      0.00
06:13:33 PM  64540.00  40052.00  14449.00  14418.20  11985.40  13405.00      0.00  11843.20      0.00      0.00
06:13:38 PM   6037.60  20387.20   1168.40   1165.60   5096.60   6492.80      0.00   5088.20      0.00      0.00
06:13:43 PM     17.60    111.20      1.20      1.20      3.80      0.00      0.00      0.00      0.00      0.00
06:13:48 PM     16.00      0.00      1.40      1.00      5.40      0.00      0.00      0.00      0.00      0.00
06:13:53 PM      0.00      0.00      0.00      0.00      0.40      0.00      0.00      0.00      0.00      0.00
06:13:58 PM     52.00      0.00      4.40      2.20      5.00      0.00      0.00      0.00      0.00      0.00
06:14:03 PM  10911.20      0.00   2696.40   2696.00     41.80      0.00      0.00      0.00      0.00      0.00
06:14:08 PM      0.00      0.00      0.00      0.00      3.80      0.00      0.00      0.00      0.00      0.00
06:14:13 PM   2000.80     36.80    341.60     40.20    190.80      0.00      0.00      0.00      0.00      0.00
06:14:18 PM      9.60      0.00      0.80      0.40      4.00      0.00      0.00      0.00      0.00      0.00
06:14:23 PM      0.00      0.00      0.00      0.00      0.60      0.00      0.00      0.00      0.00      0.00
06:14:28 PM      0.00      0.00      0.00      0.00      3.80      0.00      0.00      0.00      0.00      0.00
06:14:33 PM  54356.00  64465.60  13611.60  13611.40  16198.40  26491.20    589.20  16167.80      0.00      0.00
06:14:38 PM     30.40      0.00      1.00      0.20      3.80      0.00      0.00      0.00      0.00      0.00
06:14:43 PM      0.80     85.60      0.40      0.40      4.00      0.00      0.00      0.00      0.00      0.00
06:14:48 PM      0.00      4.80      0.00      0.00      3.80      0.00      0.00      0.00      0.00      0.00
06:14:53 PM      0.00      0.00      0.00      0.00      0.40      0.00      0.00      0.00      0.00      0.00
06:14:58 PM      0.80      0.00      0.20      0.20      4.00      0.00      0.00      0.00      0.00      0.00
06:15:03 PM  93517.60  76920.00  23376.60  23374.40  22096.60 204465.20     13.20  22009.00      0.00      0.00
06:15:08 PM    147.20      0.00      6.60      1.20      4.80      0.00      0.00      0.00      0.00      0.00
06:15:13 PM   3990.40     32.00    246.40    226.80     38.00      0.00      0.00      0.00      0.00      0.00
06:15:18 PM      8.80    104.80      0.60      0.60      4.00      0.00      0.00      0.00      0.00      0.00
06:15:23 PM      3.20      6.40      0.00      0.00      0.40      0.00      0.00      0.00      0.00      0.00
06:15:28 PM      3.20      0.00      0.80      0.80      4.00      0.00      0.00      0.00      0.00      0.00
06:15:33 PM  14237.60  16772.80   3487.20   3487.00   4237.00   4983.00      0.00   4224.20      0.00      0.00
06:15:38 PM    298.40      0.00      2.80      1.00      3.80      0.00      0.00      0.00      0.00      0.00
06:15:43 PM      0.80      0.00      0.20      0.20      4.80      0.00      0.00      0.00      0.00      0.00
06:15:48 PM      0.80     32.00      0.60      0.20      3.80      0.00      0.00      0.00      0.00      0.00
Average:      4836.42   4894.31   1240.26   1159.98   1343.66   3635.17    207.40   1239.56      0.00      0.00
