Linux 7.0.10-arch1-1 (archlinux) 	05/28/2026 	_x86_64_	(4 CPU)

05:15:48 PM kbmemfree   kbavail kbmemused  %memused kbbuffers  kbcached  kbcommit   %commit  kbactive   kbinact   kbdirty   kbshmem
05:15:53 PM   3932140   4007008   3898804     49.32      2556    289276   8782576     31.96   3691496     71352       808      5372
05:15:58 PM   3932140   4007028   3898784     49.32      2556    289304   8782576     31.96   3691436     71376       832      5372
05:16:03 PM   3932140   4007028   3898784     49.32      2556    289316   8782576     31.96   3691472     71376       840      5372
05:16:08 PM   3931888   4007160   3898652     49.31      2556    289844   8782576     31.96   3691472     71760       396      5372
05:16:13 PM   3931888   4007320   3898492     49.31      2556    289844   8782576     31.96   3691472     71920       396      5372
05:16:18 PM   3939420   4010580   3895232     49.27      2448    285728   8782576     31.96   3682136     70236       324      5356
05:16:23 PM   3955572   4014600   3891212     49.22      1456    274648   8782576     31.96   3681336     58904       256      5332
05:16:28 PM   3955572   4014600   3891212     49.22      1456    274648   8782576     31.96   3681336     58904       276      5332
05:16:33 PM   3955572   4014748   3891064     49.22      1456    274648   8782576     31.96   3681436     58964       276      5332
05:16:38 PM   3964740   4015408   3890404     49.21      1456    266372   8782576     31.96   3673608     57368        20      5332
05:16:43 PM   3964436   4015676   3890136     49.21      1456    266712   8782576     31.96   3673968     57644        24      5332
05:16:48 PM   3964436   4015720   3890092     49.21      1456    266756   8782576     31.96   3673976     57688        20      5332
05:16:53 PM   3964436   4015448   3890364     49.21      1456    266484   8782576     31.96   3673760     57656        20      5332
05:16:58 PM   3964436   4015152   3890660     49.21      1456    266188   8782576     31.96   3673588     57532        48      5332
05:17:03 PM   3960340   4008996   3896816     49.29      1456    264160   8782576     31.96   3671812     57216       116      5332
05:17:08 PM   3960340   4009492   3896320     49.28      1456    264744   8782576     31.96   3672276     57248       116      5332
05:17:13 PM   3960340   4009792   3896020     49.28      1456    264924   8782576     31.96   3672488     57464        20      5332
05:17:18 PM   3960340   4010480   3895332     49.27      1456    265612   8782576     31.96   3673176     57464        20      5332
05:17:23 PM   3960340   4010712   3895100     49.27      1456    265844   8782576     31.96   3673532     57464        20      5332
05:17:28 PM   3960340   4010492   3895320     49.27      1456    265660   8782576     31.96   3673348     57416        20      5332
05:17:33 PM   3960340   4009684   3896128     49.28      1456    264816   8782576     31.96   3672384     57388        52      5332
05:17:38 PM   3960340   4010404   3895408     49.27      1456    265648   8782576     31.96   3673132     57388        68      5332
05:17:43 PM   3960340   4012680   3893132     49.24      1456    268020   8782576     31.96   3675456     57376        68      5332
05:17:48 PM   3960340   4012608   3893204     49.24      1456    267992   8782576     31.96   3675400     57372        68      5332
05:17:53 PM   3960816   4011180   3894632     49.26      1456    265884   8782576     31.96   3673620     57392       288      5332
05:17:58 PM   3960816   4011768   3894044     49.26      1456    266524   8782576     31.96   3674252     57388       284      5332
05:18:03 PM   3960816   4012252   3893560     49.25      1456    266908   8782576     31.96   3674268     57868       140      5332
05:18:08 PM   3960816   4012512   3893300     49.25      1456    267248   8782576     31.96   3674476     57916       248      5332
05:18:13 PM   3960816   4013996   3891816     49.23      1456    268656   8782576     31.96   3675880     57996       272      5332
05:18:18 PM   3960816   4013996   3891816     49.23      1456    268652   8782576     31.96   3675880     57996       268      5332
05:18:23 PM   3960816   4013712   3892100     49.23      1456    268368   8782576     31.96   3675668     57908       272      5332
05:18:28 PM   3960816   4013840   3891972     49.23      1456    268564   8790772     31.99   3675732     57980       152      5332
05:18:33 PM   3960816   4013928   3891884     49.23      1456    268584   8790772     31.99   3675828     58060        24      5332
05:18:38 PM   3960816   4014300   3891512     49.22      1456    268976   8790772     31.99   3675828     58432        24      5332
05:18:43 PM   3960816   4014400   3891412     49.22      1456    269056   8790772     31.99   3675828     58532        80      5332
05:18:48 PM   3957792   4018548   3887264     49.17      1456    276244   8789836     31.98   3682528     58824       100      5332
05:18:53 PM   3957792   4018548   3887264     49.17      1456    276248   8789836     31.98   3682528     58824       104      5332
05:18:58 PM   3957792   4018576   3887236     49.17      1456    276248   8789836     31.98   3682712     58828       104      5332
05:19:03 PM   3957792   4018576   3887236     49.17      1456    276248   8789836     31.98   3682716     58828       104      5332
05:19:08 PM   3957792   4015448   3890364     49.21      1456    273248   8789836     31.98   3680132     58116        24      5332
05:19:13 PM   3961332   4013872   3891940     49.23      1456    268012   8789836     31.98   3671984     57820        24      5332
05:19:18 PM   3961332   4013920   3891892     49.23      1456    268128   8789836     31.98   3672028     57868        96      5332
05:19:23 PM   3961080   4013860   3891952     49.23      1456    268360   8789836     31.98   3672172     57904       116      5332
05:19:28 PM   3960392   4013428   3892384     49.23      1456    268572   8789836     31.98   3672504     57600       124      5332
05:19:33 PM   3960324   4013420   3892392     49.23      1456    268664   8789836     31.98   3672592     57600       124      5332
05:19:38 PM   3960324   4013516   3892296     49.23      1456    268664   8789836     31.98   3672772     57600       124      5332
05:19:43 PM   3960324   4013376   3892436     49.24      1456    268620   8789836     31.98   3672644     57584        28      5332
05:19:48 PM   3960072   4012472   3893340     49.25      1456    268376   8789836     31.98   3671664     57804        28      5332
05:19:53 PM   3960072   4012904   3892908     49.24      1456    268372   8789836     31.98   3672080     57836       112      5332
05:19:58 PM   3959900   4012980   3892832     49.24      1456    268604   8789836     31.98   3672532     57620       132      5332
05:20:03 PM   3959648   4012308   3893504     49.25      1456    268156   8789836     31.98   3672244     57568       132      5332
05:20:08 PM   3959568   4012176   3893636     49.25      1456    268240   8789836     31.98   3672144     57568       132      5332
05:20:13 PM   3959568   4012116   3893696     49.25      1456    268156   8789836     31.98   3672076     57568       132      5332
05:20:18 PM   3959568   4012252   3893560     49.25      1456    268156   8789836     31.98   3672216     57568        20      5332
05:20:23 PM   3959568   4012500   3893312     49.25      1456    268476   8789836     31.98   3672216     57816        20      5332
05:20:28 PM   3959568   4012420   3893392     49.25      1456    268152   8789836     31.98   3672008     58020        96      5332
05:20:33 PM   3959568   4011900   3893912     49.25      1456    267996   8789836     31.98   3671920     57568       116      5332
05:20:38 PM   3958880   4012092   3893720     49.25      1456    268684   8789836     31.98   3672796     57572       116      5332
05:20:43 PM   3958812   4011256   3894556     49.26      1456    268052   8789836     31.98   3672008     57572       116      5332
05:20:48 PM   3958812   4011188   3894624     49.26      1456    267964   8789836     31.98   3671944     57572       116      5332
05:20:53 PM   3958812   4010644   3895168     49.27      1456    267700   8789836     31.98   3671460     57548        20      5332
05:20:58 PM   3958812   4011184   3894628     49.26      1456    267876   8789836     31.98   3671736     57784        24      5332
05:21:03 PM   3958812   4010680   3895132     49.27      1456    267512   8789836     31.98   3671388     57548        96      5332
05:21:08 PM   3958812   4011628   3894184     49.26      1456    268496   8789836     31.98   3672324     57560       116      5332
05:21:13 PM   3958812   4011896   3893916     49.25      1456    268588   8789836     31.98   3672700     57560       116      5332
05:21:18 PM   3958812   4011880   3893932     49.25      1456    268552   8789836     31.98   3672808     57560       116      5332
05:21:23 PM   3958812   4011880   3893932     49.25      1456    268552   8789836     31.98   3672808     57560       116      5332
05:21:28 PM   3958812   4011880   3893932     49.25      1456    268540   8789836     31.98   3672744     57616        20      5332
05:21:33 PM   3958812   4011828   3893984     49.25      1456    268612   8789836     31.98   3672576     57608        20      5332
05:21:38 PM   3958640   4011380   3894432     49.26      1456    268212   8789836     31.98   3672172     57668        96      5332
05:21:43 PM   3958560   4011564   3894248     49.26      1456    268492   8789836     31.98   3672532     57668       116      5332
05:21:48 PM   3958560   4011552   3894260     49.26      1456    268464   8789836     31.98   3672520     57668       116      5332
05:21:53 PM   3958560   4010256   3895556     49.27      1456    267196   8789836     31.98   3671328     57532       120      5332
05:21:58 PM   3958308   4011904   3893908     49.25      1456    269120   8789836     31.98   3673192     57532       120      5332
05:22:03 PM   3960084   4012496   3893316     49.25      1456    268072   8789836     31.98   3672028     57532        24      5332
05:22:08 PM   3960084   4012908   3892904     49.24      1456    268296   8789836     31.98   3672332     57756        24      5332
05:22:13 PM   3960084   4013032   3892780     49.24      1456    268576   8789836     31.98   3672336     57884       284      5332
05:22:18 PM   3960084   4013104   3892708     49.24      1456    268524   8789836     31.98   3672236     58044       308      5332
05:22:23 PM   3960084   4013224   3892588     49.24      1456    268644   8789836     31.98   3672356     58044       308      5332
05:22:28 PM   3960084   4013108   3892704     49.24      1456    268528   8789836     31.98   3672232     58044       308      5332
05:22:33 PM   3960084   4012116   3893696     49.25      1456    267676   8789836     31.98   3671684     57548       308      5332
05:22:38 PM   3959912   4012612   3893200     49.24      1456    268400   8789836     31.98   3672268     57548       132      5332
05:22:43 PM   3959832   4012700   3893112     49.24      1456    268420   8789836     31.98   3672172     57836        28      5332
05:22:48 PM   3959832   4012764   3893048     49.24      1456    268532   8789836     31.98   3672172     57900       100      5332
05:22:53 PM   3959832   4012892   3892920     49.24      1456    268532   8789836     31.98   3672188     58012       120      5332
05:22:58 PM   3959832   4012892   3892920     49.24      1456    268532   8789836     31.98   3672244     58012       120      5332
05:23:03 PM   3959832   4012892   3892920     49.24      1456    268532   8789836     31.98   3672252     58012       120      5332
05:23:08 PM   3959832   4012892   3892920     49.24      1456    268532   8789836     31.98   3672252     58012       120      5332
05:23:13 PM   3959832   4013108   3892704     49.24      1456    268796   8789836     31.98   3672368     58228        76      5332
05:23:18 PM   3959832   4013108   3892704     49.24      1456    268876   8789836     31.98   3672396     58228       152      5332
05:23:23 PM   3959832   4013236   3892576     49.24      1456    268892   8789836     31.98   3672396     58356       148      5332
05:23:28 PM   3959832   4013236   3892576     49.24      1456    268892   8789836     31.98   3672396     58356       164      5332
05:23:33 PM   3958068   4013172   3892640     49.24      1456    270736   8789836     31.98   3674104     58376       168      5332
05:23:38 PM   3958068   4013172   3892640     49.24      1456    270736   8789836     31.98   3674104     58376       168      5332
05:23:43 PM   3958068   4013504   3892308     49.23      1456    270908   8789836     31.98   3674268     58548       168      5332
05:23:48 PM   3955800   4016216   3889596     49.20      1456    275884   8789836     31.98   3680156     58956        24      5332
05:23:53 PM   3955800   4016220   3889592     49.20      1456    275960   8789836     31.98   3680272     58956       100      5332
05:23:58 PM   3955800   4016220   3889592     49.20      1456    275960   8789836     31.98   3680272     58956       104      5332
05:24:03 PM   3955800   4016296   3889516     49.20      1456    275960   8789836     31.98   3680272     59032       116      5332
05:24:08 PM   3955800   4016296   3889516     49.20      1456    275960   8789836     31.98   3680272     59032       116      5332
05:24:13 PM   3955800   4016296   3889516     49.20      1456    275960   8789836     31.98   3680272     59032       116      5332
05:24:18 PM   3955800   4016296   3889516     49.20      1456    275960   8789836     31.98   3680272     59032        20      5332
05:24:23 PM   3961456   4022076   3883736     49.13      1456    276196   8789836     31.98   3680272     59156        20      5332
05:24:28 PM   3961456   4022076   3883736     49.13      1456    276276   8789836     31.98   3680272     59156        96      5332
05:24:33 PM   3961456   4022268   3883544     49.12      1456    276292   8789836     31.98   3680272     59348       100      5332
05:24:38 PM   3961456   4022268   3883544     49.12      1456    276292   8789836     31.98   3680272     59348       116      5332
05:24:43 PM   3961456   4022284   3883528     49.12      1456    276292   8789836     31.98   3680272     59364       116      5332
05:24:48 PM   3961456   4022284   3883528     49.12      1456    276292   8789836     31.98   3680272     59364       116      5332
05:24:53 PM   3961456   4022284   3883528     49.12      1456    276292   8789836     31.98   3680272     59364       116      5332
05:24:58 PM   3961456   4022456   3883356     49.12      1456    276468   8789836     31.98   3680272     59536        24      5332
05:25:03 PM   3961456   4022592   3883220     49.12      1456    276680   8789836     31.98   3680272     59672       100      5332
05:25:08 PM   3961456   4022672   3883140     49.12      1456    276696   8789836     31.98   3680272     59752       104      5332
05:25:13 PM   3961456   4022688   3883124     49.12      1456    276696   8789836     31.98   3680308     59768       116      5332
05:25:18 PM   3961456   4022688   3883124     49.12      1456    276696   8789836     31.98   3680308     59768       116      5332
05:25:23 PM   3961456   4022688   3883124     49.12      1456    276696   8789836     31.98   3680308     59768       116      5332
05:25:28 PM   3961456   4022688   3883124     49.12      1456    276696   8789836     31.98   3680308     59768       116      5332
05:25:33 PM   3961456   4022688   3883124     49.12      1456    276696   8789836     31.98   3680308     59768        20      5332
05:25:38 PM   3961456   4022812   3883000     49.12      1456    276952   8789836     31.98   3680308     59892        16      5332
05:25:43 PM   3961456   4023024   3882788     49.11      1456    277032   8789836     31.98   3680308     60104        88      5332
05:25:48 PM   3961456   4023024   3882788     49.11      1456    277032   8789836     31.98   3680308     60104       100      5332
05:25:53 PM   3961456   4023024   3882788     49.11      1456    277032   8789836     31.98   3680308     60104       100      5332
05:25:58 PM   3961456   4023024   3882788     49.11      1456    277032   8789836     31.98   3680308     60104       100      5332
05:26:03 PM   3961456   4023024   3882788     49.11      1456    277032   8789836     31.98   3680308     60104       100      5332
05:26:08 PM   3961456   4023024   3882788     49.11      1456    277036   8789836     31.98   3680308     60104        24      5332
05:26:13 PM   3961456   4023300   3882512     49.11      1456    277308   8789836     31.98   3680308     60380        20      5332
05:26:18 PM   3961456   4023300   3882512     49.11      1456    277404   8789836     31.98   3680308     60380       100      5332
05:26:23 PM   3961456   4023300   3882512     49.11      1456    277404   8789836     31.98   3680308     60380       116      5332
05:26:28 PM   3961456   4023396   3882416     49.11      1456    277404   8789836     31.98   3680308     60476       116      5332
05:26:33 PM   3961456   4023396   3882416     49.11      1456    277404   8789836     31.98   3680308     60476       116      5332
05:26:38 PM   3961456   4023396   3882416     49.11      1456    277404   8789836     31.98   3680308     60476       116      5332
05:26:43 PM   3961456   4023396   3882416     49.11      1456    277404   8789836     31.98   3680308     60476        20      5332
05:26:48 PM   3961456   4023520   3882292     49.11      1456    277648   8789836     31.98   3680308     60600        24      5332
05:26:53 PM   3961456   4023572   3882240     49.11      1456    277748   8789836     31.98   3680308     60652       100      5332
05:26:58 PM   3961456   4023740   3882072     49.10      1456    277748   8789836     31.98   3680308     60820       116      5332
05:27:03 PM   3961456   4023740   3882072     49.10      1456    277748   8789836     31.98   3680308     60820       116      5332
05:27:08 PM   3961456   4023740   3882072     49.10      1456    277748   8789836     31.98   3680308     60820       116      5332
05:27:13 PM   3961456   4023900   3881912     49.10      1456    277936   8789836     31.98   3680320     60980       304      5332
05:27:18 PM   3961456   4023976   3881836     49.10      1456    277984   8789836     31.98   3680324     61056       176      5332
05:27:23 PM   3961456   4024208   3881604     49.10      1456    278352   8789836     31.98   3680324     61288       176      5332
05:27:28 PM   3961456   4024344   3881468     49.10      1456    278448   8789836     31.98   3680324     61424       256      5332
05:27:33 PM   3961456   4024360   3881452     49.10      1456    278480   8789836     31.98   3680324     61440       304      5332
05:27:38 PM   3961456   4024472   3881340     49.09      1456    278480   8789836     31.98   3680324     61552       304      5332
05:27:43 PM   3961456   4024472   3881340     49.09      1456    278480   8789836     31.98   3680324     61552       196      5332
05:27:48 PM   3961456   4024472   3881340     49.09      1456    278480   8789836     31.98   3680324     61552        20      5332
05:27:53 PM   3961456   4024472   3881340     49.09      1456    278480   8789836     31.98   3680324     61552        20      5332
05:27:58 PM   3961456   4024796   3881016     49.09      1456    278804   8789836     31.98   3680324     61876        24      5332
05:28:03 PM   3961456   4024796   3881016     49.09      1456    278900   8789836     31.98   3680324     61876       108      5332
05:28:08 PM   3961456   4024892   3880920     49.09      1456    278900   8789836     31.98   3680324     61972       116      5332
05:28:13 PM   3961456   4024892   3880920     49.09      1456    278900   8789836     31.98   3680324     61972       116      5332
05:28:18 PM   3961456   4024892   3880920     49.09      1456    278900   8789836     31.98   3680324     61972       116      5332
05:28:23 PM   3961456   4024892   3880920     49.09      1456    278900   8789836     31.98   3680324     61972       116      5332
05:28:28 PM   3961456   4024892   3880920     49.09      1456    279072   8789836     31.98   3680324     61972        20      5332
05:28:33 PM   3961456   4025140   3880672     49.09      1456    279224   8789836     31.98   3680324     62220        20      5332
05:28:38 PM   3958460   4024176   3881636     49.10      1456    281416   8790256     31.98   3681708     62936       316      5340
05:28:43 PM   3958444   4024436   3881376     49.10      1456    281436   8790256     31.98   3681984     63032       348      5332
05:28:48 PM   3958444   4024472   3881340     49.09      1456    281436   8790256     31.98   3682020     63068       348      5332
05:28:53 PM   3958444   4024472   3881340     49.09      1456    281440   8790256     31.98   3682020     63068       352      5332
05:28:58 PM   3958444   4024476   3881336     49.09      1456    281440   8790256     31.98   3682020     63072       352      5332
05:29:03 PM   3957580   4023956   3881856     49.10      1456    281784   8789836     31.98   3681504     63416       208      5332
05:29:08 PM   3957448   4023848   3881964     49.10      1456    281808   8789836     31.98   3681944     63440       208      5332
05:29:13 PM   3957448   4023944   3881868     49.10      1456    281952   8789836     31.98   3681944     63536       144      5332
05:29:18 PM   3957448   4023992   3881820     49.10      1456    281952   8789836     31.98   3681944     63584       164      5332
05:29:23 PM   3957448   4023992   3881820     49.10      1456    281952   8789836     31.98   3681944     63584       164      5332
05:29:28 PM   3957448   4023992   3881820     49.10      1456    281952   8789836     31.98   3681944     63584       164      5332
05:29:33 PM   3957448   4023992   3881820     49.10      1456    281952   8789836     31.98   3681952     63584       164      5332
05:29:38 PM   3957448   4023992   3881820     49.10      1456    281952   8789836     31.98   3681952     63584        20      5332
05:29:43 PM   3957448   4024240   3881572     49.10      1456    282304   8789836     31.98   3681952     63832        20      5332
05:29:48 PM   3967012   4033804   3872008     48.98      1456    282400   8789836     31.98   3681952     63832        96      5332
05:29:53 PM   3966932   4033924   3871888     48.98      1456    282400   8789836     31.98   3681952     64032       116      5332
05:29:58 PM   3966932   4033924   3871888     48.98      1456    282400   8789836     31.98   3681952     64032       116      5332
05:30:03 PM   3966932   4033924   3871888     48.98      1456    282400   8789836     31.98   3681952     64032       116      5332
05:30:08 PM   3966932   4033924   3871888     48.98      1456    282400   8789836     31.98   3681952     64032       116      5332
05:30:13 PM   3966932   4033924   3871888     48.98      1456    282400   8789836     31.98   3681952     64032        20      5332
05:30:18 PM   3966680   4033920   3871892     48.98      1456    282656   8789836     31.98   3681952     64280        20      5332
05:30:23 PM   3966680   4033928   3871884     48.98      1456    282752   8789836     31.98   3681952     64288        96      5332
05:30:28 PM   3966680   4033928   3871884     48.98      1456    282752   8789836     31.98   3681952     64288       116      5332
05:30:33 PM   3966680   4034024   3871788     48.97      1456    282752   8789836     31.98   3681952     64384       116      5332
05:30:38 PM   3966680   4034024   3871788     48.97      1456    282760   8789836     31.98   3681952     64384       124      5332
05:30:43 PM   3966680   4034032   3871780     48.97      1456    282760   8789836     31.98   3681952     64392       124      5332
05:30:48 PM   3966680   4034032   3871780     48.97      1456    282760   8789836     31.98   3681952     64392        28      5332
05:30:53 PM   3966428   4034028   3871784     48.97      1456    283064   8789836     31.98   3681952     64640        28      5332
05:30:58 PM   3966176   4033832   3871980     48.98      1456    283160   8789836     31.98   3681952     64696        96      5332
05:31:03 PM   3966176   4033932   3871880     48.98      1456    283164   8789836     31.98   3681952     64796       120      5332
05:31:08 PM   3966176   4033932   3871880     48.98      1456    283164   8789836     31.98   3681952     64796       120      5332
05:31:13 PM   3966176   4033932   3871880     48.98      1456    283164   8789836     31.98   3681952     64796       120      5332
05:31:18 PM   3966176   4033932   3871880     48.98      1456    283168   8789836     31.98   3681952     64796       124      5332
05:31:23 PM   3966176   4033936   3871876     48.98      1456    283168   8789836     31.98   3681952     64800        28      5332
05:31:28 PM   3965924   4033932   3871880     48.98      1456    283424   8789836     31.98   3681952     65048        28      5332
05:31:33 PM   3965672   4033784   3872028     48.98      1456    283520   8789836     31.98   3681952     65152        96      5332
05:31:38 PM   3965672   4033784   3872028     48.98      1456    283520   8789836     31.98   3681952     65152       116      5332
05:31:43 PM   3965672   4033784   3872028     48.98      1456    283520   8789836     31.98   3681952     65152       116      5332
05:31:48 PM   3965672   4033784   3872028     48.98      1456    283520   8789836     31.98   3681952     65152       116      5332
05:31:53 PM   3965672   4033784   3872028     48.98      1456    283520   8789836     31.98   3681952     65152       116      5332
05:31:58 PM   3965672   4033784   3872028     48.98      1456    283520   8789836     31.98   3681952     65152        20      5332
05:32:03 PM   3965420   4033836   3871976     48.98      1456    283824   8789836     31.98   3681952     65456        20      5332
05:32:08 PM   3964916   4033332   3872480     48.98      1456    283920   8789836     31.98   3681952     65456        96      5332
05:32:13 PM   3964916   4033572   3872240     48.98      1456    284064   8789836     31.98   3681952     65696       304      5332
05:32:18 PM   3964916   4033572   3872240     48.98      1456    284064   8789836     31.98   3681976     65696       304      5332
05:32:23 PM   3964916   4033572   3872240     48.98      1456    284064   8789836     31.98   3682000     65696       304      5332
05:32:28 PM   3964916   4033572   3872240     48.98      1456    284064   8789836     31.98   3682000     65696       304      5332
05:32:33 PM   3964916   4033572   3872240     48.98      1456    284064   8789836     31.98   3682000     65696       128      5332
05:32:38 PM   3964664   4033568   3872244     48.98      1456    284432   8789836     31.98   3682000     65944       128      5332
05:32:43 PM   3964664   4033784   3872028     48.98      1456    284528   8789836     31.98   3682000     66160        96      5332
05:32:48 PM   3964664   4033784   3872028     48.98      1456    284528   8789836     31.98   3682000     66160       116      5332
05:32:53 PM   3964664   4033784   3872028     48.98      1456    284528   8789836     31.98   3682000     66160       116      5332
05:32:58 PM   3964664   4033784   3872028     48.98      1456    284528   8789836     31.98   3682000     66160       116      5332
05:33:03 PM   3964664   4033784   3872028     48.98      1456    284528   8789836     31.98   3682000     66160       116      5332
05:33:08 PM   3964664   4033784   3872028     48.98      1456    284528   8789836     31.98   3682000     66160        20      5332
05:33:13 PM   3964412   4033868   3871944     48.98      1456    284864   8789836     31.98   3682000     66496        20      5332
05:33:18 PM   3964412   4033868   3871944     48.98      1456    284960   8789836     31.98   3682000     66496        96      5332
05:33:23 PM   3964412   4033868   3871944     48.98      1456    284960   8789836     31.98   3682000     66496       116      5332
05:33:28 PM   3964412   4033964   3871848     48.97      1456    284960   8789836     31.98   3682000     66592       116      5332
05:33:33 PM   3964412   4033964   3871848     48.97      1456    284960   8789836     31.98   3682000     66592       116      5332
05:33:38 PM   3964412   4033964   3871848     48.97      1456    284960   8789836     31.98   3682000     66592       116      5332
05:33:43 PM   3964412   4033964   3871848     48.97      1456    284960   8789836     31.98   3682000     66592        20      5332
05:33:48 PM   3964160   4033960   3871852     48.97      1456    285216   8789836     31.98   3682000     66840        20      5332
05:33:53 PM   3964160   4033968   3871844     48.97      1456    285316   8789836     31.98   3682000     66848        96      5332
05:33:58 PM   3964160   4034068   3871744     48.97      1456    285316   8789836     31.98   3682000     66948       116      5332
05:34:03 PM   3964160   4034068   3871744     48.97      1456    285320   8789836     31.98   3682000     66948       120      5332
05:34:08 PM   3963908   4033816   3871996     48.98      1456    285320   8789836     31.98   3681880     66952       120      5332
05:34:13 PM   3963908   4033816   3871996     48.98      1456    285320   8789836     31.98   3681880     66952       120      5332
05:34:18 PM   3963908   4033828   3871984     48.98      1456    285328   8789836     31.98   3681992     66960        32      5332
05:34:23 PM   3963908   4034076   3871736     48.97      1456    285632   8789836     31.98   3681992     67208        32      5332
05:34:28 PM   3963908   4034132   3871680     48.97      1456    285728   8789836     31.98   3684036     67264        96      5332
05:34:33 PM   3963908   4034132   3871680     48.97      1456    285728   8789836     31.98   3684036     67264       116      5332
05:34:38 PM   3963908   4034228   3871584     48.97      1456    285728   8789836     31.98   3684036     67360       116      5332
05:34:43 PM   3963908   4034228   3871584     48.97      1456    285728   8789836     31.98   3684036     67360       116      5332
05:34:48 PM   3963908   4034228   3871584     48.97      1456    285728   8789836     31.98   3684036     67360       116      5332
05:34:53 PM   3963908   4034228   3871584     48.97      1456    285728   8789836     31.98   3684036     67360        20      5332
05:34:58 PM   3963908   4034476   3871336     48.97      1456    285984   8789836     31.98   3684036     67608        20      5332
05:35:03 PM   3963908   4034484   3871328     48.97      1456    286080   8789836     31.98   3684036     67616        96      5332
05:35:08 PM   3963908   4034580   3871232     48.97      1456    286080   8789836     31.98   3684036     67712       116      5332
05:35:13 PM   3963908   4034580   3871232     48.97      1456    286080   8789836     31.98   3684036     67712       116      5332
05:35:18 PM   3966980   4037652   3868160     48.93      1456    286080   8789836     31.98   3684036     67712       116      5332
05:35:23 PM   3966980   4037652   3868160     48.93      1456    286080   8789836     31.98   3684036     67712       116      5332
05:35:28 PM   3966980   4037656   3868156     48.93      1456    286084   8789836     31.98   3684036     67716        24      5332
05:35:33 PM   3966728   4037652   3868160     48.93      1456    286388   8789836     31.98   3684036     67964        24      5332
05:35:38 PM   3966728   4037804   3868008     48.93      1456    286484   8789836     31.98   3684036     68116        96      5332
05:35:43 PM   3966728   4037804   3868008     48.93      1456    286484   8789836     31.98   3684036     68116       116      5332
05:35:48 PM   3966728   4037804   3868008     48.93      1456    286484   8789836     31.98   3684036     68116       116      5332
05:35:53 PM   3966728   4037804   3868008     48.93      1456    286484   8789836     31.98   3684036     68116       116      5332
05:35:58 PM   3966728   4037804   3868008     48.93      1456    286484   8789836     31.98   3684036     68116       116      5332
05:36:03 PM   3966728   4037804   3868008     48.93      1456    286484   8789836     31.98   3684036     68116        20      5332
05:36:08 PM   3966728   4038068   3867744     48.92      1456    286740   8789836     31.98   3684036     68372        20      5332
05:36:13 PM   3966476   4037816   3867996     48.93      1456    286836   8789836     31.98   3684036     68372       100      5332
05:36:18 PM   3966476   4037912   3867900     48.92      1456    286836   8789836     31.98   3684036     68468       116      5332
05:36:23 PM   3966476   4037912   3867900     48.92      1456    286836   8789836     31.98   3684036     68468       116      5332
05:36:28 PM   3966476   4037916   3867896     48.92      1456    286840   8789836     31.98   3684036     68472       120      5332
05:36:33 PM   3966476   4037916   3867896     48.92      1456    286840   8789836     31.98   3684036     68472       120      5332
05:36:38 PM   3966476   4037916   3867896     48.92      1456    286840   8789836     31.98   3684036     68472        24      5332
05:36:43 PM   3966476   4038164   3867648     48.92      1456    287144   8789836     31.98   3684036     68720        24      5332
05:36:48 PM   3965972   4037716   3868096     48.93      1456    287240   8789836     31.98   3684036     68776        96      5332
05:36:53 PM   3965972   4037812   3868000     48.93      1456    287240   8789836     31.98   3684036     68872       116      5332
05:36:58 PM   3965972   4037812   3868000     48.93      1456    287240   8789836     31.98   3684040     68872       116      5332
05:37:03 PM   3965972   4037812   3868000     48.93      1456    287240   8789836     31.98   3684040     68872       116      5332
05:37:08 PM   3965972   4037812   3868000     48.93      1456    287244   8789836     31.98   3684040     68872       120      5332
05:37:13 PM   3965972   4037848   3867964     48.93      1456    287388   8789836     31.98   3684040     68908        24      5332
05:37:18 PM   3965720   4038044   3867768     48.92      1456    287804   8789836     31.98   3684040     69356       176      5332
05:37:23 PM   3965720   4038140   3867672     48.92      1456    287932   8789836     31.98   3684040     69452       284      5332
05:37:28 PM   3965720   4038140   3867672     48.92      1456    287932   8789836     31.98   3684040     69452       300      5332
05:37:33 PM   3965720   4038252   3867560     48.92      1456    287932   8789836     31.98   3684040     69564       300      5332
05:37:38 PM   3965720   4038252   3867560     48.92      1456    287932   8789836     31.98   3684040     69564       300      5332
05:37:43 PM   3965720   4038252   3867560     48.92      1456    287932   8789836     31.98   3684040     69564       196      5332
05:37:48 PM   3965468   4038248   3867564     48.92      1456    288300   8789836     31.98   3684040     69812        20      5332
05:37:53 PM   3965468   4038368   3867444     48.92      1456    288300   8789836     31.98   3684040     69932        20      5332
05:37:58 PM   3965468   4038368   3867444     48.92      1456    288396   8789836     31.98   3684040     69932        96      5332
05:38:03 PM   3965468   4038472   3867340     48.92      1456    288404   8789836     31.98   3684040     70036       124      5332
05:38:08 PM   3965468   4038472   3867340     48.92      1456    288404   8789836     31.98   3684040     70036       124      5332
05:38:13 PM   3965468   4038472   3867340     48.92      1456    288404   8789836     31.98   3684040     70036       124      5332
05:38:18 PM   3965468   4038472   3867340     48.92      1456    288404   8789836     31.98   3684040     70036        28      5332
05:38:23 PM   3965468   4038472   3867340     48.92      1456    288404   8789836     31.98   3684040     70036        28      5332
05:38:28 PM   3965216   4038468   3867344     48.92      1456    288660   8789836     31.98   3684040     70284        28      5332
05:38:33 PM   3964964   4038320   3867492     48.92      1456    288756   8789836     31.98   3684040     70388        96      5332
05:38:38 PM   3964964   4038320   3867492     48.92      1456    288756   8789836     31.98   3684040     70388       116      5332
05:38:43 PM   3964964   4038320   3867492     48.92      1456    288756   8789836     31.98   3684040     70388       116      5332
05:38:48 PM   3964964   4038320   3867492     48.92      1456    288756   8789836     31.98   3684040     70388       116      5332
05:38:53 PM   3964964   4038320   3867492     48.92      1456    288756   8789836     31.98   3684040     70388       116      5332
05:38:58 PM   3964964   4038320   3867492     48.92      1456    288756   8789836     31.98   3684040     70388        20      5332
05:39:03 PM   3964712   4038376   3867436     48.92      1456    289064   8789836     31.98   3684040     70696        24      5332
05:39:08 PM   3964208   4037960   3867852     48.92      1456    289160   8789836     31.98   3683916     70792        96      5332
05:39:13 PM   3964208   4037968   3867844     48.92      1456    289160   8789836     31.98   3684048     70792       116      5332
05:39:18 PM   3964208   4037968   3867844     48.92      1456    289160   8789836     31.98   3684048     70792       116      5332
05:39:23 PM   3964208   4037968   3867844     48.92      1456    289160   8789836     31.98   3684048     70792       116      5332
05:39:28 PM   3964208   4037968   3867844     48.92      1456    289160   8789836     31.98   3684048     70792       116      5332
05:39:33 PM   3964208   4037968   3867844     48.92      1456    289160   8789836     31.98   3684048     70792        20      5332
05:39:38 PM   3963956   4037964   3867848     48.92      1456    289416   8789836     31.98   3684048     71040        20      5332
05:39:43 PM   3963956   4038068   3867744     48.92      1456    289512   8789836     31.98   3684048     71144        96      5332
05:39:48 PM   3963956   4038068   3867744     48.92      1456    289512   8789836     31.98   3684048     71144       116      5332
05:39:53 PM   3963956   4038068   3867744     48.92      1456    289512   8789836     31.98   3684048     71144       116      5332
05:39:58 PM   3963956   4038068   3867744     48.92      1456    289512   8789836     31.98   3684048     71144       116      5332
05:40:03 PM   3963956   4038068   3867744     48.92      1456    289512   8789836     31.98   3684048     71144       116      5332
05:40:08 PM   3963956   4038068   3867744     48.92      1456    289512   8789836     31.98   3684048     71144        20      5332
05:40:13 PM   3963704   4038064   3867748     48.92      1456    289868   8789836     31.98   3684048     71392        24      5332
05:40:18 PM   3963704   4038172   3867640     48.92      1456    289964   8789836     31.98   3684048     71500        96      5332
05:40:23 PM   3963704   4038268   3867544     48.92      1456    289964   8789836     31.98   3684048     71596       116      5332
05:40:28 PM   3963704   4038268   3867544     48.92      1456    289964   8789836     31.98   3684048     71596       116      5332
05:40:33 PM   3963704   4038268   3867544     48.92      1456    289964   8789836     31.98   3684048     71596       116      5332
05:40:38 PM   3963704   4038268   3867544     48.92      1456    289964   8789836     31.98   3684048     71596       116      5332
05:40:43 PM   3963704   4038268   3867544     48.92      1456    289964   8789836     31.98   3684048     71596        20      5332
05:40:48 PM   3963452   4038264   3867548     48.92      1456    290220   8789836     31.98   3684048     71844        20      5332
05:40:53 PM   3962948   4037760   3868052     48.93      1456    290316   8789836     31.98   3684048     71844        96      5332
05:40:58 PM   3962948   4037864   3867948     48.93      1456    290316   8789836     31.98   3684048     71948       116      5332
05:41:03 PM   3962948   4037864   3867948     48.93      1456    290316   8789836     31.98   3684048     71948       116      5332
05:41:08 PM   3962948   4037864   3867948     48.93      1456    290316   8789836     31.98   3684048     71948       116      5332
05:41:13 PM   3962948   4037864   3867948     48.93      1456    290316   8789836     31.98   3684048     71948       116      5332
05:41:18 PM   3962948   4037864   3867948     48.93      1456    290316   8789836     31.98   3684048     71948        20      5332
05:41:23 PM   3962948   4038112   3867700     48.92      1456    290620   8789836     31.98   3684048     72196        20      5332
05:41:28 PM   3962948   4038168   3867644     48.92      1456    290716   8789836     31.98   3684048     72252        96      5332
05:41:33 PM   3962948   4038168   3867644     48.92      1456    290716   8789836     31.98   3684048     72252       116      5332
05:41:38 PM   3962948   4038268   3867544     48.92      1456    290720   8789836     31.98   3684048     72352       120      5332
05:41:43 PM   3962948   4038268   3867544     48.92      1456    290728   8789836     31.98   3684048     72352       128      5332
05:41:48 PM   3962948   4038276   3867536     48.92      1456    290728   8789836     31.98   3684048     72360       128      5332
05:41:53 PM   3962948   4038276   3867536     48.92      1456    290732   8789836     31.98   3684048     72360        36      5332
05:41:58 PM   3962696   4038276   3867536     48.92      1456    290988   8789836     31.98   3684048     72612        36      5332
05:42:03 PM   3962696   4038276   3867536     48.92      1456    291084   8789836     31.98   3684048     72612        96      5332
05:42:08 PM   3962696   4038380   3867432     48.92      1456    291084   8789836     31.98   3684048     72716       116      5332
05:42:13 PM   3962696   4038428   3867384     48.92      1456    291164   8789836     31.98   3684048     72764       304      5332
05:42:18 PM   3962444   4038272   3867540     48.92      1456    291228   8789836     31.98   3684048     72860       196      5332
05:42:23 PM   3962444   4038272   3867540     48.92      1456    291260   8789836     31.98   3684048     72860       300      5332
05:42:28 PM   3962444   4038304   3867508     48.92      1456    291260   8789836     31.98   3684048     72892       124      5332
05:42:33 PM   3961952   4038116   3867696     48.92      1456    291644   8789836     31.98   3684048     73188       124      5332
05:42:38 PM   3961952   4038300   3867512     48.92      1456    291740   8789836     31.98   3684048     73372       200      5332
05:42:43 PM   3961952   4038300   3867512     48.92      1456    291740   8789836     31.98   3684048     73372       116      5332
05:42:48 PM   3961952   4038300   3867512     48.92      1456    291740   8789836     31.98   3684048     73372       116      5332
05:42:53 PM   3961952   4038300   3867512     48.92      1456    291740   8789836     31.98   3684048     73372       116      5332
05:42:58 PM   3961952   4038300   3867512     48.92      1456    291740   8789836     31.98   3684048     73372       116      5332
05:43:03 PM   3961952   4038300   3867512     48.92      1456    291740   8789836     31.98   3684048     73372        20      5332
05:43:08 PM   3961700   4038352   3867460     48.92      1456    292044   8789836     31.98   3684048     73676        20      5332
05:43:13 PM   3961700   4038352   3867460     48.92      1456    292144   8789836     31.98   3684048     73676        96      5332
05:43:18 PM   3961700   4038452   3867360     48.92      1456    292144   8789836     31.98   3684048     73776       116      5332
05:43:23 PM   3961700   4038452   3867360     48.92      1456    292144   8789836     31.98   3684048     73776       116      5332
05:43:28 PM   3961700   4038452   3867360     48.92      1456    292144   8789836     31.98   3684048     73776       116      5332
05:43:33 PM   3961700   4038452   3867360     48.92      1456    292144   8789836     31.98   3684048     73776       116      5332
05:43:38 PM   3961700   4038452   3867360     48.92      1456    292144   8789836     31.98   3684048     73776        20      5332
05:43:43 PM   3960944   4037944   3867868     48.92      1456    292448   8789836     31.98   3684048     74024        20      5332
05:43:48 PM   3960944   4038000   3867812     48.92      1456    292544   8789836     31.98   3684048     74080        96      5332
05:43:53 PM   3960944   4038096   3867716     48.92      1456    292544   8789836     31.98   3684048     74176       116      5332
05:43:58 PM   3960692   4037844   3867968     48.93      1456    292544   8789836     31.98   3684048     74176       116      5332
05:44:03 PM   3960692   4037844   3867968     48.93      1456    292544   8789836     31.98   3684048     74176       116      5332
05:44:08 PM   3960440   4037588   3868224     48.93      1456    292544   8789836     31.98   3683932     74176       116      5332
05:44:13 PM   3960440   4037592   3868220     48.93      1456    292548   8789836     31.98   3684048     74176        24      5332
05:44:18 PM   3960440   4037844   3867968     48.93      1456    292804   8789836     31.98   3684048     74428        24      5332
05:44:23 PM   3960440   4037852   3867960     48.93      1456    292900   8789836     31.98   3684048     74436        96      5332
05:44:28 PM   3960440   4037852   3867960     48.93      1456    292900   8789836     31.98   3684048     74436       116      5332
05:44:33 PM   3960440   4037948   3867864     48.92      1456    292900   8789836     31.98   3684048     74532       116      5332
05:44:38 PM   3960440   4037948   3867864     48.92      1456    292900   8789836     31.98   3684048     74532       116      5332
05:44:43 PM   3960440   4037948   3867864     48.92      1456    292900   8789836     31.98   3684048     74532       116      5332
05:44:48 PM   3960440   4037948   3867864     48.92      1456    292900   8789836     31.98   3684048     74532        20      5332
05:44:53 PM   3959684   4037440   3868372     48.93      1456    293204   8789836     31.98   3684048     74780        20      5332
05:44:58 PM   3959684   4037496   3868316     48.93      1456    293300   8789836     31.98   3684048     74836        96      5332
05:45:03 PM   3959684   4037592   3868220     48.93      1456    293300   8789836     31.98   3684048     74932       116      5332
05:45:08 PM   3959684   4037592   3868220     48.93      1456    293300   8789836     31.98   3684048     74932       116      5332
05:45:13 PM   3959684   4037592   3868220     48.93      1456    293300   8789836     31.98   3684048     74932       116      5332
05:45:18 PM   3959684   4037592   3868220     48.93      1456    293300   8789836     31.98   3684048     74932       116      5332
05:45:23 PM   3959684   4037592   3868220     48.93      1456    293300   8789836     31.98   3684048     74932        20      5332
05:45:28 PM   3959684   4037840   3867972     48.93      1456    293564   8789836     31.98   3684048     75180        28      5332
05:45:33 PM   3959684   4037952   3867860     48.92      1456    293660   8789836     31.98   3684048     75292        96      5332
05:45:38 PM   3959684   4037952   3867860     48.92      1456    293660   8789836     31.98   3684048     75292       116      5332
05:45:43 PM   3959684   4037952   3867860     48.92      1456    293660   8789836     31.98   3684048     75292       116      5332
05:45:48 PM   3959684   4037952   3867860     48.92      1456    293660   8789836     31.98   3684048     75292       116      5332
05:45:53 PM   3959684   4037952   3867860     48.92      1456    293660   8789836     31.98   3684048     75292       116      5332
05:45:58 PM   3959684   4037952   3867860     48.92      1456    293660   8789836     31.98   3684048     75292        20      5332
05:46:03 PM   3959180   4037696   3868116     48.93      1456    293964   8789836     31.98   3684048     75540        20      5332
05:46:08 PM   3959180   4037696   3868116     48.93      1456    294060   8789836     31.98   3684048     75540        96      5332
05:46:13 PM   3959180   4037848   3867964     48.93      1456    294060   8789836     31.98   3684048     75692       116      5332
05:46:18 PM   3959180   4037848   3867964     48.93      1456    294064   8789836     31.98   3684048     75692       120      5332
05:46:23 PM   3959180   4037852   3867960     48.93      1456    294064   8789836     31.98   3684048     75696       120      5332
05:46:28 PM   2276292   2354964   5550848     70.21      1456    294064   8789836     31.98   5361448     75696       120      5332
05:46:33 PM   2275816   2354488   5551324     70.22      1456    294064   8789836     31.98   5361480     75696        24      5332
05:46:38 PM   2275564   2354360   5551452     70.22      1456    294304   8789836     31.98   5361480     75820        24      5332
05:46:43 PM   2275324   2354332   5551480     70.22      1456    294400   8789836     31.98   5361480     76032        96      5332
05:46:48 PM   2275072   2354080   5551732     70.22      1456    294404   8789836     31.98   5361480     76032       120      5332
05:46:53 PM   2275072   2354084   5551728     70.22      1456    294404   8789836     31.98   5361480     76036       120      5332
05:46:58 PM    585696    664708   7241104     91.59      1456    294404   8789836     31.98   7037364     76036       120      5332
05:47:03 PM    585472    664484   7241328     91.59      1456    294404   8789836     31.98   7037468     76036       120      5332
05:47:08 PM    585472    664484   7241328     91.59      1456    294404   8789836     31.98   7037468     76036        24      5332
05:47:13 PM    589492    668872   7236940     91.54      1456    294772   8789836     31.98   7037468     76404       180      5332
05:47:18 PM    589732    669192   7236620     91.54      1456    294900   8789836     31.98   7037468     76484       284      5332
05:47:23 PM    589480    669020   7236792     91.54      1456    294932   8789836     31.98   7037468     76564       300      5332
05:47:28 PM    119036    144396   7761416     98.17        28    243000   8789836     31.98   5352368   2235476       300      5284
05:47:33 PM    117804    143164   7762648     98.19        28    243040   8789836     31.98   5352388   2235476       304      5284
05:47:38 PM    117804    143204   7762608     98.19        28    243040   8789836     31.98   5352440   2235516       304      5284
05:47:43 PM    117804    143572   7762240     98.18        28    243408   8789836     31.98   5352452   2235884        24      5284
05:47:48 PM    117804    143572   7762240     98.18        28    243408   8789836     31.98   5352452   2235884        24      5284
05:47:53 PM    117552    143416   7762396     98.19        28    243504   8789836     31.98   5352460   2235980       100      5284
05:47:58 PM    117552    143416   7762396     98.19        28    243504   8789836     31.98   5352460   2235980       120      5284
05:48:03 PM    117552    143416   7762396     98.19        28    243504   8789836     31.98   5352460   2235980       116      5284
05:48:08 PM    117552    143416   7762396     98.19        28    243504   8789836     31.98   5352460   2235980       116      5284
05:48:13 PM    117552    143416   7762396     98.19        28    243504   8789836     31.98   5352460   2235980       116      5284
05:48:18 PM    117552    143416   7762396     98.19        28    243504   8789836     31.98   5352460   2235980        20      5284
05:48:23 PM    117300    143412   7762400     98.19        28    243792   8789836     31.98   5352460   2236228        20      5284
05:48:28 PM    122852    139420   7766392     98.24        28    234288   8789836     31.98   5151312   2433012        96      5284
05:48:33 PM    122124    138816   7766996     98.24        28    234420   8789836     31.98   5151352   2433096       120      5284
05:48:38 PM    122124    138904   7766908     98.24        28    234420   8789836     31.98   5151472   2433168       120      5284
05:48:43 PM    122124    138904   7766908     98.24        28    234420   8789836     31.98   5151472   2433168       120      5284
05:48:48 PM    122124    138904   7766908     98.24        28    234420   8789836     31.98   5151472   2433168       120      5284
05:48:53 PM    122124    138904   7766908     98.24        28    234420   8789836     31.98   5151472   2433168        24      5284
05:48:58 PM    136112     40384   7865428     99.49        28     69248   8789836     31.98   2304356   5252836        24      4804
05:49:03 PM    134784     39284   7866528     99.50        28     69692   8789836     31.98   2304820   5252836        96      4804
05:49:08 PM    123852     29416   7876396     99.63        28     71792   8789836     31.98   2310312   5250656       116      4804
05:49:13 PM    120020     29912   7875900     99.62        28     80412   8789836     31.98   2319120   5250720       124      4804
05:49:18 PM    114076     24660   7881152     99.69        28     81684   8789836     31.98   2324692   5247860       128      4804
05:49:23 PM    114076     24660   7881152     99.69        28     81688   8789836     31.98   2324692   5247860       132      4804
05:49:28 PM    172824     80984   7824828     98.98        28     76468   8789836     31.98   1887880   5640148        36      4396
05:49:33 PM    795996    704552   7201260     91.09        28     77432   8789836     31.98   1888584   4982952        40      4396
05:49:38 PM    787328    696092   7209720     91.20        28     77676   8789836     31.98   1894964   4977716       116      4396
05:49:43 PM    787328    696092   7209720     91.20        28     77676   8789836     31.98   1894984   4977716       136      4396
05:49:48 PM    795600    704364   7201448     91.09        28     77676   8789836     31.98   1905112   4968600       136      4396
05:49:53 PM    795600    704364   7201448     91.09        28     77676   8789836     31.98   1905112   4968600       136      4396
05:49:58 PM    160872     69008   7836804     99.13        28     76424   8789836     31.98   4890796   2648572       136      4396
05:50:03 PM    160396     68532   7837280     99.13        28     76424   8789836     31.98   4890796   2648572       132      4396
05:50:08 PM    148636     56940   7848872     99.28        28     76760   8789836     31.98   4902976   2637928        20      4396
05:50:13 PM    148384     56688   7849124     99.28        28     76856   8789836     31.98   4902976   2637928        96      4396
05:50:18 PM    137756     46108   7859704     99.42        28     76892   8789836     31.98   4913124   2628924       116      4396
05:50:23 PM    137756     46108   7859704     99.42        28     76892   8789836     31.98   4913124   2628924       116      4396
05:50:28 PM    185592     85496   7820316     98.92        28     57500   8789836     31.98   5215528   2309392       116       132
05:50:33 PM    183856     83760   7822052     98.94        28     57580   8789836     31.98   5215540   2309392       116       132
05:50:38 PM    183856     83800   7822012     98.94        28     57608   8789836     31.98   5215616   2309408        20       132
05:50:43 PM    183856     83924   7821888     98.94        28     57896   8789836     31.98   5215616   2309656        20       132
05:50:48 PM    183856     84004   7821808     98.94        28     57992   8789836     31.98   5215644   2309792        96       132
05:50:53 PM    183856     84004   7821808     98.94        28     57992   8789836     31.98   5215644   2309792       116       132
05:50:58 PM    169984     67792   7838020     99.14        16     54276   8789836     31.98   2850996   4683388       116       132
05:51:03 PM    169508     67316   7838496     99.15        16     54384   8789836     31.98   2850996   4683388       116       132
05:51:08 PM    167916     65724   7840088     99.17        16     54384   8789836     31.98   2854040   4681324       116       132
05:51:13 PM    166576     64436   7841376     99.18        16     54384   8789836     31.98   2856416   4681268        20       132
05:51:18 PM    164180     62128   7843684     99.21        28     54544   8789836     31.98   2864040   4675420        20       132
05:51:23 PM    163640     61636   7844176     99.22        28     54736   8789836     31.98   2864084   4675408        96       132
05:51:28 PM    126104      9692   7896120     99.88        28     25976   8789836     31.98   4392600   3184220       116       132
05:51:33 PM    125628      9216   7896596     99.88        28     26056   8789836     31.98   4392652   3184220       116       132
05:51:38 PM    125628      9276   7896536     99.88        28     26284   8789836     31.98   4392776   3184220       116       132
05:51:43 PM    125628      9368   7896444     99.88        28     26284   8789836     31.98   4392964   3184220       116       132
05:51:48 PM    125628      9368   7896444     99.88        28     26284   8789836     31.98   4392964   3184220        20       132
05:51:53 PM    125628      9492   7896320     99.88        28     26572   8789836     31.98   4392964   3184468        20       132
05:51:58 PM    201920     94884   7810928     98.80        28     44728   8789836     31.98   4524496   2977444        96       132
05:52:03 PM    200940     94212   7811600     98.81        28     45412   8789836     31.98   4525228   2977448       116       132
05:52:08 PM    199176     93596   7812216     98.82        28     47720   8789836     31.98   4527632   2977448       116       132
05:52:13 PM    185552     84924   7820888     98.93        28     57548   8789836     31.98   4537616   2977576       304       132
05:52:18 PM    185552     84924   7820888     98.93        28     57548   8789836     31.98   4537652   2977576       308       132
05:52:23 PM    185552     85164   7820648     98.92        28     58152   8789836     31.98   4538096   2977612        72       132
05:52:28 PM    129016     27096   7878716     99.66        28     55088   8789836     31.98   5057196   2517980        96       128
05:52:33 PM    119340     17532   7888280     99.78        28     55212   8789836     31.98   5058468   2517792       304       128
05:52:38 PM    119168     17360   7888452     99.78        28     55384   8789836     31.98   5058468   2517792       304       128
05:52:43 PM    175056     75408   7830404     99.05        28     59596   8789836     31.98   5077536   2449176       304       128
05:52:48 PM    175056     75408   7830404     99.05        28     59596   8789836     31.98   5077536   2449176       304       128
05:52:53 PM    164808     65196   7840616     99.18        28     59604   8789836     31.98   5079264   2448688       312       128
05:52:58 PM    205204     86768   7819044     98.90        28     22012   8789836     31.98   2693248   4809280       136       128
05:53:03 PM    204636     86324   7819488     98.91        28     22240   8789836     31.98   2693364   4809488        96       128
05:53:08 PM    204476     86352   7819460     98.91        28     22692   8789836     31.98   2693736   4809488       116       128
05:53:13 PM    202236     84152   7821660     98.94        28     22692   8789836     31.98   2695848   4809488       116       128
05:53:18 PM    202236     84152   7821660     98.94        28     22692   8789836     31.98   2695896   4809488       116       128
05:53:23 PM    202236     84152   7821660     98.94        28     22692   8789836     31.98   2695920   4809488       116       128
05:53:28 PM    201596     83376   7822436     98.95        16     22604   8789836     31.98   5513364   1987480       116       124
05:53:33 PM    158756     53932   7851880     99.32        28     49212   8789836     31.98   5540364   1988060        20       124
05:53:38 PM    158532     53708   7852104     99.32        28     49308   8789836     31.98   5540364   1988060        96       124
05:53:43 PM    159384     54608   7851204     99.31        28     49308   8789836     31.98   5540380   1988156       116       124
05:53:48 PM    159384     54608   7851204     99.31        28     49308   8789836     31.98   5540380   1988156       116       124
05:53:53 PM    159384     54608   7851204     99.31        28     49308   8789836     31.98   5540380   1988156       116       124
05:53:58 PM    210236    105488   7800324     98.67        28     49360   8789836     31.98   5591064   1888724       116       124
05:54:03 PM    210012    105264   7800548     98.67        28     49360   8789836     31.98   5591136   1888724        20       124
05:54:08 PM    210012    105388   7800424     98.67        28     49664   8789836     31.98   5591136   1888972        20       124
05:54:13 PM    195224     96212   7809600     98.78        28     60836   8789836     31.98   5605052   1889452        96       124
05:54:18 PM    195532     96520   7809292     98.78        28     60836   8789836     31.98   5605052   1889452       116       124
05:54:23 PM    195532     96520   7809292     98.78        28     60836   8789836     31.98   5605052   1889452       116       124
05:54:28 PM    137868     26116   7879696     99.67        12     35644   8789836     31.98   3686976   3871760       116       124
05:54:33 PM    121360     11716   7894096     99.85        12     39780   8789836     31.98   3692232   3871708       120       124
05:54:38 PM    185260     80176   7825636     98.99        12     49240   8789836     31.98   3736440   3765936        24       124
05:54:43 PM    176384     71584   7834228     99.09        24     49528   8789836     31.98   3738284   3765848        24       124
05:54:48 PM    176400     71636   7834176     99.09        24     49624   8789836     31.98   3738220   3765916        96       124
05:54:53 PM    197444     92728   7813084     98.83        24     49624   8789836     31.98   3740196   3764120       116       124
05:54:58 PM    145456     40932   7864880     99.48        24     50004   8789836     31.98   3925456   3614672       116       124
05:55:03 PM    145232     40708   7865104     99.49        24     50004   8789836     31.98   3925456   3614672       116       124
05:55:08 PM    143016     38492   7867320     99.51        24     50008   8789836     31.98   3926336   3614580       120       124
05:55:13 PM    134700     35064   7870748     99.56        24     59780   8789836     31.98   3936300   3614580        24       124
05:55:18 PM    138332     38820   7866992     99.51        24     60100   8789836     31.98   3938376   3613688        24       124
05:55:23 PM    138332     38820   7866992     99.51        24     60200   8789836     31.98   3938376   3613692        96       124
05:55:28 PM    153044     48632   7857180     99.38        12     50244   8789836     31.98   6478664   1060952       116       124
05:55:33 PM    152820     48408   7857404     99.39        12     50304   8789836     31.98   6478672   1060952       116       124
05:55:38 PM    152820     48440   7857372     99.39        12     50304   8789836     31.98   6478700   1061012       116       124
05:55:43 PM    152820     48440   7857372     99.39        12     50304   8789836     31.98   6478700   1061012       116       124
05:55:48 PM    152820     48440   7857372     99.39        12     50304   8789836     31.98   6478716   1061012        20       124
05:55:53 PM    152820     48564   7857248     99.39        24     50572   8789836     31.98   6478724   1061260        20       124
05:55:58 PM    165052     52960   7852852     99.33         8     35152   8789836     31.98   2573416   4949756         0       124
05:56:03 PM    165052     53084   7852728     99.33         8     35324   8789836     31.98   2573624   4949804        20       124
05:56:08 PM    165052     53132   7852680     99.33         8     35324   8789836     31.98   2573640   4949936        20       124
05:56:13 PM    165052     53132   7852680     99.33         8     35356   8789836     31.98   2573640   4949936        20       124
05:56:18 PM    165052     53148   7852664     99.33         8     35356   8789836     31.98   2573672   4949968        20       124
05:56:23 PM    165052     53148   7852664     99.33         8     35356   8789836     31.98   2573672   4949968        20       124
05:56:28 PM    210656     98732   7807080     98.75        20     35304   8789836     31.98   2627256   4847860        20       124
05:56:33 PM    210404     98488   7807324     98.75        20     35400   8789836     31.98   2627276   4847876        96       124
05:56:38 PM    199708     87836   7817976     98.89        20     35408   8789836     31.98   2639528   4836820       124       124
05:56:43 PM    199708     87836   7817976     98.89        20     35408   8789836     31.98   2639532   4836820       124       124
05:56:48 PM    205684     93812   7812000     98.81        20     35408   8789836     31.98   2653492   4823648       124       124
05:56:53 PM    205432     93560   7812252     98.82        20     35408   8789836     31.98   2653492   4823648       124       124
05:56:58 PM    130552     19324   7886488     99.76        20     36700   8789836     31.98   1519516   6047752        28       124
05:57:03 PM    123272     14364   7891448     99.82        20     41456   8789836     31.98   1524144   6047876        28       124
05:57:08 PM    193948     84424   7821388     98.93        20     40108   8789836     31.98   2121752   5382056        96       124
05:57:13 PM    174544     71572   7834240     99.09        20     53216   8789836     31.98   2137892   5382268       304       128
05:57:18 PM    165560     62588   7843224     99.21        20     53216   8789836     31.98   2151904   5368756       304       128
05:57:23 PM    165560     62588   7843224     99.21        20     53216   8789836     31.98   2151904   5368756       304       128
05:57:28 PM    149268     40540   7865272     99.49         4     41720   8789836     31.98   1698344   5844272       304       128
05:57:33 PM    140980     34084   7871728     99.57         8     45444   8789836     31.98   1702020   5844428        20       128
05:57:38 PM    131412     25820   7879992     99.67        16     47976   8789836     31.98   1717344   5832568        20       128
05:57:43 PM    130656     28036   7877776     99.65        16     54028   8789836     31.98   1723532   5832664        96       128
05:57:48 PM    135616     32996   7872816     99.58        16     54028   8789836     31.98   1731808   5825268       116       128
05:57:53 PM    135552     32984   7872828     99.58        16     54028   8789836     31.98   1731956   5825100       116       128
05:57:58 PM    123812     17480   7888332     99.78        16     46500   8789836     31.98   6999716    583624        80       128
05:58:03 PM    122580     16248   7889564     99.79        16     46536   8789836     31.98   6999828    583624       100       128
05:58:08 PM    122076     15748   7890064     99.80        16     46536   8789836     31.98   6999828    583628       100       128
05:58:13 PM    122076     15824   7889988     99.80        16     46696   8789836     31.98   6999828    583784        20       128
05:58:18 PM    122076     15824   7889988     99.80        16     46696   8789836     31.98   6999828    583784        20       128
05:58:23 PM    122076     15844   7889968     99.80        16     46696   8789836     31.98   6999828    583820        20       128
05:58:28 PM    184172     71408   7834404     99.10        16     33632   8789836     31.98   4028912   3481532         0       128
05:58:33 PM    157744     54452   7851360     99.31        16     52680   8789836     31.98   4048188   3481584        20       128
05:58:38 PM    157520     54228   7851584     99.31        16     52680   8789836     31.98   4048188   3481584        20       128
05:58:43 PM    157348     54108   7851704     99.32        16     52680   8789836     31.98   4048292   3481620        20       128
05:58:48 PM    157268     54028   7851784     99.32        16     52680   8789836     31.98   4048296   3481620        20       128
05:58:53 PM    176044     72800   7833012     99.08        16     52676   8789836     31.98   4066900   3461904        20       128
05:58:58 PM    220660    109896   7795916     98.61         8     37644   8789836     31.98   2888936   4589956        20       128
05:59:03 PM    219932    109292   7796520     98.62        16     37996   8789836     31.98   2888980   4590204        80       128
05:59:08 PM    219932    109292   7796520     98.62        16     37996   8789836     31.98   2888980   4590204       100       128
05:59:13 PM    187964     87936   7817876     98.89        16     59116   8789836     31.98   2914848   4590848       100       128
05:59:18 PM    187964     87936   7817876     98.89        16     59116   8789836     31.98   2914848   4590848       100       128
05:59:23 PM    187964     87940   7817872     98.89        16     59116   8789836     31.98   2914892   4590848       100       128
05:59:28 PM    144980     35912   7869900     99.55         4     41040   8789836     31.98   3112936   4435128       100       128
05:59:33 PM    144600     35672   7870140     99.55        16     41308   8789836     31.98   3113260   4435268        20       128
05:59:38 PM    140392     32668   7873144     99.59        16     43976   8789836     31.98   3115668   4435268        80       128
05:59:43 PM    140316     32740   7873072     99.59        16     44008   8789836     31.98   3115904   4435348       100       128
05:59:48 PM    140316     32740   7873072     99.59        16     44012   8789836     31.98   3115904   4435348       104       128
05:59:53 PM    140316     32740   7873072     99.59        16     44012   8789836     31.98   3115904   4435352       104       128
05:59:58 PM    192624     79916   7825896     98.99         4     33808   8789836     31.98   3672060   3829432       104       128
06:00:03 PM    192172     79684   7826128     98.99         4     34196   8789836     31.98   3672744   3829428       104       128
06:00:08 PM    192172     79808   7826004     98.99        16     34484   8789836     31.98   3672768   3829676        24       128
06:00:13 PM    184232     75468   7830344     99.05        16     41632   8789836     31.98   3679936   3829828        80       128
06:00:18 PM    184136     75436   7830376     99.05        16     41772   8789836     31.98   3680104   3829828       108       128
06:00:23 PM    183884     75188   7830624     99.05        16     41772   8789836     31.98   3680128   3829836       108       128
06:00:28 PM    218096    104884   7800928     98.67        16     32736   8789836     31.98   4330000   3149608       108       128
06:00:33 PM    213712    100500   7805312     98.73        16     32736   8789836     31.98   4331680   3148692       108       128
06:00:38 PM    213712    100584   7805228     98.73        16     32908   8789836     31.98   4331852   3148692        28       128
06:00:43 PM    204164     91196   7814616     98.85        16     33224   8789836     31.98   4334580   3147236        28       128
06:00:48 PM    204164     91236   7814576     98.85        16     33304   8789836     31.98   4334584   3147316        80       128
06:00:53 PM    202432     89504   7816308     98.87        16     33304   8789836     31.98   4335708   3146544       100       128
06:00:58 PM    200596     77156   7828656     99.02         4     12324   8789836     31.98   3154180   4328528       100       128
06:01:03 PM    200320     76912   7828900     99.03         4     12388   8789836     31.98   3154372   4328592       100       128
06:01:08 PM    200320     76912   7828900     99.03         4     12388   8789836     31.98   3154372   4328592       100       128
06:01:13 PM    183688     67424   7838388     99.15         4     26676   8789836     31.98   3172384   4328592        20       128
06:01:18 PM    183688     67548   7838264     99.15        16     26964   8789836     31.98   3172384   4328840        20       128
06:01:23 PM    183688     67552   7838260     99.15        16     27044   8789836     31.98   3172384   4328852        80       128
06:01:28 PM    158572     40228   7865584     99.49         4     22560   8789836     31.98   2536292   4991048       100       128
06:01:33 PM    157096     38908   7866904     99.51         4     22840   8789836     31.98   2538128   4991052       104       128
06:01:38 PM    152628     37948   7867864     99.52         4     29896   8789836     31.98   2545252   4991052       104       128
06:01:43 PM    152560     38032   7867780     99.52         4     30208   8789836     31.98   2545564   4991056       108       128
06:01:48 PM    152560     38056   7867756     99.52         4     30208   8789836     31.98   2545616   4991056        28       128
06:01:53 PM    151552     37108   7868704     99.53        16     30480   8789836     31.98   2545624   4991172        28       128
06:01:58 PM    221556    111552   7794260     98.59        16     39276   8789836     31.98   5112012   2352636        96       124
06:02:03 PM    215876    109472   7796340     98.62        16     46388   8789836     31.98   5119416   2352644       116       124
06:02:08 PM    211620    106504   7799308     98.65        16     49044   8789836     31.98   5122324   2352644       116       124
06:02:13 PM    207840    106612   7799200     98.65        16     56744   8789836     31.98   5130508   2352836       304       128
06:02:18 PM    207840    106612   7799200     98.65        16     56744   8789836     31.98   5130592   2352836       304       128
06:02:23 PM    207840    106612   7799200     98.65        16     56796   8789836     31.98   5130592   2352836       180       128
06:02:28 PM    159636     58044   7847768     99.27        16     56104   8789836     31.98   5704116   1843536        84       128
06:02:33 PM    200020     99128   7806684     98.75        16     57476   8789836     31.98   5712116   1791484       284       128
06:02:38 PM    188440     87576   7818236     98.89        16     57476   8789836     31.98   5713208   1791388       284       128
06:02:43 PM    184984     86104   7819708     98.91        16     61540   8789836     31.98   5717260   1791388       284       128
06:02:48 PM    180888     82056   7823756     98.96        16     61540   8789836     31.98   5718100   1791356       284       128
06:02:53 PM    180888     82056   7823756     98.96        16     61540   8789836     31.98   5718108   1791356       284       128
06:02:58 PM    135600     18388   7887424     99.77         4     25088   8789836     31.98    691004   6874240       284       128
06:03:03 PM    130608     13604   7892208     99.83        16     25432   8789836     31.98    696360   6874056        20       128
06:03:08 PM    123216      9208   7896604     99.88        16     31460   8789836     31.98    702328   6874176        20       128
06:03:13 PM    177004     71032   7834780     99.10        16     47272   8789836     31.98    715504   6806960        20       128
06:03:18 PM    177004     71040   7834772     99.10        16     47272   8789836     31.98    715660   6806960        20       128
06:03:23 PM    177004     71040   7834772     99.10        16     47272   8789836     31.98    715660   6806960        20       128
06:03:28 PM    141316     28324   7877488     99.64         4     33192   8789836     31.98   2806332   4751120        20       128
06:03:33 PM    214460    107668   7798144     98.64         4     45760   8789836     31.98   3076052   4404876        80       128
06:03:38 PM    210504    106184   7799628     98.66         4     50748   8789836     31.98   3081028   4404876       100       128
06:03:43 PM    210428    106244   7799568     98.66        16     50956   8789836     31.98   3081172   4405000        20       128
06:03:48 PM    210428    106304   7799508     98.66        16     50956   8789836     31.98   3081220   4405080        20       128
06:03:53 PM    210428    106304   7799508     98.66        16     50956   8789836     31.98   3081220   4405080        20       128
06:03:58 PM    143176     39052   7866760     99.51        16     50956   8789836     31.98   3148988   4405080        20       128
06:04:03 PM    143144     39048   7866764     99.51        16     51016   8789836     31.98   3149052   4405080        28       128
06:04:08 PM    143144     39100   7866712     99.51        16     51112   8789836     31.98   3149160   4405184        80       128
06:04:13 PM    126528     29688   7876124     99.62        16     65540   8789836     31.98   3166252   4405692       100       128
06:04:18 PM    126528     29700   7876112     99.62        16     65540   8789836     31.98   3166296   4405720       100       128
06:04:23 PM    126528     29700   7876112     99.62        16     65540   8789836     31.98   3166296   4405720       100       128
06:04:28 PM    114112     16804   7889008     99.79        16     64852   8789836     31.98   2743532   4839120       100       128
06:04:33 PM    141052     36620   7869192     99.54        16     50408   8789836     31.98   4133056   3431932        80       124
06:04:38 PM    136956     32660   7873152     99.59        16     50600   8789836     31.98   4136868   3428832        20       124
06:04:43 PM    136704     32408   7873404     99.59        16     50600   8789836     31.98   4136888   3428832        20       124
06:04:48 PM    130560     26264   7879548     99.67        16     50600   8789836     31.98   4141752   3424452        20       124
06:04:53 PM    130560     26264   7879548     99.67        16     50600   8789836     31.98   4141752   3424452        20       124
06:04:58 PM    123344     13216   7892596     99.83        16     38908   8789836     31.98   5938176   1641740        24       124
06:05:03 PM    166608     51664   7854148     99.35         4     29316   8789836     31.98   3073436   4462912        24       124
06:05:08 PM    166608     51704   7854108     99.35         4     29428   8789836     31.98   3073436   4462996        96       124
06:05:13 PM    150508     41868   7863944     99.47         4     41988   8789836     31.98   3090420   4463028       116       124
06:05:18 PM    150508     41892   7863920     99.47         4     41988   8789836     31.98   3090472   4463028       116       124
06:05:23 PM    150508     41900   7863912     99.47         4     41988   8789836     31.98   3090504   4463028       116       124
06:05:28 PM    155612     45856   7859956     99.42         4     39688   8789836     31.98   3231248   4315748       116       124
06:05:33 PM    144760     35160   7870652     99.56         4     40096   8789836     31.98   3244096   4315748       116       124
06:05:38 PM    142744     33332   7872480     99.58        16     40576   8789836     31.98   3244096   4316120        20       124
06:05:43 PM    142744     33436   7872376     99.58        16     40656   8789836     31.98   3244252   4316240        80       124
06:05:48 PM    142744     33436   7872376     99.58        16     40656   8789836     31.98   3244252   4316240       100       124
06:05:53 PM    142744     33476   7872336     99.58        16     40656   8789836     31.98   3244252   4316320       100       124
06:05:58 PM    105340    105340   7800472     98.67        16     25176   8789836     31.98   1593528   5999872       100       124
06:06:03 PM    137288     15456   7890356     99.80        16     15592   8789836     31.98    687464   6871812        80       124
06:06:08 PM    137288     15492   7890320     99.80        16     15604   8789836     31.98    687468   6871884       100       124
06:06:13 PM    129224      9476   7896336     99.88        16     19756   8789836     31.98    691452   6872004        20       124
06:06:18 PM    129224      9476   7896336     99.88        16     19756   8789836     31.98    691452   6872004        20       124
06:06:23 PM    129224      9508   7896304     99.88        16     19756   8789836     31.98    691452   6872064        20       124
06:06:28 PM    114064    114064   7791748     98.56        16     19584   8789836     31.98    716152   6859936        20       124
06:06:33 PM    116700    116700   7789112     98.52         4     16672   8789836     31.98   4460248   3111472       100       124
06:06:38 PM    116700    116700   7789112     98.52         4     17152   8789836     31.98   4460496   3111472       100       124
06:06:43 PM    114544    114544   7791268     98.55         4     17388   8789836     31.98   4464804   3107800       100       124
06:06:48 PM    114544    114544   7791268     98.55         4     17392   8789836     31.98   4464952   3107800       100       124
06:06:53 PM    192484     73000   7832812     99.08         4     20280   8789836     31.98   1600744   5890312         0       124
06:06:58 PM    174100     66216   7839596     99.16         4     43436   8789836     31.98   1625096   5890384        20       124
06:07:03 PM    124504     16724   7889088     99.79        16     43632   8789836     31.98   2358640   5210164        20       124
06:07:08 PM    124252     17628   7888184     99.78        16     45940   8789836     31.98   2361132   5210164        20       124
06:07:13 PM    190992     89940   7815872     98.86        16     57092   8789836     31.98   2484776   5019596       208       128
06:07:18 PM    190992     89940   7815872     98.86        16     57092   8789836     31.98   2484820   5019596       208       128
06:07:23 PM    190992     89940   7815872     98.86        16     57092   8789836     31.98   2484956   5019596       212       128
06:07:28 PM    190992     89940   7815872     98.86        16     57172   8789836     31.98   2484956   5019596       272       128
06:07:33 PM    133252     31296   7874516     99.60        16     55284   8789836     31.98   3338704   4217432       160       128
06:07:38 PM    133000     31100   7874712     99.61        16     55600   8789836     31.98   3338824   4217436        24       128
06:07:43 PM    127736     27744   7878068     99.65        16     59280   8789836     31.98   3342468   4217764        32       128
06:07:48 PM    127736     27744   7878068     99.65        16     59280   8789836     31.98   3342468   4217764        32       128
06:07:53 PM    127736     27780   7878032     99.65        16     59280   8789836     31.98   3342656   4217764        32       128
06:07:58 PM    127736     27780   7878032     99.65        16     59280   8789836     31.98   3342656   4217764        32       128
06:08:03 PM    122416       100   7905712    100.00         4     14580   8789836     31.98   2832152   4746300         0       128
06:08:08 PM    122416       224   7905588    100.00         4     14864   8789836     31.98   2832400   4746300        20       128
06:08:13 PM    211636     94800   7811012     98.80         4     25532   8789836     31.98   2920620   4560492        24       128
06:08:18 PM    207632     92780   7813032     98.83         4     29512   8789836     31.98   2924596   4560492        24       128
06:08:23 PM    207632     93008   7812804     98.82        16     29948   8789836     31.98   2924692   4560856        24       128
06:08:28 PM    207632     93132   7812680     98.82        16     30208   8789836     31.98   2924940   4560856        24       128
06:08:33 PM    124644     18196   7887616     99.77        16     46296   8789836     31.98   3117500   4450024        24       128
06:08:38 PM    124644     18196   7887616     99.77        16     46376   8789836     31.98   3117500   4450024        80       128
06:08:43 PM    124252     17844   7887968     99.77        16     46376   8789836     31.98   3125420   4442888       100       128
06:08:48 PM    123272     17048   7888764     99.78        16     46836   8789836     31.98   3125792   4442888       100       128
06:08:53 PM    128824     22596   7883216     99.71        16     46836   8789836     31.98   3139300   4430404        20       128
06:08:58 PM    128600     22416   7883396     99.72        16     46836   8789836     31.98   3139388   4430404        20       128
06:09:03 PM    125524     13792   7892020     99.83        16     35736   8789836     31.98    988276   6583432        20       128
06:09:08 PM    124636     13032   7892780     99.84        16     35992   8789836     31.98    988216   6583632        20       128
06:09:13 PM    145964     42620   7863192     99.46        16     52504   8789836     31.98   1544448   6010312        80       128
06:09:18 PM    142352     40384   7865428     99.49        16     55428   8789836     31.98   1547212   6010312       100       128
06:09:23 PM    142184     40264   7865548     99.49        16     55452   8789836     31.98   1547312   6010312       100       128
06:09:28 PM    142184     40312   7865500     99.49        16     55452   8789836     31.98   1547408   6010312       100       128
06:09:33 PM    170000     55636   7850176     99.30         4     30536   8789836     31.98   2280524   5248156       100       124
06:09:38 PM    154004     43836   7861976     99.45         4     39140   8789836     31.98   2289000   5248220        20       124
06:09:43 PM    153620     43708   7862104     99.45        16     39508   8789836     31.98   2289296   5248468        20       124
06:09:48 PM    153620     43780   7862032     99.45        16     39588   8789836     31.98   2289456   5248468        80       124
06:09:53 PM    153620     43780   7862032     99.45        16     39588   8789836     31.98   2289456   5248468       100       124
06:09:58 PM    153620     43820   7861992     99.45        16     39588   8789836     31.98   2289456   5248548       100       124
06:10:03 PM    191444     69352   7836460     99.12         4     15092   8789836     31.98   3039968   4467488       100       124
06:10:08 PM    174256     59016   7846796     99.25         4     28760   8789836     31.98   3053944   4467556       104       124
06:10:13 PM    166444     55992   7849820     99.29         4     38400   8789836     31.98   3063560   4467588        24       124
06:10:18 PM    158380     48100   7857712     99.39        16     38656   8789836     31.98   3063664   4467836        24       124
06:10:23 PM    158380     48100   7857712     99.39        16     38736   8789836     31.98   3063664   4467836        80       124
06:10:28 PM    158380     48148   7857664     99.39        16     38736   8789836     31.98   3063664   4467936       100       124
06:10:33 PM    189576     79388   7826424     99.00        16     38820   8789836     31.98   3168060   4332704       100       124
06:10:38 PM    189404     79388   7826424     99.00        16     39340   8789836     31.98   3168512   4332708       104       124
06:10:43 PM    189324     79380   7826432     99.00        16     39532   8789836     31.98   3168664   4332708       104       124
06:10:48 PM    189324     79492   7826320     98.99        16     39532   8789836     31.98   3168884   4332708        24       124
06:10:53 PM    189324     79552   7826260     98.99        16     39740   8789836     31.98   3168884   4332832        24       124
06:10:58 PM    189324     79636   7826176     98.99        16     39820   8789836     31.98   3168912   4332996        80       124
06:11:03 PM    130616     20352   7885460     99.74        16     38768   8789836     31.98   3945404   3633204        80       124
06:11:08 PM    121796     13324   7892488     99.83        16     42256   8789836     31.98   3948940   3633320       100       124
06:11:13 PM    191292     82972   7822840     98.95        16     42560   8789836     31.98   3976012   3534492       100       124
06:11:18 PM    191100     82780   7823032     98.95        16     42560   8789836     31.98   3976080   3534492       100       124
06:11:23 PM    191068     82748   7823064     98.95        16     42560   8789836     31.98   3976080   3534492       100       124
06:11:28 PM    191068     82840   7822972     98.95        16     42744   8789836     31.98   3976080   3534676        28       124
06:11:33 PM    200624     76200   7829612     99.04         4     10440   8789836     31.98   1341456   6154648         0       124
06:11:38 PM    198384     74608   7831204     99.06         4     11700   8789836     31.98   1342668   6154748        20       124
06:11:43 PM    190644     70824   7834988     99.10         4     19784   8789836     31.98   1350580   6154748        20       124
06:11:48 PM    190572     70876   7834936     99.10         4     19820   8789836     31.98   1350836   6154748        20       124
06:11:53 PM    182760     65852   7839960     99.17         4     25604   8789836     31.98   1356416   6154748        20       124
06:11:58 PM    166964     58892   7846920     99.26         4     43068   8789836     31.98   1374692   6154784        20       124
06:12:03 PM    130224     20684   7885128     99.74        16     40264   8789836     31.98   1788288   5782944         0       124
06:12:08 PM    124204     16716   7889096     99.79        16     44224   8789836     31.98   1792420   5783096        20       124
06:12:13 PM    207900    106920   7798892     98.65         4     57252   8789836     31.98   4380720   3108624       208       128
06:12:18 PM    207900    107512   7798300     98.64         4     58460   8789836     31.98   4382012   3108624       208       128
06:12:23 PM    207900    107960   7797852     98.63         4     59448   8789836     31.98   4382968   3108624       208       128
06:12:28 PM    207676    107764   7798048     98.64         4     59448   8789836     31.98   4383108   3108624       208       128
06:12:33 PM    169864     70380   7835432     99.11         8     60288   8789836     31.98   4522144   3002124        68       128
06:12:38 PM    169640     70180   7835632     99.11         8     60368   8789836     31.98   4522164   3002172       128       128
06:12:43 PM    167624     70268   7835544     99.11        16     64496   8789836     31.98   4526452   3002488        24       128
06:12:48 PM    167464     70108   7835704     99.11        16     64496   8789836     31.98   4526472   3002488        24       128
06:12:53 PM    167400     70048   7835764     99.11        16     64496   8789836     31.98   4526544   3002488        24       128
06:12:58 PM    167400     70048   7835764     99.11        16     64496   8789836     31.98   4526544   3002488        24       128
06:13:03 PM    124400     12336   7893476     99.84        16     35108   8789836     31.98   3211380   4363356        24       128
06:13:08 PM    124148     12208   7893604     99.85        16     35576   8789836     31.98   3211628   4363356        24       128
06:13:13 PM    211128    104384   7801428     98.68        16     45732   8789836     31.98   3226016   4261908        80       128
06:13:18 PM    211128    104384   7801428     98.68        16     45732   8789836     31.98   3226016   4261908       100       128
06:13:23 PM    211128    104392   7801420     98.68        16     45732   8789836     31.98   3226052   4261908       100       128
06:13:28 PM    211128    104392   7801420     98.68        16     45732   8789836     31.98   3226052   4261908       100       128
06:13:33 PM    116156      9640   7896172     99.88         4     46408   8789836     31.98    658944   6917040        96       128
06:13:38 PM    180816     78876   7826936     99.00         4     55364   8789836     31.98   1539360   5967416        96       128
06:13:43 PM    179948     78232   7827580     99.01        16     55868   8789836     31.98   1539556   5967768        24       128
06:13:48 PM    179800     78116   7827696     99.01        16     55868   8789836     31.98   1539588   5967836        24       128
06:13:53 PM    179696     78064   7827748     99.01        16     55936   8789836     31.98   1539656   5967868        24       128
06:13:58 PM    179696     78124   7827688     99.01        16     56156   8789836     31.98   1539808   5967868        24       128
06:14:03 PM    127028     25808   7880004     99.67        16     56760   8789836     31.98   1594360   5967868        24       128
06:14:08 PM    127028     25808   7880004     99.67        16     56760   8789836     31.98   1594360   5967868        24       128
06:14:13 PM    113048     17036   7888776     99.78        16     67400   8789836     31.98   1607612   5968248         0       128
06:14:18 PM    112924     17052   7888760     99.78        16     67560   8789836     31.98   1607772   5968356        20       128
06:14:23 PM    112924     17104   7888708     99.78        16     67560   8789836     31.98   1607960   5968356        20       128
06:14:28 PM    112924     17104   7888708     99.78        16     67560   8789836     31.98   1607960   5968356        20       128
06:14:33 PM    183784     87616   7818196     98.89        16     66864   8789836     31.98   2996432   4528640        20       124
06:14:38 PM    183308     87140   7818672     98.90        16     67036   8789836     31.98   2996432   4528640        20       124
06:14:43 PM    183308     87368   7818444     98.89        16     67316   8789836     31.98   2996792   4528848        20       124
06:14:48 PM    182552     86612   7819200     98.90        16     67400   8789836     31.98   2996800   4528848        80       124
06:14:53 PM    182552     86652   7819160     98.90        16     67400   8789836     31.98   2996800   4528932       100       124
06:14:58 PM    182552     86652   7819160     98.90        16     67400   8789836     31.98   2996800   4528932       100       124
06:15:03 PM    153800     30512   7875300     99.61         4     12636   8789836     31.98   1322896   6230180       100       124
06:15:08 PM    152540     29576   7876236     99.63         4     13424   8789836     31.98   1323540   6230196       108       124
06:15:13 PM    130364     15320   7890492     99.81         4     29120   8789836     31.98   1343692   6230204        28       124
06:15:18 PM    130364     15416   7890396     99.81        16     29412   8789836     31.98   1343872   6230396        32       124
06:15:23 PM    130364     15520   7890292     99.80        16     29508   8789836     31.98   1343884   6230604        80       124
06:15:28 PM    130364     15520   7890292     99.80        16     29508   8789836     31.98   1343900   6230604       100       124
06:15:33 PM    143568     29108   7876704     99.63        16     30344   8789836     31.98   1430004   6130896       100       124
06:15:38 PM    141848     28540   7877272     99.64        16     32924   8789836     31.98   1432360   6130896       100       124
06:15:43 PM    141804     28772   7877040     99.64        16     33136   8789836     31.98   1432928   6130896       100       124
06:15:48 PM    141804     28772   7877040     99.64        16     33136   8789728     31.98   1432928   6130896        20       124
Average:      2123672   2112278   5793534     73.28       783    174786   8789531     31.98   3596984   1981150       104      3106
