Linux 7.0.11-arch1-1 (archlinux) 	06/04/2026 	_x86_64_	(4 CPU)

06:34:17 PM  pgpgin/s pgpgout/s   fault/s  majflt/s  pgfree/s pgscank/s pgscand/s pgsteal/s  pgprom/s   pgdem/s
06:34:22 PM      0.00      0.00   1479.00      0.00    419.20      0.00      0.00      0.00      0.00      0.00
06:34:27 PM      0.00      0.00      0.60      0.00      4.00      0.00      0.00      0.00      0.00      0.00
06:34:32 PM      3.20    362.40      0.00      0.00      4.00      0.00      0.00      0.00      0.00      0.00
06:34:37 PM      0.00     80.00      0.00      0.00    106.40      0.00      0.00      0.00      0.00      0.00
06:34:42 PM    127.20    952.00      0.40      0.20    416.40      0.00      0.00      0.00      0.00      0.00
06:34:47 PM     84.80      0.80      2.00      0.80      8.20      0.00      0.00      0.00      0.00      0.00
06:34:52 PM    147.20      0.00      2.00      0.60     13.60      0.00      0.00      0.00      0.00      0.00
06:34:57 PM     70.40      0.00      8.00      1.60      4.00      0.00      0.00      0.00      0.00      0.00
06:35:02 PM      8.00    202.40      0.40      0.40     53.40      0.00      0.00      0.00      0.00      0.00
06:35:07 PM    228.80      4.80      2.60      0.80     36.40      0.00      0.00      0.00      0.00      0.00
06:35:12 PM     40.00      0.00      1.40      1.00      5.20      0.00      0.00      0.00      0.00      0.00
06:35:17 PM      0.80    171.20      1.20      0.20   1300.40      0.00      0.00      0.00      0.00      0.00
06:35:22 PM    915.20     61.60      9.20      4.60     39.60      0.00      0.00      0.00      0.00      0.00
06:35:27 PM    305.60     36.00     14.20      1.60    110.20      0.00      0.00      0.00      0.00      0.00
06:35:32 PM      3.20      1.60      5.80      0.00     15.80      0.00      0.00      0.00      0.00      0.00
06:35:37 PM    275.20      0.00      2.00      0.20     10.60      0.00      0.00      0.00      0.00      0.00
06:35:42 PM    795.20    144.00      7.20      3.20    195.20      0.00      0.00      0.00      0.00      0.00
06:35:47 PM     40.80      0.00      6.80      0.60     27.80      0.00      0.00      0.00      0.00      0.00
06:35:52 PM     53.60      1.60      1.20      0.40     38.40      0.00      0.00      0.00      0.00      0.00
06:35:57 PM    117.60      0.80     10.80      7.00     38.60      0.00      0.00      0.00      0.00      0.00
06:36:02 PM    179.20      0.00      5.80      0.60     11.20      0.00      0.00      0.00      0.00      0.00
06:36:07 PM     22.40     20.00      0.00      0.00      4.00      0.00      0.00      0.00      0.00      0.00
06:36:12 PM      9.60     98.40      0.20      0.00      3.80      0.00      0.00      0.00      0.00      0.00
06:36:17 PM    298.40      0.00      4.80      1.00      0.80      0.00      0.00      0.00      0.00      0.00
06:36:22 PM      0.00      0.00      1.40      0.00      4.40      0.00      0.00      0.00      0.00      0.00
06:36:27 PM      0.00      0.80      2.00      0.00     43.20      0.00      0.00      0.00      0.00      0.00
06:36:32 PM     20.80      0.00      0.40      0.40      5.40      0.00      0.00      0.00      0.00      0.00
06:36:37 PM     20.00      0.00      0.20      0.20      6.40      0.00      0.00      0.00      0.00      0.00
06:36:42 PM     56.00      0.00      3.00      2.00      6.00      0.00      0.00      0.00      0.00      0.00
06:36:47 PM      0.00     11.20      1.20      0.00     20.60      0.00      0.00      0.00      0.00      0.00
06:36:52 PM   2406.40    105.60    609.80     13.40    493.80      0.00      0.00      0.00      0.00      0.00
06:36:57 PM      0.00      0.00      0.00      0.00      3.80      0.00      0.00      0.00      0.00      0.00
06:37:02 PM      0.00      0.00      0.00      0.00      3.80      0.00      0.00      0.00      0.00      0.00
06:37:07 PM      0.00     34.40      0.00      0.00     18.40      0.00      0.00      0.00      0.00      0.00
06:37:12 PM      9.60    366.40      0.00      0.00    197.00      0.00      0.00      0.00      0.00      0.00
06:37:17 PM     43.20      6.40      6.80      7.00     13.40      0.00      0.00      0.00      0.00      0.00
06:37:22 PM    125.60    191.20      2.00      0.40     31.20      0.00      0.00      0.00      0.00      0.00
06:37:27 PM    146.40     12.00     13.80      2.40     27.00      0.00      0.00      0.00      0.00      0.00
06:37:32 PM      0.00      2.40      0.00      0.00      8.60      0.00      0.00      0.00      0.00      0.00
06:37:37 PM      0.00      4.80      0.00      0.00     11.00      0.00      0.00      0.00      0.00      0.00
06:37:42 PM     19.20      0.00      4.80      4.80      5.20      0.00      0.00      0.00      0.00      0.00
06:37:47 PM     16.00      1.60      0.00      0.00      3.40      0.00      0.00      0.00      0.00      0.00
06:37:52 PM     55.20    168.80      1.40      0.20     15.40      0.00      0.00      0.00      0.00      0.00
06:37:57 PM     22.40      0.00      4.80      5.00    237.40      0.00      0.00      0.00      0.00      0.00
06:38:02 PM      0.00      3.20      1.60      0.00      9.20      0.00      0.00      0.00      0.00      0.00
06:38:07 PM     12.80      0.80      3.20      3.20      7.80      0.00      0.00      0.00      0.00      0.00
06:38:12 PM      0.00      0.00      0.00      0.00      4.00      0.00      0.00      0.00      0.00      0.00
06:38:17 PM      0.00      0.00      0.00      0.00      0.40      0.00      0.00      0.00      0.00      0.00
06:38:22 PM     32.80      4.00      0.60      0.20      6.80      0.00      0.00      0.00      0.00      0.00
06:38:27 PM     22.40      5.60      5.20      1.40     11.60      0.00      0.00      0.00      0.00      0.00
06:38:32 PM      5.60      0.00      1.80      1.40      3.80      0.00      0.00      0.00      0.00      0.00
06:38:37 PM      0.00      0.00      0.20      0.00      4.00      0.00      0.00      0.00      0.00      0.00
06:38:42 PM     13.60      0.00      0.20      0.20      4.00      0.00      0.00      0.00      0.00      0.00
06:38:47 PM     91.20      0.00      3.20      0.80      1.00      0.00      0.00      0.00      0.00      0.00
06:38:52 PM     35.20    194.40      0.20      0.00     16.20      0.00      0.00      0.00      0.00      0.00
06:38:57 PM      3.20      3.20      0.00      0.00      4.20      0.00      0.00      0.00      0.00      0.00
06:39:02 PM      0.00      0.00      0.00      0.00      3.80      0.00      0.00      0.00      0.00      0.00
06:39:07 PM      0.00      0.00      0.00      0.00      3.80      0.00      0.00      0.00      0.00      0.00
06:39:12 PM      0.00      0.00      0.00      0.00      4.00      0.00      0.00      0.00      0.00      0.00
06:39:17 PM      0.00      0.00      0.00      0.00      0.40      0.00      0.00      0.00      0.00      0.00
06:39:22 PM      3.20     49.60      0.00      0.00     28.40      0.00      0.00      0.00      0.00      0.00
06:39:27 PM     49.60    124.80      1.20      1.20      9.60      0.00      0.00      0.00      0.00      0.00
06:39:32 PM      3.20      8.80      0.00      0.00     27.00      0.00      0.00      0.00      0.00      0.00
06:39:37 PM     16.80      0.00      0.20      0.20      8.80      0.00      0.00      0.00      0.00      0.00
06:39:42 PM      0.00      8.00      0.00      0.00      8.20      0.00      0.00      0.00      0.00      0.00
06:39:47 PM     10.40      0.00      3.00      2.60      1.80      0.00      0.00      0.00      0.00      0.00
06:39:52 PM      0.00      0.80      0.00      0.00      5.00      0.00      0.00      0.00      0.00      0.00
06:39:57 PM     10.40     48.00      5.80      5.80      4.80      0.00      0.00      0.00      0.00      0.00
06:40:02 PM     35.20    149.60      0.00      0.00      8.00      0.00      0.00      0.00      0.00      0.00
06:40:07 PM      0.00      3.20      0.00      0.00      4.00      0.00      0.00      0.00      0.00      0.00
06:40:12 PM     21.60      0.00      2.40      1.80      6.60      0.00      0.00      0.00      0.00      0.00
06:40:17 PM      0.00      0.00      0.20      0.00      1.40      0.00      0.00      0.00      0.00      0.00
06:40:22 PM    112.80      0.00      7.00      0.80      5.80      0.00      0.00      0.00      0.00      0.00
06:40:27 PM     20.80     48.80      2.00      0.40      5.80      0.00      0.00      0.00      0.00      0.00
06:40:32 PM      0.00     91.20      5.20      0.00      4.20      0.00      0.00      0.00      0.00      0.00
06:40:37 PM      9.60    175.20      0.00      0.00      4.00      0.00      0.00      0.00      0.00      0.00
06:40:42 PM      0.00      4.00      0.00      0.00      4.20      0.00      0.00      0.00      0.00      0.00
06:40:47 PM      0.00      0.00      0.00      0.00      0.60      0.00      0.00      0.00      0.00      0.00
06:40:52 PM      3.20     23.20      0.00      0.00     23.60      0.00      0.00      0.00      0.00      0.00
06:40:57 PM      0.00      3.20      0.00      0.00     68.60      0.00      0.00      0.00      0.00      0.00
06:41:02 PM      0.80      0.00      1.20      0.20      4.40      0.00      0.00      0.00      0.00      0.00
06:41:07 PM     41.60    258.40      0.00      0.00      4.00      0.00      0.00      0.00      0.00      0.00
06:41:12 PM      0.00      0.00      0.00      0.00      3.80      0.00      0.00      0.00      0.00      0.00
06:41:17 PM      3.20      4.80      0.00      0.00      0.60      0.00      0.00      0.00      0.00      0.00
06:41:22 PM      0.00      0.00      0.00      0.00      4.00      0.00      0.00      0.00      0.00      0.00
06:41:27 PM      0.00      0.00      0.20      0.00      4.20      0.00      0.00      0.00      0.00      0.00
06:41:32 PM      0.00      7.20      0.00      0.00     11.60      0.00      0.00      0.00      0.00      0.00
06:41:37 PM      0.00     51.20      0.00      0.00      4.00      0.00      0.00      0.00      0.00      0.00
06:41:42 PM     16.80      0.00      0.40      0.40      2.40      0.00      0.00      0.00      0.00      0.00
06:41:47 PM      6.40    153.60      0.80      0.00     32.00      0.00      0.00      0.00      0.00      0.00
06:41:52 PM    488.00      5.60    305.60     12.20    163.40      0.00      0.00      0.00      0.00      0.00
06:41:57 PM      6.40      0.00      4.80      4.80      5.20      0.00      0.00      0.00      0.00      0.00
06:42:02 PM      0.00      0.00      0.00      0.00      4.00      0.00      0.00      0.00      0.00      0.00
06:42:07 PM      0.00      0.00      0.00      0.00      3.80      0.00      0.00      0.00      0.00      0.00
06:42:12 PM      0.00      0.00      0.00      0.00      4.00      0.00      0.00      0.00      0.00      0.00
06:42:17 PM      0.00     44.80      0.00      0.00      0.40      0.00      0.00      0.00      0.00      0.00
06:42:22 PM    250.40    182.40      9.60      0.20      8.60      0.00      0.00      0.00      0.00      0.00
06:42:27 PM      0.00     30.40      0.00      0.00     67.40      0.00      0.00      0.00      0.00      0.00
06:42:32 PM      0.00      0.00      0.00      0.00      4.00      0.00      0.00      0.00      0.00      0.00
06:42:37 PM      0.00      0.00      0.00      0.00      3.80      0.00      0.00      0.00      0.00      0.00
06:42:42 PM      0.00      0.00      0.00      0.00      3.80      0.00      0.00      0.00      0.00      0.00
06:42:47 PM      0.00    305.60      0.00      0.00    132.00      0.00      0.00      0.00      0.00      0.00
06:42:52 PM     22.40    108.80      0.00      0.00     10.20      0.00      0.00      0.00      0.00      0.00
06:42:57 PM     41.60    188.00      0.00      0.00      9.80      0.00      0.00      0.00      0.00      0.00
06:43:02 PM      7.20      4.00      0.20      0.20     35.20      0.00      0.00      0.00      0.00      0.00
06:43:07 PM     24.00      0.00      6.00      6.00      7.60      0.00      0.00      0.00      0.00      0.00
06:43:12 PM      0.00     23.95      0.00      0.00     19.56      0.00      0.00      0.00      0.00      0.00
06:43:17 PM      0.00      0.00      0.00      0.00      0.60      0.00      0.00      0.00      0.00      0.00
06:43:22 PM      0.00      0.00      0.00      0.00      4.80      0.00      0.00      0.00      0.00      0.00
06:43:27 PM      1.60     64.00      0.40      0.40      4.00      0.00      0.00      0.00      0.00      0.00
06:43:32 PM     84.80    164.00      6.00      6.00     22.20      0.00      0.00      0.00      0.00      0.00
06:43:37 PM      0.00     40.00      0.00      0.00     17.80      0.00      0.00      0.00      0.00      0.00
06:43:42 PM      0.80      0.00      0.00      0.00      4.20      0.00      0.00      0.00      0.00      0.00
06:43:47 PM      0.00     30.40      0.00      0.00      9.80      0.00      0.00      0.00      0.00      0.00
06:43:52 PM     13.60     18.40      0.20      0.20     38.40      0.00      0.00      0.00      0.00      0.00
06:43:57 PM     32.80      0.00      8.60      8.60      8.20      0.00      0.00      0.00      0.00      0.00
06:44:02 PM      0.00     44.80      0.00      0.00      3.80      0.00      0.00      0.00      0.00      0.00
06:44:07 PM     41.60    149.60      0.00      0.00      4.40      0.00      0.00      0.00      0.00      0.00
06:44:12 PM      0.00     27.20      0.00      0.00     20.20      0.00      0.00      0.00      0.00      0.00
06:44:17 PM     76.00      0.00      1.80      0.60     26.20      0.00      0.00      0.00      0.00      0.00
06:44:22 PM     23.20      0.00      9.60      5.80      8.40      0.00      0.00      0.00      0.00      0.00
06:44:27 PM      4.80      0.00      3.40      1.20      5.40      0.00      0.00      0.00      0.00      0.00
06:44:32 PM      0.00     19.20      0.00      0.00     10.40      0.00      0.00      0.00      0.00      0.00
06:44:37 PM      0.00     44.80      0.00      0.00      5.00      0.00      0.00      0.00      0.00      0.00
06:44:42 PM     41.60    156.00      0.00      0.00      4.00      0.00      0.00      0.00      0.00      0.00
06:44:47 PM     20.80      9.60      5.20      5.20      5.00      0.00      0.00      0.00      0.00      0.00
06:44:52 PM      0.00      2.40      0.00      0.00     17.20      0.00      0.00      0.00      0.00      0.00
06:44:57 PM      0.00      0.00      0.00      0.00      3.80      0.00      0.00      0.00      0.00      0.00
06:45:02 PM      0.00      0.00      0.00      0.00      4.00      0.00      0.00      0.00      0.00      0.00
06:45:07 PM      0.00      0.00      0.00      0.00    208.60      0.00      0.00      0.00      0.00      0.00
06:45:12 PM     32.00     44.80      1.40      1.00     32.40      0.00      0.00      0.00      0.00      0.00
06:45:17 PM     68.00    155.20      0.20      0.20      8.80      0.00      0.00      0.00      0.00      0.00
06:45:22 PM     28.00      5.60      5.80      0.20     26.20      0.00      0.00      0.00      0.00      0.00
06:45:27 PM     15.20      0.00      3.40      2.20      5.60      0.00      0.00      0.00      0.00      0.00
06:45:32 PM     32.00     35.20      0.60      0.20      6.40      0.00      0.00      0.00      0.00      0.00
06:45:37 PM     11.20      0.00      3.00      2.80      8.00      0.00      0.00      0.00      0.00      0.00
06:45:42 PM      0.00      0.00      5.00      0.00      4.20      0.00      0.00      0.00      0.00      0.00
06:45:47 PM      0.00     76.80      0.00      0.00      0.60      0.00      0.00      0.00      0.00      0.00
06:45:52 PM     35.20    201.60      0.00      0.00      4.20      0.00      0.00      0.00      0.00      0.00
06:45:57 PM      0.00     12.80      0.00      0.00      6.40      0.00      0.00      0.00      0.00      0.00
06:46:02 PM      8.80      0.80      2.20      2.20     16.80      0.00      0.00      0.00      0.00      0.00
06:46:07 PM      0.00      8.80      0.00      0.00     58.00      0.00      0.00      0.00      0.00      0.00
06:46:12 PM      0.00     12.80      0.00      0.00      7.00      0.00      0.00      0.00      0.00      0.00
06:46:17 PM      0.00      0.00      0.00      0.00      0.40      0.00      0.00      0.00      0.00      0.00
06:46:22 PM     16.80     44.80      0.20      0.20      4.20      0.00      0.00      0.00      0.00      0.00
06:46:27 PM     52.80    143.20      4.60      4.40     20.40      0.00      0.00      0.00      0.00      0.00
06:46:32 PM      0.00     15.20      0.00      0.00     29.20      0.00      0.00      0.00      0.00      0.00
06:46:37 PM      3.20      0.80      0.00      0.00      4.60      0.00      0.00      0.00      0.00      0.00
06:46:42 PM     20.80      0.00      0.80      0.60      1.80      0.00      0.00      0.00      0.00      0.00
06:46:47 PM      3.20     21.60      1.60      0.80     13.00      0.00      0.00      0.00      0.00      0.00
06:46:52 PM    352.80      0.80    315.20     25.60    158.00      0.00      0.00      0.00      0.00      0.00
06:46:57 PM      0.00    188.80      0.00      0.00     62.20      0.00      0.00      0.00      0.00      0.00
06:47:02 PM     35.20    176.80      0.00      0.00     22.20      0.00      0.00      0.00      0.00      0.00
06:47:07 PM     44.00      4.00      0.60      0.20     31.00      0.00      0.00      0.00      0.00      0.00
06:47:12 PM      0.00      0.00      0.00      0.00      4.20      0.00      0.00      0.00      0.00      0.00
06:47:17 PM     23.20      4.80      6.40      5.80      4.40      0.00      0.00      0.00      0.00      0.00
06:47:22 PM     16.80      0.00      0.40      0.20      4.40      0.00      0.00      0.00      0.00      0.00
06:47:27 PM      4.80     30.40      2.40      1.20     14.00      0.00      0.00      0.00      0.00      0.00
06:47:32 PM      0.00     49.60      0.00      0.00      5.20      0.00      0.00      0.00      0.00      0.00
06:47:37 PM     28.80    124.00      0.00      0.00     18.60      0.00      0.00      0.00      0.00      0.00
06:47:42 PM     30.40     35.20      7.60      7.60     16.40      0.00      0.00      0.00      0.00      0.00
06:47:47 PM      0.00     47.20      0.00      0.00     14.40      0.00      0.00      0.00      0.00      0.00
06:47:52 PM      0.00      0.00      0.00      0.00     19.00      0.00      0.00      0.00      0.00      0.00
06:47:57 PM     21.60      0.00      1.80      1.40      5.20      0.00      0.00      0.00      0.00      0.00
06:48:02 PM      0.00      2.40      0.00      0.00      4.60      0.00      0.00      0.00      0.00      0.00
06:48:07 PM      2.40     44.80      0.60      0.60      3.80      0.00      0.00      0.00      0.00      0.00
06:48:12 PM     35.20    144.80      0.00      0.00      4.80      0.00      0.00      0.00      0.00      0.00
06:48:17 PM      0.00      4.00      0.00      0.00      0.40      0.00      0.00      0.00      0.00      0.00
06:48:22 PM      0.00      1.60      0.20      0.00     17.80      0.00      0.00      0.00      0.00      0.00
06:48:27 PM     24.00     25.60      3.00      2.00     33.00      0.00      0.00      0.00      0.00      0.00
06:48:32 PM     24.00      3.20      6.00      6.00      7.20      0.00      0.00      0.00      0.00      0.00
06:48:37 PM      0.00     17.60      0.00      0.00      8.60      0.00      0.00      0.00      0.00      0.00
06:48:42 PM      0.00     44.80      0.00      0.00      3.80      0.00      0.00      0.00      0.00      0.00
06:48:47 PM     28.80    125.60      0.00      0.00      1.20      0.00      0.00      0.00      0.00      0.00
06:48:52 PM      0.00      4.00      0.00      0.00      4.00      0.00      0.00      0.00      0.00      0.00
06:48:57 PM     21.60      6.40      5.40      5.40      7.20      0.00      0.00      0.00      0.00      0.00
06:49:02 PM     20.00      0.00      0.40      0.20      4.60      0.00      0.00      0.00      0.00      0.00
06:49:07 PM      4.80      0.00      1.40      1.20     16.20      0.00      0.00      0.00      0.00      0.00
06:49:12 PM      0.00      0.00      0.00      0.00      4.00      0.00      0.00      0.00      0.00      0.00
06:49:17 PM      0.00     61.60      0.00      0.00     25.60      0.00      0.00      0.00      0.00      0.00
06:49:22 PM     84.80    187.20      4.60      4.40     16.00      0.00      0.00      0.00      0.00      0.00
06:49:27 PM     21.60      5.60      1.40      1.40     34.60      0.00      0.00      0.00      0.00      0.00
06:49:32 PM      0.00     14.40      0.00      0.00      8.20      0.00      0.00      0.00      0.00      0.00
06:49:37 PM      0.00      4.80      0.00      0.00      9.40      0.00      0.00      0.00      0.00      0.00
06:49:42 PM      0.00      0.00      0.00      0.00      4.00      0.00      0.00      0.00      0.00      0.00
06:49:47 PM     14.40      0.00      3.60      3.60      1.00      0.00      0.00      0.00      0.00      0.00
06:49:52 PM      0.00     45.60      0.00      0.00      4.20      0.00      0.00      0.00      0.00      0.00
06:49:57 PM     32.80    142.40      0.20      0.20     15.20      0.00      0.00      0.00      0.00      0.00
06:50:02 PM      9.60      5.60      0.00      0.00     27.60      0.00      0.00      0.00      0.00      0.00
06:50:07 PM      0.00      0.00      0.00      0.00      6.40      0.00      0.00      0.00      0.00      0.00
06:50:12 PM     43.20      0.00      3.80      3.80      6.20      0.00      0.00      0.00      0.00      0.00
06:50:17 PM      4.80      0.00      1.40      1.20      3.60      0.00      0.00      0.00      0.00      0.00
06:50:22 PM     18.40      0.00      5.80      0.20      4.60      0.00      0.00      0.00      0.00      0.00
06:50:27 PM      8.80     76.80      1.00      0.60      4.20      0.00      0.00      0.00      0.00      0.00
06:50:32 PM     51.20    224.00      0.60      0.00      5.80      0.00      0.00      0.00      0.00      0.00
06:50:37 PM     16.80     21.60      4.20      4.20      8.80      0.00      0.00      0.00      0.00      0.00
06:50:42 PM      0.00     14.40      5.20      0.00      4.80      0.00      0.00      0.00      0.00      0.00
06:50:47 PM      0.00      0.80      0.00      0.00     14.40      0.00      0.00      0.00      0.00      0.00
06:50:52 PM     16.00     38.40      0.00      0.00     46.40      0.00      0.00      0.00      0.00      0.00
06:50:57 PM      0.00     80.80      0.00      0.00      5.80      0.00      0.00      0.00      0.00      0.00
06:51:02 PM     17.60      0.00      4.60      4.40      8.00      0.00      0.00      0.00      0.00      0.00
06:51:07 PM     28.80    151.20      0.00      0.00     13.20      0.00      0.00      0.00      0.00      0.00
06:51:12 PM      0.00      4.00      0.00      0.00      3.80      0.00      0.00      0.00      0.00      0.00
06:51:17 PM      0.00      0.00      0.00      0.00     16.80      0.00      0.00      0.00      0.00      0.00
06:51:22 PM      0.00     18.40      0.00      0.00     28.00      0.00      0.00      0.00      0.00      0.00
06:51:27 PM     23.20      0.00      6.00      5.80      6.00      0.00      0.00      0.00      0.00      0.00
06:51:32 PM      0.00      0.00      0.00      0.00      3.80      0.00      0.00      0.00      0.00      0.00
06:51:37 PM      0.00     44.80      0.00      0.00      4.00      0.00      0.00      0.00      0.00      0.00
06:51:42 PM     52.00    143.20      0.40      0.40      2.00      0.00      0.00      0.00      0.00      0.00
06:51:47 PM      0.00      4.00      0.40      0.00      6.20      0.00      0.00      0.00      0.00      0.00
06:51:52 PM    253.60      0.00    306.20     14.80    186.60      0.00      0.00      0.00      0.00      0.00
06:51:57 PM      0.00    192.80      0.00      0.00     96.60      0.00      0.00      0.00      0.00      0.00
06:52:02 PM      0.00      0.00      0.00      0.00      4.20      0.00      0.00      0.00      0.00      0.00
06:52:07 PM      0.00      0.00      0.00      0.00      3.80      0.00      0.00      0.00      0.00      0.00
06:52:12 PM      0.00     44.80      0.00      0.00      4.00      0.00      0.00      0.00      0.00      0.00
06:52:17 PM     54.40    124.00      6.40      6.40      4.80      0.00      0.00      0.00      0.00      0.00
06:52:22 PM      0.00      4.80      0.00      0.00      4.20      0.00      0.00      0.00      0.00      0.00
06:52:27 PM      0.00      7.20      0.00      0.00      8.40      0.00      0.00      0.00      0.00      0.00
06:52:32 PM      0.00      0.00      0.00      0.00      4.00      0.00      0.00      0.00      0.00      0.00
06:52:37 PM      0.00      0.00      0.00      0.00      3.80      0.00      0.00      0.00      0.00      0.00
06:52:42 PM      0.80      0.00      0.20      0.20      4.00      0.00      0.00      0.00      0.00      0.00
06:52:47 PM      0.00     44.80      0.00      0.00     12.60      0.00      0.00      0.00      0.00      0.00
06:52:52 PM     51.20    181.60      0.20      0.00     33.20      0.00      0.00      0.00      0.00      0.00
06:52:57 PM      0.00      6.40      0.00      0.00     11.80      0.00      0.00      0.00      0.00      0.00
06:53:02 PM      0.00      0.00      0.00      0.00     24.80      0.00      0.00      0.00      0.00      0.00
06:53:07 PM     24.00      0.00      6.00      6.00      7.40      0.00      0.00      0.00      0.00      0.00
06:53:12 PM      0.00      0.00      0.00      0.00      3.80      0.00      0.00      0.00      0.00      0.00
06:53:17 PM      0.00     25.60      0.00      0.00     14.60      0.00      0.00      0.00      0.00      0.00
06:53:22 PM      0.00     44.80      0.40      0.00      4.40      0.00      0.00      0.00      0.00      0.00
06:53:27 PM     34.40    134.40      1.40      1.40      6.80      0.00      0.00      0.00      0.00      0.00
06:53:32 PM     10.40      4.00      2.60      2.60      6.00      0.00      0.00      0.00      0.00      0.00
06:53:37 PM     13.60      0.00      0.20      0.20     11.20      0.00      0.00      0.00      0.00      0.00
06:53:42 PM      0.00     23.20      0.00      0.00     31.60      0.00      0.00      0.00      0.00      0.00
06:53:47 PM      0.00      0.00      0.00      0.00      0.40      0.00      0.00      0.00      0.00      0.00
06:53:52 PM      0.00      0.00      0.00      0.00      4.20      0.00      0.00      0.00      0.00      0.00
06:53:57 PM     24.00     44.80      6.00      6.00      7.20      0.00      0.00      0.00      0.00      0.00
06:54:02 PM     54.40    181.60      0.00      0.00      8.60      0.00      0.00      0.00      0.00      0.00
06:54:07 PM      0.00      5.60      0.00      0.00     16.00      0.00      0.00      0.00      0.00      0.00
06:54:12 PM     16.80     11.20      0.20      0.20     35.60      0.00      0.00      0.00      0.00      0.00
06:54:17 PM      0.00      0.00      0.00      0.00      0.80      0.00      0.00      0.00      0.00      0.00
06:54:22 PM     11.20      4.80      2.80      2.80     10.80      0.00      0.00      0.00      0.00      0.00
06:54:27 PM      0.00      0.00      0.00      0.00      4.00      0.00      0.00      0.00      0.00      0.00
06:54:32 PM      0.00     44.80      0.00      0.00      3.80      0.00      0.00      0.00      0.00      0.00
06:54:37 PM     32.00    130.40      0.00      0.00      4.20      0.00      0.00      0.00      0.00      0.00
06:54:42 PM     13.60      4.00      0.20      0.20      4.60      0.00      0.00      0.00      0.00      0.00
06:54:47 PM      0.00      0.00      0.00      0.00      0.60      0.00      0.00      0.00      0.00      0.00
06:54:52 PM      0.00      0.80      0.00      0.00     15.20      0.00      0.00      0.00      0.00      0.00
06:54:57 PM      0.00      0.00      0.00      0.00      3.80      0.00      0.00      0.00      0.00      0.00
06:55:02 PM      0.00      0.00      0.00      0.00      4.00      0.00      0.00      0.00      0.00      0.00
06:55:07 PM      0.00     52.00      0.00      0.00     24.20      0.00      0.00      0.00      0.00      0.00
06:55:12 PM     64.00    155.20      2.60      2.60     11.80      0.00      0.00      0.00      0.00      0.00
06:55:17 PM      0.00      4.80      0.00      0.00      0.80      0.00      0.00      0.00      0.00      0.00
06:55:22 PM     18.40      0.00      5.40      0.20      5.00      0.00      0.00      0.00      0.00      0.00
06:55:27 PM      6.40      0.00      0.00      0.00      4.20      0.00      0.00      0.00      0.00      0.00
06:55:32 PM      0.00      0.00      0.00      0.00      4.79      0.00      0.00      0.00      0.00      0.00
06:55:37 PM      0.00      0.00      0.00      0.00      4.40      0.00      0.00      0.00      0.00      0.00
06:55:42 PM     12.80    112.00      0.60      0.00      7.60      0.00      0.00      0.00      0.00      0.00
06:55:47 PM      4.80    162.40      0.40      0.40      0.80      0.00      0.00      0.00      0.00      0.00
06:55:52 PM      0.00      4.80      0.20      0.00      5.00      0.00      0.00      0.00      0.00      0.00
06:55:57 PM      0.00      0.00      0.00      0.00     20.20      0.00      0.00      0.00      0.00      0.00
06:56:02 PM      0.00      7.20      0.00      0.00     59.00      0.00      0.00      0.00      0.00      0.00
06:56:07 PM      5.60      0.00      1.40      1.40      5.20      0.00      0.00      0.00      0.00      0.00
06:56:12 PM      0.80     46.40      0.20      0.20      6.40      0.00      0.00      0.00      0.00      0.00
06:56:17 PM      0.00      1.60      0.00      0.00      1.60      0.00      0.00      0.00      0.00      0.00
06:56:22 PM     38.40    149.60      0.00      0.00     19.60      0.00      0.00      0.00      0.00      0.00
06:56:27 PM     11.20      4.00      0.40      0.40     21.60      0.00      0.00      0.00      0.00      0.00
06:56:32 PM      7.20      0.00      1.80      1.80      5.40      0.00      0.00      0.00      0.00      0.00
06:56:37 PM      0.00      2.40      0.00      0.00      4.80      0.00      0.00      0.00      0.00      0.00
06:56:42 PM     16.80      0.00      0.40      0.40      6.40      0.00      0.00      0.00      0.00      0.00
06:56:47 PM      0.00      0.00      0.00      0.00      6.20      0.00      0.00      0.00      0.00      0.00
06:56:52 PM      0.00     44.80      0.00      0.00      4.00      0.00      0.00      0.00      0.00      0.00
06:56:57 PM    274.40    124.00    302.20     13.60    181.00      0.00      0.00      0.00      0.00      0.00
06:57:02 PM      0.00      5.60      0.00      0.00      3.80      0.00      0.00      0.00      0.00      0.00
06:57:07 PM      0.00      0.00      0.00      0.00      4.00      0.00      0.00      0.00      0.00      0.00
06:57:12 PM      0.00      4.00      0.00      0.00     20.20      0.00      0.00      0.00      0.00      0.00
06:57:17 PM      0.00      0.00      0.00      0.00      0.60      0.00      0.00      0.00      0.00      0.00
06:57:22 PM      0.00      0.00      0.00      0.00      4.80      0.00      0.00      0.00      0.00      0.00
06:57:27 PM      0.00     44.80      0.00      0.00      4.00      0.00      0.00      0.00      0.00      0.00
06:57:32 PM      9.60    314.40      0.00      0.00     94.40      0.00      0.00      0.00      0.00      0.00
06:57:37 PM     27.20      4.80      0.20      0.20      4.00      0.00      0.00      0.00      0.00      0.00
06:57:42 PM      0.00     18.40      0.00      0.00     22.40      0.00      0.00      0.00      0.00      0.00
06:57:47 PM     16.80      0.00      4.80      4.20      3.00      0.00      0.00      0.00      0.00      0.00
06:57:52 PM      0.00      0.00      0.20      0.00      4.40      0.00      0.00      0.00      0.00      0.00
06:57:57 PM      0.00      0.00      0.00      0.00      3.80      0.00      0.00      0.00      0.00      0.00
06:58:02 PM      0.00     44.80      0.00      0.00      4.00      0.00      0.00      0.00      0.00      0.00
06:58:07 PM     28.80    124.80      0.00      0.00     14.40      0.00      0.00      0.00      0.00      0.00
06:58:12 PM      4.80     60.80      1.20      1.20     21.40      0.00      0.00      0.00      0.00      0.00
06:58:17 PM      3.20      0.80      1.00      0.80     14.40      0.00      0.00      0.00      0.00      0.00
06:58:22 PM     16.80     15.20      0.40      0.20     13.20      0.00      0.00      0.00      0.00      0.00
06:58:27 PM      0.80      0.00      1.40      0.20      4.00      0.00      0.00      0.00      0.00      0.00
06:58:32 PM      0.00     68.80      0.00      0.00     21.80      0.00      0.00      0.00      0.00      0.00
06:58:37 PM     31.20     44.80      4.60      4.60      9.40      0.00      0.00      0.00      0.00      0.00
06:58:42 PM     51.20    189.60      0.00      0.00     17.80      0.00      0.00      0.00      0.00      0.00
06:58:47 PM      0.00      4.80      0.00      0.00      2.20      0.00      0.00      0.00      0.00      0.00
06:58:52 PM      0.00      0.00      0.00      0.00      4.20      0.00      0.00      0.00      0.00      0.00
06:58:57 PM      0.00     16.00      0.00      0.00     40.60      0.00      0.00      0.00      0.00      0.00
06:59:02 PM     13.60      0.00      3.40      3.40      5.80      0.00      0.00      0.00      0.00      0.00
06:59:07 PM      0.00      0.00      0.00      0.00      3.80      0.00      0.00      0.00      0.00      0.00
06:59:12 PM      0.00     44.80      0.00      0.00      4.00      0.00      0.00      0.00      0.00      0.00
06:59:17 PM     28.80    132.80      0.00      0.00     11.80      0.00      0.00      0.00      0.00      0.00
06:59:22 PM      0.00      4.00      0.00      0.00      4.20      0.00      0.00      0.00      0.00      0.00
06:59:27 PM     12.80      0.00      3.60      3.20      7.40      0.00      0.00      0.00      0.00      0.00
06:59:32 PM      0.00      0.00      0.00      0.00      4.00      0.00      0.00      0.00      0.00      0.00
06:59:37 PM      0.00      0.00      0.00      0.00      3.80      0.00      0.00      0.00      0.00      0.00
06:59:42 PM     12.80    105.60      0.80      0.20     32.00      0.00      0.00      0.00      0.00      0.00
06:59:47 PM      0.00     44.80      0.40      0.00      0.60      0.00      0.00      0.00      0.00      0.00
06:59:52 PM     40.00    147.20      2.40      2.00     19.40      0.00      0.00      0.00      0.00      0.00
06:59:57 PM      0.80      4.00      0.20      0.20      4.00      0.00      0.00      0.00      0.00      0.00
07:00:02 PM      0.00      0.00      0.00      0.00      3.80      0.00      0.00      0.00      0.00      0.00
07:00:07 PM      0.00      2.40      0.00      0.00      4.80      0.00      0.00      0.00      0.00      0.00
07:00:12 PM     32.00     15.20      1.20      1.00      9.60      0.00      0.00      0.00      0.00      0.00
07:00:17 PM     18.40      0.00      4.60      4.60     21.80      0.00      0.00      0.00      0.00      0.00
07:00:22 PM     18.40     56.80      5.80      0.20     28.80      0.00      0.00      0.00      0.00      0.00
07:00:27 PM     44.00    149.60      3.00      2.20      6.00      0.00      0.00      0.00      0.00      0.00
07:00:32 PM      3.20      7.20      0.00      0.00      4.40      0.00      0.00      0.00      0.00      0.00
07:00:37 PM      0.00      0.00      0.00      0.00      4.00      0.00      0.00      0.00      0.00      0.00
07:00:42 PM     38.40     48.80      3.20      2.60      8.40      0.00      0.00      0.00      0.00      0.00
07:00:47 PM      0.00      0.00      0.20      0.00      0.40      0.00      0.00      0.00      0.00      0.00
07:00:52 PM      0.00     86.40      0.40      0.00      6.00      0.00      0.00      0.00      0.00      0.00
07:00:57 PM     16.00    188.00      0.00      0.00      4.00      0.00      0.00      0.00      0.00      0.00
07:01:02 PM      0.00     14.40      0.00      0.00      7.60      0.00      0.00      0.00      0.00      0.00
07:01:07 PM     12.00      4.00      3.00      3.00     23.00      0.00      0.00      0.00      0.00      0.00
07:01:12 PM      3.20      0.00      0.40      0.00      4.20      0.00      0.00      0.00      0.00      0.00
07:01:17 PM      0.00      0.00      0.00      0.00      0.60      0.00      0.00      0.00      0.00      0.00
07:01:22 PM      0.00      0.00      0.00      0.00      3.80      0.00      0.00      0.00      0.00      0.00
07:01:27 PM      4.80      0.00      1.40      1.20      5.60      0.00      0.00      0.00      0.00      0.00
07:01:32 PM      0.00     44.80      0.00      0.00    106.20      0.00      0.00      0.00      0.00      0.00
07:01:37 PM      3.20    124.00      0.00      0.00      4.60      0.00      0.00      0.00      0.00      0.00
07:01:42 PM      0.80      8.80      0.40      0.20     72.80      0.00      0.00      0.00      0.00      0.00
07:01:47 PM      0.00      9.60      0.40      0.00     23.80      0.00      0.00      0.00      0.00      0.00
07:01:52 PM      0.00      0.00      0.00      0.00      3.80      0.00      0.00      0.00      0.00      0.00
07:01:57 PM    290.40      0.00    312.20     23.20    144.20      0.00      0.00      0.00      0.00      0.00
07:02:02 PM      0.00      0.80      0.00      0.00      4.60      0.00      0.00      0.00      0.00      0.00
07:02:07 PM      0.00    108.00      0.00      0.00     37.80      0.00      0.00      0.00      0.00      0.00
07:02:12 PM     35.20    143.20      0.00      0.00      8.20      0.00      0.00      0.00      0.00      0.00
07:02:17 PM      0.00      4.00      0.00      0.00      0.60      0.00      0.00      0.00      0.00      0.00
07:02:22 PM      4.00      0.00      1.00      1.00      4.00      0.00      0.00      0.00      0.00      0.00
07:02:27 PM      0.00      0.00      0.00      0.00      4.00      0.00      0.00      0.00      0.00      0.00
07:02:32 PM      0.00      0.00      0.00      0.00      3.80      0.00      0.00      0.00      0.00      0.00
07:02:37 PM      0.00      0.00      0.00      0.00      4.00      0.00      0.00      0.00      0.00      0.00
07:02:42 PM      0.00    109.60      0.00      0.00     34.20      0.00      0.00      0.00      0.00      0.00
07:02:47 PM     32.80    156.00      1.00      1.00     33.00      0.00      0.00      0.00      0.00      0.00
07:02:52 PM      0.00      4.80      0.00      0.00      3.80      0.00      0.00      0.00      0.00      0.00
07:02:57 PM      0.00      0.00      0.00      0.00      4.40      0.00      0.00      0.00      0.00      0.00
07:03:02 PM      0.00      0.00      0.00      0.00      3.80      0.00      0.00      0.00      0.00      0.00
07:03:07 PM      0.00      8.00      0.00      0.00     25.40      0.00      0.00      0.00      0.00      0.00
07:03:12 PM      8.00      0.00      2.00      2.00      5.20      0.00      0.00      0.00      0.00      0.00
07:03:17 PM      0.00     52.00      0.00      0.00      6.20      0.00      0.00      0.00      0.00      0.00
07:03:22 PM     54.40    204.80      0.00      0.00     19.20      0.00      0.00      0.00      0.00      0.00
07:03:27 PM      2.40      4.80      0.60      0.60     11.60      0.00      0.00      0.00      0.00      0.00
07:03:32 PM      0.00      0.80      0.00      0.00     30.20      0.00      0.00      0.00      0.00      0.00
07:03:37 PM      8.00      0.00      2.00      2.00      5.20      0.00      0.00      0.00      0.00      0.00
07:03:42 PM      0.00      0.00      0.00      0.00      4.00      0.00      0.00      0.00      0.00      0.00
07:03:47 PM      0.00      7.20      0.00      0.00      2.20      0.00      0.00      0.00      0.00      0.00
07:03:52 PM      0.00     44.80      0.00      0.00      4.00      0.00      0.00      0.00      0.00      0.00
07:03:57 PM     29.60    124.00      0.20      0.20      4.40      0.00      0.00      0.00      0.00      0.00
07:04:02 PM      5.60      5.60      1.40      1.40     15.80      0.00      0.00      0.00      0.00      0.00
07:04:07 PM      0.00      0.00      0.00      0.00      4.00      0.00      0.00      0.00      0.00      0.00
07:04:12 PM      0.80     62.40      0.20      0.20     21.80      0.00      0.00      0.00      0.00      0.00
07:04:17 PM     28.80    101.60      2.20      1.00     30.80      0.00      0.00      0.00      0.00      0.00
07:04:22 PM      0.00      0.00      0.40      0.00      3.80      0.00      0.00      0.00      0.00      0.00
07:04:27 PM      4.80     44.80      2.00      1.20      4.80      0.00      0.00      0.00      0.00      0.00
07:04:32 PM      6.40    143.20      0.00      0.00      4.00      0.00      0.00      0.00      0.00      0.00
07:04:37 PM      0.00      4.00      0.00      0.00      4.00      0.00      0.00      0.00      0.00      0.00
07:04:42 PM      0.00      0.00      0.00      0.00      3.80      0.00      0.00      0.00      0.00      0.00
07:04:47 PM      0.00      9.60      0.00      0.00      2.80      0.00      0.00      0.00      0.00      0.00
07:04:52 PM      9.60     28.00      2.40      2.40    108.00      0.00      0.00      0.00      0.00      0.00
07:04:57 PM     77.60      0.00    544.20      0.20      4.80      0.00      0.00      0.00      0.00      0.00
07:05:02 PM      0.00     44.80      0.00      0.00      4.20      0.00      0.00      0.00      0.00      0.00
07:05:07 PM      0.00    124.00      0.00      0.00      3.80      0.00      0.00      0.00      0.00      0.00
07:05:12 PM     16.80  26219.20      0.60      0.40   6559.40      0.00      0.00      0.00      0.00      0.00
07:05:17 PM      0.80  77004.80      0.20      0.20  19252.00      0.00      0.00      0.00      0.00      0.00
07:05:22 PM     24.80  52443.20      5.80      0.20  13113.40      0.00      0.00      0.00      0.00      0.00
07:05:27 PM      5.60  28672.00    400.80      0.60   7172.40      0.00      0.00      0.00      0.00      0.00
07:05:32 PM      0.00  26214.40      0.00      0.00   6557.80      0.00      0.00      0.00      0.00      0.00
07:05:37 PM      0.00  76316.00      0.20      0.00  19389.00      0.00      0.00      0.00      0.00      0.00
07:05:42 PM      3.20  52604.00      0.20      0.00  13111.80      0.00      0.00      0.00      0.00      0.00
07:05:47 PM      0.00  56120.00    747.00      0.00  13217.80      0.00      0.00      0.00      0.00      0.00
07:05:52 PM      6.40     21.60      0.00      0.00      4.80      0.00      0.00      0.00      0.00      0.00
07:05:57 PM     28.80  15974.40   3956.60      1.80     44.80      0.00      0.00      0.00      0.00      0.00
07:06:02 PM      0.00      0.00      0.00      0.00      4.00      0.00      0.00      0.00      0.00      0.00
07:06:07 PM      0.00  26214.40      0.00      0.00   6557.40      0.00      0.00      0.00      0.00      0.00
07:06:12 PM      3.20  26466.40      0.00      0.00   6557.60      0.00      0.00      0.00      0.00      0.00
07:06:17 PM      0.00  70456.80      0.00      0.00  17615.60      0.00      0.00      0.00      0.00      0.00
07:06:22 PM      0.00    413.60      0.00      0.00    106.40      0.00      0.00      0.00      0.00      0.00
07:06:27 PM 286774.40      0.80  71693.60  71693.60   2428.40   2035.60      0.00   1441.60      0.00      0.00
07:06:32 PM      3.20      0.00      1.00      0.80      4.60      0.00      0.00      0.00      0.00      0.00
07:06:37 PM      0.00      0.00      0.00      0.00      3.80      0.00      0.00      0.00      0.00      0.00
07:06:42 PM      0.00     44.80      0.00      0.00      3.40      0.00      0.00      0.00      0.00      0.00
07:06:47 PM      0.00      0.00      0.20      0.00      6.00      0.00      0.00      0.00      0.00      0.00
07:06:52 PM      9.60    168.80      0.00      0.00      3.80      0.00      0.00      0.00      0.00      0.00
07:06:57 PM  93842.40  82642.40  23276.60  22993.20  24885.00 144978.00      0.00  24312.40      0.00      0.00
07:07:02 PM     88.00      0.00      1.40      1.00      4.80      0.00      0.00      0.00      0.00      0.00
07:07:07 PM      0.00      0.00      0.00      0.00      4.00      0.00      0.00      0.00      0.00      0.00
07:07:12 PM    103.20      0.00      0.20      0.20      4.40      0.00      0.00      0.00      0.00      0.00
07:07:17 PM      3.20      0.00      0.80      0.80      1.60      0.00      0.00      0.00      0.00      0.00
07:07:22 PM      0.00      0.00      0.00      0.00      3.80      0.00      0.00      0.00      0.00      0.00
07:07:27 PM  75756.80  75672.80  18936.80  18936.80  19273.20  45496.40      0.00  19243.60      0.00      0.00
07:07:32 PM     36.00      4.80      0.20      9.00    106.40      0.00      0.00      0.00      0.00      0.00
07:07:37 PM      0.00      0.00      0.00      0.00      3.80      0.00      0.00      0.00      0.00      0.00
07:07:42 PM     36.80      0.00      0.20      9.20    106.60      0.00      0.00      0.00      0.00      0.00
07:07:47 PM      0.00      0.00      0.00      0.00      0.40      0.00      0.00      0.00      0.00      0.00
07:07:52 PM      0.00      0.00      0.00      0.00      4.00      0.00      0.00      0.00      0.00      0.00
07:07:57 PM  77969.66  62122.95  18718.16  18696.81  19975.45  94997.41   1746.31  19362.67      0.00      0.00
07:08:02 PM    613.60    162.40      4.20     10.00    224.20      0.00      0.00      0.00      0.00      0.00
07:08:07 PM      3.20      7.20      0.00      0.00      3.80      0.00      0.00      0.00      0.00      0.00
07:08:12 PM    873.60      0.00      2.20     21.40    209.20      0.00      0.00      0.00      0.00      0.00
07:08:17 PM      0.00      0.00      0.00      0.00      0.40      0.00      0.00      0.00      0.00      0.00
07:08:22 PM     76.80      0.00      0.00     19.20    209.00      0.00      0.00      0.00      0.00      0.00
07:08:27 PM  83093.60  88637.60  20747.20  20746.80  22263.00  26750.20      0.00  22166.00      0.00      0.00
07:08:32 PM      0.00      0.00      0.00      0.00      3.80      0.00      0.00      0.00      0.00      0.00
07:08:37 PM     12.80    213.60      0.00      0.00      4.00      0.00      0.00      0.00      0.00      0.00
07:08:42 PM      0.00      4.00      0.20      0.00      3.80      0.00      0.00      0.00      0.00      0.00
07:08:47 PM     34.40      0.00      0.00      8.60    103.20      0.00      0.00      0.00      0.00      0.00
07:08:52 PM      0.00      0.00      0.00      0.00      3.80      0.00      0.00      0.00      0.00      0.00
07:08:57 PM  80226.40  78040.80  20055.80  20066.20  19712.40  20541.60      0.00  19522.00      0.00      0.00
07:09:02 PM      0.00      0.00      0.00      0.00      4.00      0.00      0.00      0.00      0.00      0.00
07:09:07 PM      0.00     38.40      0.00      0.00      4.00      0.00      0.00      0.00      0.00      0.00
07:09:12 PM      0.00    136.80      0.00      0.00      4.00      0.00      0.00      0.00      0.00      0.00
07:09:17 PM      0.00      4.00      0.00      0.00      0.40      0.00      0.00      0.00      0.00      0.00
07:09:22 PM      0.00      0.00      0.00      0.00      4.00      0.00      0.00      0.00      0.00      0.00
07:09:27 PM  68181.60  56159.20  17044.80  17045.00  16755.60  91505.60   1179.40  14552.60      0.00      0.00
07:09:32 PM     33.60      0.00      0.60      0.40      4.80      0.00      0.00      0.00      0.00      0.00
07:09:37 PM     76.80      0.00      0.40     19.20    209.00      0.00      0.00      0.00      0.00      0.00
07:09:42 PM      0.80     38.40      0.20      0.20      3.80      0.00      0.00      0.00      0.00      0.00
07:09:47 PM    129.60    104.80      0.60     30.00    308.60      0.00      0.00      0.00      0.00      0.00
07:09:52 PM      0.00      4.00      0.00      0.00      3.80      0.00      0.00      0.00      0.00      0.00
07:09:57 PM  60518.40  62354.40  15125.40  15160.00  16191.00  20277.20      0.00  15641.20      0.00      0.00
07:10:02 PM      0.00      0.00      0.00      0.00      3.80      0.00      0.00      0.00      0.00      0.00
07:10:07 PM     75.20      0.00      0.00     18.80    209.40      0.00      0.00      0.00      0.00      0.00
07:10:12 PM   1494.40      0.00     29.40     19.80     10.20      0.00      0.00      0.00      0.00      0.00
07:10:17 PM    522.40     38.40      6.60     15.20    105.00      0.00      0.00      0.00      0.00      0.00
07:10:22 PM    794.40    172.00     22.60     12.40      6.40      0.00      0.00      0.00      0.00      0.00
07:10:27 PM   3106.40      4.80    781.60    774.20      6.40      0.00      0.00      0.00      0.00      0.00
07:10:32 PM      0.00      0.00      0.00      0.00      4.40      0.00      0.00      0.00      0.00      0.00
07:10:37 PM      0.00      0.00      0.00      0.00      4.00      0.00      0.00      0.00      0.00      0.00
07:10:42 PM      1.60      0.00      0.40      0.40      4.20      0.00      0.00      0.00      0.00      0.00
07:10:47 PM      0.00      0.00      0.00      0.00      1.40      0.00      0.00      0.00      0.00      0.00
07:10:52 PM     12.80    241.60      0.00      0.00      4.00      0.00      0.00      0.00      0.00      0.00
07:10:57 PM  52376.00  47082.40  12966.20  12971.60  13712.60 124037.60    924.20  12979.80      0.00      0.00
07:11:02 PM     51.20      0.00      1.00      0.40      4.00      0.00      0.00      0.00      0.00      0.00
07:11:07 PM    124.80      0.00      0.60     31.20    561.20      0.00      0.00      0.00      0.00      0.00
07:11:12 PM      0.80      0.00      0.20      0.20      3.80      0.00      0.00      0.00      0.00      0.00
07:11:17 PM     81.60      0.00      0.40     20.40    394.60      0.00      0.00      0.00      0.00      0.00
07:11:22 PM      1.60      0.00      0.40      0.40      3.80      0.00      0.00      0.00      0.00      0.00
07:11:27 PM  28496.00  32205.60   7113.40   7121.80   8182.20   9046.00      0.00   8054.00      0.00      0.00
07:11:32 PM      4.80      5.60      1.20      1.20      3.80      0.00      0.00      0.00      0.00      0.00
07:11:37 PM     72.00      0.00      0.00     18.00    209.20      0.00      0.00      0.00      0.00      0.00
07:11:42 PM   1187.20      0.00      9.00      6.80      6.00      0.00      0.00      0.00      0.00      0.00
07:11:47 PM    166.40      0.00      6.40     32.80    313.80      0.00      0.00      0.00      0.00      0.00
07:11:52 PM      0.00      0.00      1.60      0.00   1482.80      0.00      0.00      0.00      0.00      0.00
07:11:57 PM  47959.20  46573.60  10808.20  10497.40  13204.00  15694.80    157.00  12827.20      0.00      0.00
07:12:02 PM     65.60    124.00      1.00      0.40     13.60      0.00      0.00      0.00      0.00      0.00
07:12:07 PM      0.00      0.00      0.00      0.00      3.80      0.00      0.00      0.00      0.00      0.00
07:12:12 PM      0.00      0.00      0.00      0.00      4.20      0.00      0.00      0.00      0.00      0.00
07:12:17 PM      0.00      0.00      0.00      0.00      0.40      0.00      0.00      0.00      0.00      0.00
07:12:22 PM    248.00      0.00      0.60      0.60      4.00      0.00      0.00      0.00      0.00      0.00
07:12:27 PM  72948.00  67448.80  18214.00  18213.80  17092.40  89065.40      0.00  17024.00      0.00      0.00
07:12:32 PM      0.00      4.00      0.00      0.00      3.80      0.00      0.00      0.00      0.00      0.00
07:12:37 PM      0.00      0.00      0.00      0.00      4.00      0.00      0.00      0.00      0.00      0.00
07:12:42 PM      0.00      0.00      0.00      0.00      3.80      0.00      0.00      0.00      0.00      0.00
07:12:47 PM      0.00      0.00      0.00      0.00      0.60      0.00      0.00      0.00      0.00      0.00
07:12:52 PM      0.00      0.00      0.00      0.00      3.80      0.00      0.00      0.00      0.00      0.00
07:12:57 PM   5275.20      0.00   1319.20   1319.20      7.00      0.00      0.00      0.00      0.00      0.00
07:13:02 PM     43.20    130.40      0.20      9.20    106.40      0.00      0.00      0.00      0.00      0.00
07:13:07 PM      0.00      4.80      0.00      0.00      4.00      0.00      0.00      0.00      0.00      0.00
07:13:12 PM    108.00   7157.60      0.80     27.00   2095.00   2899.00      0.00   1783.20      0.00      0.00
07:13:17 PM     32.00      0.00      0.60      0.40      0.40      0.00      0.00      0.00      0.00      0.00
07:13:22 PM    150.40      0.00      0.80     37.60    414.40      0.00      0.00      0.00      0.00      0.00
07:13:27 PM  31407.20  20111.20   7851.60   7849.20   5866.60  10418.20     84.20   5835.00      0.00      0.00
07:13:32 PM      0.00      0.00      1.60      0.00      4.00      0.00      0.00      0.00      0.00      0.00
07:13:37 PM      0.00    104.80      0.00      0.00      3.80      0.00      0.00      0.00      0.00      0.00
07:13:42 PM      0.80      0.00      0.20      0.20      4.00      0.00      0.00      0.00      0.00      0.00
07:13:47 PM      0.00      4.80      0.00      0.00      0.40      0.00      0.00      0.00      0.00      0.00
07:13:52 PM      0.00      0.00      0.00      0.00      4.00      0.00      0.00      0.00      0.00      0.00
07:13:57 PM  18557.60  24424.00   4018.80   4016.00   6543.20   7126.80      0.00   6475.00      0.00      0.00
07:14:02 PM      0.00      0.00      0.00      0.00      3.80      0.00      0.00      0.00      0.00      0.00
07:14:07 PM      0.80      0.00      0.20      0.20      4.00      0.00      0.00      0.00      0.00      0.00
07:14:12 PM     16.00    143.20      0.00      0.00      4.00      0.00      0.00      0.00      0.00      0.00
07:14:17 PM      0.00      0.00      0.00      0.00      0.60      0.00      0.00      0.00      0.00      0.00
07:14:22 PM      3.20      4.80      0.00      0.00      3.80      0.00      0.00      0.00      0.00      0.00
07:14:27 PM  20819.20  28794.40   5079.80   5079.80   7444.20  29708.40      0.00   7421.40      0.00      0.00
07:14:32 PM      0.00      0.00      0.00      0.00      3.80      0.00      0.00      0.00      0.00      0.00
07:14:37 PM      0.00      0.00      0.00      0.00      4.00      0.00      0.00      0.00      0.00      0.00
07:14:42 PM      0.00      0.00      0.00      0.00      3.80      0.00      0.00      0.00      0.00      0.00
07:14:47 PM      0.00      0.00      0.00      0.00      0.40      0.00      0.00      0.00      0.00      0.00
07:14:52 PM      3.20    175.20      0.00      0.00      4.00      0.00      0.00      0.00      0.00      0.00
07:14:57 PM  37814.40  22609.60   9469.60   9469.00   6428.80  70673.00      0.00   6355.20      0.00      0.00
07:15:02 PM      4.00      0.00      0.20      0.00      4.00      0.00      0.00      0.00      0.00      0.00
07:15:07 PM      0.00      0.00      0.00      0.00      3.80      0.00      0.00      0.00      0.00      0.00
07:15:12 PM   3495.20   2155.20     76.80     94.60   1184.80    816.60      0.00    735.40      0.00      0.00
07:15:17 PM    506.40      0.00      6.60      5.40      2.20      0.00      0.00      0.00      0.00      0.00
07:15:22 PM   2089.60   4381.60     33.80     23.60   1243.80   1190.60      0.00   1120.00      0.00      0.00
07:15:27 PM   5582.40   3744.80   1207.80   1194.80   1183.40  34948.60      0.00   1174.00      0.00      0.00
07:15:32 PM    524.80      5.60      2.60      1.80      5.00      0.00      0.00      0.00      0.00      0.00
07:15:37 PM    251.20   1632.00      0.40     16.00    913.20  29132.40      0.00    703.00      0.00      0.00
07:15:42 PM      1.60      0.00      0.40      0.40      4.00      0.00      0.00      0.00      0.00      0.00
07:15:47 PM     89.60      0.00      0.00     22.40    308.60      0.00      0.00      0.00      0.00      0.00
07:15:52 PM      9.60     97.60      0.20      0.20      3.80      0.00      0.00      0.00      0.00      0.00
07:15:57 PM  18025.60  26314.40   3977.80   3961.80   6844.00  53700.80      0.00   6712.00      0.00      0.00
07:16:02 PM      3.20      0.00      0.00      0.00      3.80      0.00      0.00      0.00      0.00      0.00
07:16:07 PM      0.00      0.00      0.00      0.00      3.80      0.00      0.00      0.00      0.00      0.00
07:16:12 PM      0.00      0.00      0.00      0.00      4.00      0.00      0.00      0.00      0.00      0.00
07:16:17 PM      0.00      0.00      0.00      0.00      0.60      0.00      0.00      0.00      0.00      0.00
07:16:22 PM      0.00      0.00      0.00      0.00      4.00      0.00      0.00      0.00      0.00      0.00
07:16:27 PM  63996.80  46234.40  15980.40  15980.20  13227.80  22924.00      0.00  13035.40      0.00      0.00
07:16:32 PM    376.80      4.00      0.40      0.40      4.00      0.00      0.00      0.00      0.00      0.00
07:16:37 PM      0.00      0.00      0.00      0.00      3.80      0.00      0.00      0.00      0.00      0.00
07:16:42 PM   5078.40  10490.40     63.80     48.20   3536.80   4622.00      0.00   3471.00      0.00      0.00
07:16:47 PM    303.20      0.00     18.60     13.00      7.40      0.00      0.00      0.00      0.00      0.00
07:16:52 PM      0.00      0.00      0.00      0.00      3.80      0.00      0.00      0.00      0.00      0.00
07:16:57 PM  19084.00  17625.60   4338.00   4039.60   4938.20  25318.00      0.00   4738.00      0.00      0.00
07:17:02 PM     32.00    136.80      0.00      0.00      3.80      0.00      0.00      0.00      0.00      0.00
07:17:07 PM    111.20      0.00      0.80     27.80    311.80      0.00      0.00      0.00      0.00      0.00
07:17:12 PM      0.00      0.00      0.00      0.00      3.80      0.00      0.00      0.00      0.00      0.00
07:17:17 PM    157.60      4.80      0.80     38.60    411.20      0.00      0.00      0.00      0.00      0.00
07:17:22 PM      0.80      0.00      0.20      0.20      4.60      0.00      0.00      0.00      0.00      0.00
07:17:27 PM   1372.80      0.00    292.40    334.80    416.40      0.00      0.00      0.00      0.00      0.00
07:17:32 PM      1.60      0.00      0.40      0.40      4.00      0.00      0.00      0.00      0.00      0.00
07:17:37 PM    120.00      0.00      0.40     30.00    516.40      0.00      0.00      0.00      0.00      0.00
07:17:42 PM      6.40    143.20      0.00      0.00      4.00      0.00      0.00      0.00      0.00      0.00
07:17:47 PM     63.20      0.00      0.00     15.80    423.20      0.00      0.00      0.00      0.00      0.00
07:17:52 PM      0.00      4.00      0.00      0.00      4.00      0.00      0.00      0.00      0.00      0.00
07:17:57 PM  32131.20  24722.40   7341.60   7339.80   8826.40  79835.00      0.00   7829.20      0.00      0.00
07:18:02 PM      0.00      0.00      3.20      0.00      4.00      0.00      0.00      0.00      0.00      0.00
07:18:07 PM      0.00      0.00      0.00      0.00      3.80      0.00      0.00      0.00      0.00      0.00
07:18:12 PM     48.00      0.00      2.40      2.40      4.00      0.00      0.00      0.00      0.00      0.00
07:18:17 PM    212.00      0.00      0.40      0.40      4.00      0.00      0.00      0.00      0.00      0.00
07:18:22 PM     12.80    168.80      0.00      0.00      3.80      0.00      0.00      0.00      0.00      0.00
07:18:27 PM   5828.00   3716.00   1411.20   1410.80   1159.40   1330.20      0.00   1143.60      0.00      0.00
07:18:32 PM      0.80      0.00      0.00      0.00      3.80      0.00      0.00      0.00      0.00      0.00
07:18:37 PM    626.40      0.00      7.20      7.00      4.60      0.00      0.00      0.00      0.00      0.00
07:18:42 PM      0.00      0.00      0.00      0.00      3.80      0.00      0.00      0.00      0.00      0.00
07:18:47 PM      0.00      0.00      0.00      0.00      0.60      0.00      0.00      0.00      0.00      0.00
07:18:52 PM      0.80     38.40      0.20      0.20      3.80      0.00      0.00      0.00      0.00      0.00
07:18:57 PM  21589.62  26143.71   5368.06   5399.80   8166.07  32841.52    152.50   7824.15      0.00      0.00
07:19:02 PM      7.20      5.60      0.20      0.20      4.00      0.00      0.00      0.00      0.00      0.00
07:19:07 PM      3.20      0.00      0.80      0.80      3.80      0.00      0.00      0.00      0.00      0.00
07:19:12 PM    154.40      0.00      0.80     38.60    414.40      0.00      0.00      0.00      0.00      0.00
07:19:17 PM     99.20      0.00      0.80      0.60      0.40      0.00      0.00      0.00      0.00      0.00
07:19:22 PM    117.60      0.00      0.60     29.40    312.00      0.00      0.00      0.00      0.00      0.00
07:19:27 PM  18504.00  10781.60   4618.80   4618.60   3038.60   3309.60      0.00   2946.60      0.00      0.00
07:19:32 PM     41.60    130.40      0.00      0.00      4.00      0.00      0.00      0.00      0.00      0.00
07:19:37 PM    809.60   4446.40      0.20      0.20   1146.40   1218.40      0.00   1132.40      0.00      0.00
07:19:42 PM     10.40      0.00      0.80      0.80      3.80      0.00      0.00      0.00      0.00      0.00
07:19:47 PM      0.00      0.00      0.00      0.00      0.60      0.00      0.00      0.00      0.00      0.00
07:19:52 PM      2.40      0.00      0.60      0.60      3.80      0.00      0.00      0.00      0.00      0.00
07:19:57 PM   8126.40      0.00   1356.00   1336.60     39.40      0.00      0.00      0.00      0.00      0.00
07:20:02 PM      0.00      0.00      0.00      0.00      3.80      0.00      0.00      0.00      0.00      0.00
07:20:07 PM      6.40    117.60      0.00      0.00      4.00      0.00      0.00      0.00      0.00      0.00
07:20:12 PM   3361.60  12840.80     64.60     45.20   3261.00   3228.00      0.00   3222.20      0.00      0.00
07:20:17 PM    518.40      0.00      5.60      4.60      2.80      0.00      0.00      0.00      0.00      0.00
07:20:22 PM   1590.40      0.00     29.00     11.40      5.80      0.00      0.00      0.00      0.00      0.00
07:20:27 PM   5877.60     49.60   1429.20   1422.80     18.20      0.00      0.00      0.00      0.00      0.00
07:20:32 PM      3.20     14.40      7.80      1.80      4.40      0.00      0.00      0.00      0.00      0.00
07:20:37 PM      0.80     70.40      1.60      1.60      4.00      0.00      0.00      0.00      0.00      0.00
07:20:42 PM      7.20    156.00      0.20      0.20      4.60      0.00      0.00      0.00      0.00      0.00
07:20:47 PM      0.00      4.00      0.00      0.00      0.40      0.00      0.00      0.00      0.00      0.00
07:20:52 PM      0.00     20.80      0.00      0.00      4.20      0.00      0.00      0.00      0.00      0.00
07:20:57 PM  23416.80  35564.80   5712.20   5703.40  10489.40  21740.80    341.80  10401.80      0.00      0.00
07:21:02 PM    145.60      0.00      5.60     26.40    312.80      0.00      0.00      0.00      0.00      0.00
07:21:07 PM     37.60      0.00      2.00      2.00      5.20      0.00      0.00      0.00      0.00      0.00
07:21:12 PM    157.60    149.60     14.60     32.00    215.40      0.00      0.00      0.00      0.00      0.00
07:21:17 PM     12.80      0.00      3.20      3.20      0.60      0.00      0.00      0.00      0.00      0.00
07:21:22 PM    104.00      0.00      0.60     26.00    311.80      0.00      0.00      0.00      0.00      0.00
07:21:27 PM  24110.40   6181.60   5965.40   5963.00   2427.40  62718.60      0.00   2376.60      0.00      0.00
07:21:32 PM      0.00      4.00      0.00      0.00      3.80      0.00      0.00      0.00      0.00      0.00
07:21:37 PM      0.00      0.00      0.00      0.00      4.00      0.00      0.00      0.00      0.00      0.00
07:21:42 PM   7149.60  21868.80     80.40     54.80   5979.80  16696.60      0.00   5957.60      0.00      0.00
07:21:47 PM    373.60      0.00     26.60     17.60      6.60      0.00      0.00      0.00      0.00      0.00
07:21:52 PM      0.00      0.00      0.00      0.00      4.00      0.00      0.00      0.00      0.00      0.00
07:21:57 PM   4822.40      0.00   1216.40   1198.40     25.00      0.00      0.00      0.00      0.00      0.00
07:22:02 PM   2356.00    162.40    336.40     39.40    153.60      0.00      0.00      0.00      0.00      0.00
07:22:07 PM      0.00      4.00      0.00      0.00      3.80      0.00      0.00      0.00      0.00      0.00
07:22:12 PM      0.00      0.00      0.00      0.00      4.00      0.00      0.00      0.00      0.00      0.00
07:22:17 PM     35.20      0.00      0.80      0.40      1.20      0.00      0.00      0.00      0.00      0.00
07:22:22 PM      0.00      0.00      0.00      0.00      4.20      0.00      0.00      0.00      0.00      0.00
07:22:27 PM  38632.00  25997.60   9652.60   9652.20   7370.80 119674.80      0.00   7338.00      0.00      0.00
07:22:32 PM   7416.80  20741.60   1845.80   1845.00   6365.60  58762.60      0.00   6304.20      0.00      0.00
07:22:37 PM     44.80    143.20      0.00      0.00      4.60      0.00      0.00      0.00      0.00      0.00
07:22:42 PM   2154.40      5.60      2.80      1.00      3.80      0.00      0.00      0.00      0.00      0.00
07:22:47 PM      0.00      0.00      0.00      0.00      0.60      0.00      0.00      0.00      0.00      0.00
07:22:52 PM    223.20      0.00      1.20      0.60      6.60      0.00      0.00      0.00      0.00      0.00
07:22:57 PM  18828.80   2427.20   4639.00   4637.00    989.40   1814.20      0.00    945.00      0.00      0.00
07:23:02 PM     12.80      0.00      0.00      0.00      3.80      0.00      0.00      0.00      0.00      0.00
07:23:07 PM     75.20     44.80      0.40     18.80    209.20      0.00      0.00      0.00      0.00      0.00
07:23:12 PM      4.00    136.80      0.20      0.20      3.80      0.00      0.00      0.00      0.00      0.00
07:23:17 PM     77.60      4.80      0.40     19.40    215.00     10.80      0.00      9.40      0.00      0.00
07:23:22 PM      0.00      0.00      0.00      0.00      4.00      0.00      0.00      0.00      0.00      0.00
07:23:27 PM   4505.60   3497.60    804.40    820.20   1160.40   1929.60      0.00    940.80      0.00      0.00
07:23:32 PM      0.00   3755.20      0.00      0.00    967.60   2238.60      0.00    963.60      0.00      0.00
07:23:37 PM     68.80      0.00      0.00     17.20    209.00      0.00      0.00      0.00      0.00      0.00
07:23:42 PM      2.40     38.40      0.60      0.60      4.00      0.00      0.00      0.00      0.00      0.00
07:23:47 PM     75.20    117.60      0.20     18.80    205.60      0.00      0.00      0.00      0.00      0.00
07:23:52 PM      0.00      4.80      0.00      0.00      4.00      0.00      0.00      0.00      0.00      0.00
07:23:57 PM   9362.40   8580.80   2052.80   2061.40   3596.80  41767.60      0.00   3359.80      0.00      0.00
07:24:02 PM      9.60      0.00      0.00      0.00      3.80      0.00      0.00      0.00      0.00      0.00
07:24:07 PM     29.60      0.00      0.20      0.20      4.00      0.00      0.00      0.00      0.00      0.00
07:24:12 PM   1467.20      0.00      1.00      0.60      3.80      0.00      0.00      0.00      0.00      0.00
07:24:17 PM      0.00     38.40      0.00      0.00      0.60      0.00      0.00      0.00      0.00      0.00
07:24:22 PM      3.20    130.40      0.00      0.00      3.80      0.00      0.00      0.00      0.00      0.00
07:24:27 PM   8112.80   6308.80   2006.00   2005.80   2642.80   3004.00      0.00   2598.20      0.00      0.00
07:24:32 PM     69.60      0.00     13.40     13.40      4.80      0.00      0.00      0.00      0.00      0.00
07:24:37 PM      0.00      0.00      0.00      0.00      3.80      0.00      0.00      0.00      0.00      0.00
07:24:42 PM   1520.80      0.00      0.60      0.60      4.00      0.00      0.00      0.00      0.00      0.00
07:24:47 PM    801.60      0.00      1.80      0.40      0.40      0.00      0.00      0.00      0.00      0.00
07:24:52 PM   1019.20     38.40      3.60      1.20      4.20      0.00      0.00      0.00      0.00      0.00
07:24:57 PM   6003.20  10680.00   1499.40   1499.20   2738.80   9561.40      0.00   2716.80      0.00      0.00
07:25:02 PM     14.40      4.00      2.00      2.00      4.00      0.00      0.00      0.00      0.00      0.00
07:25:07 PM     80.80      0.00      0.40     20.20    209.00      0.00      0.00      0.00      0.00      0.00
07:25:12 PM   3883.20      0.00     81.60     56.60     30.20      0.00      0.00      0.00      0.00      0.00
07:25:17 PM    716.80      0.00      8.40     51.00    513.80      0.00      0.00      0.00      0.00      0.00
07:25:22 PM   1623.20      0.00     31.20     12.40     19.80      0.00      0.00      0.00      0.00      0.00
07:25:27 PM  13534.40  14090.40   3350.00   3382.80   3947.20  39919.20      0.00   3528.80      0.00      0.00
07:25:32 PM  16116.00  20346.40   3933.80   3923.00   5292.20  34018.60      0.00   5259.20      0.00      0.00
07:25:37 PM    224.00      4.00      1.80      1.40      6.60      0.00      0.00      0.00      0.00      0.00
07:25:42 PM      3.20      0.00      0.80      0.80      4.00      0.00      0.00      0.00      0.00      0.00
07:25:47 PM      4.00      0.00      1.00      1.00      0.80      0.00      0.00      0.00      0.00      0.00
07:25:52 PM      0.00     21.60      0.00      0.00      3.80      0.00      0.00      0.00      0.00      0.00
07:25:57 PM   2580.00     70.40    530.00    514.20     37.00      0.00      0.00      0.00      0.00      0.00
07:26:02 PM    556.80      0.00    139.40    139.40      7.00      0.00      0.00      0.00      0.00      0.00
07:26:07 PM      1.60    130.40      0.60      0.40      3.80      0.00      0.00      0.00      0.00      0.00
07:26:12 PM      1.60      7.20      0.40      0.40      4.00      0.00      0.00      0.00      0.00      0.00
07:26:17 PM      0.00      0.00      0.00      0.00      0.40      0.00      0.00      0.00      0.00      0.00
07:26:22 PM      0.00      0.00      0.00      0.00      4.00      0.00      0.00      0.00      0.00      0.00
07:26:27 PM     24.80      0.00      0.80      0.40      3.80      0.00      0.00      0.00      0.00      0.00
07:26:32 PM   8156.80   2625.60   2031.40   2031.20   1936.20  67536.80      0.00   1926.00      0.00      0.00
07:26:37 PM      0.00     38.40      0.00      0.00      3.80      0.00      0.00      0.00      0.00      0.00
07:26:42 PM   4895.20   1804.00     37.20     23.60   1117.00  46646.20      0.00   1111.00      0.00      0.00
07:26:47 PM    424.00      0.00     16.60     12.60      6.40      0.00      0.00      0.00      0.00      0.00
07:26:52 PM      0.00      0.00      0.00      0.00      3.80      0.00      0.00      0.00      0.00      0.00
07:26:57 PM      0.00      0.00      0.00      0.00      4.00      0.00      0.00      0.00      0.00      0.00
07:27:02 PM  24296.80  20032.80   5460.20   5180.60   7126.80  10340.40      0.00   6718.40      0.00      0.00
07:27:07 PM     20.00      0.00      4.20      0.20      4.00      0.00      0.00      0.00      0.00      0.00
07:27:12 PM    232.80    104.80      1.80     11.40    106.60      0.00      0.00      0.00      0.00      0.00
07:27:17 PM      0.00      0.00      0.00      0.00      0.60      0.00      0.00      0.00      0.00      0.00
07:27:22 PM     44.80      0.00      0.20     11.20    106.40      0.00      0.00      0.00      0.00      0.00
07:27:27 PM    762.40      0.00      1.40      1.40      3.80      0.00      0.00      0.00      0.00      0.00
07:27:32 PM   3312.00  20746.40    825.00    834.80   5714.20   5870.20      0.00   5600.00      0.00      0.00
07:27:37 PM      0.00      4.00      0.00      0.00      3.80      0.00      0.00      0.00      0.00      0.00
07:27:42 PM    107.20      0.00      1.20     20.20    210.80      0.00      0.00      0.00      0.00      0.00
07:27:47 PM      0.00      0.00      0.40      0.00      0.40      0.00      0.00      0.00      0.00      0.00
07:27:52 PM     51.20      0.00      0.00     12.80     99.60      0.00      0.00      0.00      0.00      0.00
07:27:57 PM   3000.00      0.00    160.60    141.80     22.40      0.00      0.00      0.00      0.00      0.00
07:28:02 PM   5989.60      0.00   1497.80   1497.80     18.00      0.00      0.00      0.00      0.00      0.00
07:28:07 PM      6.40    252.00      0.00      0.00      3.80      0.00      0.00      0.00      0.00      0.00
07:28:12 PM      0.80      4.00      0.20      0.20      3.80      0.00      0.00      0.00      0.00      0.00
07:28:17 PM     57.60      0.00      6.60      6.20      2.60      0.00      0.00      0.00      0.00      0.00
07:28:22 PM      3.20      0.00      0.20      0.20      3.80      0.00      0.00      0.00      0.00      0.00
07:28:27 PM      0.00      0.00      0.00      0.00      3.99      0.00      0.00      0.00      0.00      0.00
07:28:32 PM  21565.60  14886.40   5379.40   5377.60   5154.00 142764.00      0.00   5095.00      0.00      0.00
07:28:37 PM     31.20      0.00      4.60      0.80      4.20      0.00      0.00      0.00      0.00      0.00
07:28:42 PM   1120.80    124.00     12.00     11.80     78.40      0.00      0.00      0.00      0.00      0.00
07:28:47 PM    216.00      0.00      2.00      0.40      0.60      0.00      0.00      0.00      0.00      0.00
07:28:52 PM      0.00      0.00      0.00      0.00      3.80      0.00      0.00      0.00      0.00      0.00
07:28:57 PM     44.80      0.00     11.20     11.20      4.80      0.00      0.00      0.00      0.00      0.00
07:29:02 PM   1045.60      0.00    185.80    185.60     14.60      0.00      0.00      0.00      0.00      0.00
07:29:07 PM     14.40      5.60      3.60      3.60      3.80      0.00      0.00      0.00      0.00      0.00
07:29:12 PM     27.20      0.00      6.80      6.80      5.60      0.00      0.00      0.00      0.00      0.00
07:29:17 PM      0.00      0.00      0.00      0.00      0.40      0.00      0.00      0.00      0.00      0.00
07:29:22 PM      7.20    136.80      0.20      0.20      4.20      0.00      0.00      0.00      0.00      0.00
07:29:27 PM     23.20      0.00      0.60      0.20      3.80      0.00      0.00      0.00      0.00      0.00
07:29:32 PM   3193.60      0.00    799.00    799.00     12.00      0.00      0.00      0.00      0.00      0.00
07:29:37 PM      0.00      0.00      0.00      0.00      3.80      0.00      0.00      0.00      0.00      0.00
07:29:42 PM      0.00      4.00      0.00      0.00      3.80      0.00      0.00      0.00      0.00      0.00
07:29:47 PM      0.00      0.00      0.00      0.00      0.60      0.00      0.00      0.00      0.00      0.00
07:29:52 PM      0.00      0.00      0.00      0.00      3.80      0.00      0.00      0.00      0.00      0.00
07:29:57 PM   1472.80      0.00    188.20    181.20     21.00      0.00      0.00      0.00      0.00      0.00
07:30:02 PM   2032.00      0.00    456.60    456.60      7.80      0.00      0.00      0.00      0.00      0.00
07:30:07 PM      0.80      0.00      0.20      0.20      4.00      0.00      0.00      0.00      0.00      0.00
07:30:12 PM  10884.00   4759.20    101.00     61.20   4039.80 178447.00      0.00   3998.40      0.00      0.00
07:30:17 PM   1712.00      0.00     25.80     16.80      8.40      0.00      0.00      0.00      0.00      0.00
07:30:22 PM   1801.60      0.00     38.60     15.00      1.80      0.00      0.00      0.00      0.00      0.00
07:30:27 PM    141.60      0.00     32.80     24.60      5.40      0.00      0.00      0.00      0.00      0.00
07:30:32 PM    739.20     49.60     63.20     58.00      6.20      0.00      0.00      0.00      0.00      0.00
07:30:37 PM      1.60      0.00      0.40      0.40      4.20      0.00      0.00      0.00      0.00      0.00
07:30:42 PM      0.80     46.40      6.00      0.20      4.20      0.00      0.00      0.00      0.00      0.00
07:30:47 PM      0.00      4.00      0.00      0.00      0.60      0.00      0.00      0.00      0.00      0.00
07:30:52 PM      0.00    151.20      0.00      0.00      4.00      0.00      0.00      0.00      0.00      0.00
07:30:57 PM    953.60  20236.00     27.00     19.20   5911.80   8496.80      0.00   5863.20      0.00      0.00
07:31:02 PM    713.60      0.00    178.00    176.80      5.00      0.00      0.00      0.00      0.00      0.00
07:31:07 PM      0.00      0.00      0.00      0.00      4.00      0.00      0.00      0.00      0.00      0.00
07:31:12 PM      0.00      0.00      0.00      0.00      3.80      0.00      0.00      0.00      0.00      0.00
07:31:17 PM      2.40      0.00      1.00      0.60      0.60      0.00      0.00      0.00      0.00      0.00
07:31:22 PM      0.00      4.80      0.00      0.00      3.80      0.00      0.00      0.00      0.00      0.00
07:31:27 PM      1.60      0.00      0.80      0.40      4.20      0.00      0.00      0.00      0.00      0.00
07:31:32 PM  23416.80    128.00   5862.60   5861.80    984.20    970.00      0.00    916.80      0.00      0.00
07:31:37 PM      0.80      0.00      0.20      0.20      4.20      0.00      0.00      0.00      0.00      0.00
07:31:42 PM   6113.60    383.20     36.40     20.60    608.00  58205.20      0.00    602.80      0.00      0.00
07:31:47 PM    436.80      0.00     15.80     11.00      7.20      0.00      0.00      0.00      0.00      0.00
07:31:52 PM      0.00      0.00      0.00      0.00      4.00      0.00      0.00      0.00      0.00      0.00
07:31:57 PM    709.60    839.20    174.80    159.40    637.60   4734.40      0.00    623.20      0.00      0.00
07:32:02 PM   4822.40    131.20    352.20     44.80   1538.40   1626.00      0.00   1344.60      0.00      0.00
07:32:07 PM    213.60      0.00      1.40      0.20      3.80      0.00      0.00      0.00      0.00      0.00
07:32:12 PM      0.80      0.00      1.60      0.20      4.00      0.00      0.00      0.00      0.00      0.00
07:32:17 PM      0.00      4.80      0.00      0.00      0.40      0.00      0.00      0.00      0.00      0.00
07:32:22 PM      0.00      0.00      0.00      0.00      4.00      0.00      0.00      0.00      0.00      0.00
07:32:27 PM    854.40  20306.40      1.20      0.80   5090.00  10525.40      0.00   5086.20      0.00      0.00
07:32:32 PM  20196.80      0.00   5049.60   5049.20     75.20      0.00      0.00      0.00      0.00      0.00
07:32:37 PM      0.00      0.00      0.00      0.00      4.20      0.00      0.00      0.00      0.00      0.00
07:32:42 PM      4.80    124.00      0.40      0.40      3.80      0.00      0.00      0.00      0.00      0.00
07:32:47 PM    586.40    271.20      1.00      1.00    482.40    648.40      0.00    476.20      0.00      0.00
07:32:52 PM     25.60      4.00      0.60      0.40      3.80      0.00      0.00      0.00      0.00      0.00
07:32:57 PM      0.00      0.00      0.00      0.00      4.00      0.00      0.00      0.00      0.00      0.00
07:33:02 PM   1008.00      0.00    152.20    151.80      4.80      0.00      0.00      0.00      0.00      0.00
07:33:07 PM      0.00      0.00      0.00      0.00      4.00      0.00      0.00      0.00      0.00      0.00
07:33:12 PM      0.00      0.00      0.00      0.00      4.60      0.00      0.00      0.00      0.00      0.00
07:33:17 PM      1.60      0.00      0.40      0.40      0.60      0.00      0.00      0.00      0.00      0.00
07:33:22 PM      9.60    156.00      0.00      0.00      4.00      0.00      0.00      0.00      0.00      0.00
07:33:27 PM     23.20      4.80      6.00      5.80      4.20      0.00      0.00      0.00      0.00      0.00
07:33:32 PM      0.80      0.00      0.20      0.20      5.00      0.00      0.00      0.00      0.00      0.00
07:33:37 PM      1.60      0.00      0.40      0.40      3.80      0.00      0.00      0.00      0.00      0.00
07:33:42 PM      1.60      0.00      0.40      0.40      5.00      0.00      0.00      0.00      0.00      0.00
07:33:47 PM      0.00      0.00      0.00      0.00      0.40      0.00      0.00      0.00      0.00      0.00
07:33:52 PM      0.00     38.40      0.00      0.00      3.80      0.00      0.00      0.00      0.00      0.00
07:33:57 PM    504.00    147.20    120.80    113.00    952.80   1036.60      0.00    929.80      0.00      0.00
07:34:02 PM      8.00      6.40      0.40      0.40      4.00      0.00      0.00      0.00      0.00      0.00
07:34:07 PM      0.00      0.00      0.00      0.00      4.00      0.00      0.00      0.00      0.00      0.00
07:34:12 PM   1043.20      0.00      1.60      0.80      4.60      0.00      0.00      0.00      0.00      0.00
07:34:17 PM    154.40      0.00      5.80      5.80      1.80      0.00      0.00      0.00      0.00      0.00
Average:      2427.34   2556.75    575.10    560.25    731.80   2849.44      6.37    505.31      0.00      0.00
