Linux 7.0.10-arch1-1 (archlinux) 	05/30/2026 	_x86_64_	(4 CPU)

02:45:03 PM  pgpgin/s pgpgout/s   fault/s  majflt/s  pgfree/s pgscank/s pgscand/s pgsteal/s  pgprom/s   pgdem/s
02:45:08 PM      0.00      0.00   1052.80      0.00     40.00      0.00      0.00      0.00      0.00      0.00
02:45:13 PM      0.00      0.00      0.60      0.00      5.00      0.00      0.00      0.00      0.00      0.00
02:45:18 PM     19.20   1295.20     83.60      0.00    127.20      0.00      0.00      0.00      0.00      0.00
02:45:23 PM      0.00    111.20      0.00      0.00      1.20      0.00      0.00      0.00      0.00      0.00
02:45:28 PM      0.00      0.80      6.60      0.00      4.80      0.00      0.00      0.00      0.00      0.00
02:45:33 PM      0.00      0.80      1.20      0.00     21.80      0.00      0.00      0.00      0.00      0.00
02:45:38 PM     59.20      0.00      0.80      0.20     19.60      0.00      0.00      0.00      0.00      0.00
02:45:43 PM      0.00      0.00      0.80      0.00      6.40      0.00      0.00      0.00      0.00      0.00
02:45:48 PM     32.00    290.40      6.40      0.20      5.20      0.00      0.00      0.00      0.00      0.00
02:45:53 PM      0.00      0.00      0.60      0.00      3.00      0.00      0.00      0.00      0.00      0.00
02:45:58 PM     13.60      0.00      0.40      0.20      4.20      0.00      0.00      0.00      0.00      0.00
02:46:03 PM     55.20      0.00      0.80      0.40      6.80      0.00      0.00      0.00      0.00      0.00
02:46:08 PM      0.00      0.00      0.40      0.00      4.40      0.00      0.00      0.00      0.00      0.00
02:46:13 PM      0.00      0.00      0.00      0.00      4.80      0.00      0.00      0.00      0.00      0.00
02:46:18 PM      0.00    186.40      0.00      0.00      4.00      0.00      0.00      0.00      0.00      0.00
02:46:23 PM      0.00      0.00      7.20      0.00     14.20      0.00      0.00      0.00      0.00      0.00
02:46:28 PM      0.00      0.00      0.40      0.00      4.00      0.00      0.00      0.00      0.00      0.00
02:46:33 PM      0.00      0.00      0.00      0.00    311.20      0.00      0.00      0.00      0.00      0.00
02:46:38 PM      0.00      0.00      0.00      0.00      4.20      0.00      0.00      0.00      0.00      0.00
02:46:43 PM      0.00      0.00      0.00      0.00      3.80      0.00      0.00      0.00      0.00      0.00
02:46:48 PM      0.00     85.60      0.00      0.00      4.40      0.00      0.00      0.00      0.00      0.00
02:46:53 PM      0.00     22.40      2.80      0.00    103.60      0.00      0.00      0.00      0.00      0.00
02:46:58 PM      0.00     39.20      0.00      0.00    292.60      0.00      0.00      0.00      0.00      0.00
02:47:03 PM    635.20      0.00      1.80      1.00     39.40      0.00      0.00      0.00      0.00      0.00
02:47:08 PM     13.60      0.00      7.20      0.20      6.80      0.00      0.00      0.00      0.00      0.00
02:47:13 PM      0.00      0.00      0.20      0.00      4.19      0.00      0.00      0.00      0.00      0.00
02:47:18 PM      0.00      0.00      0.00      0.00      4.60      0.00      0.00      0.00      0.00      0.00
02:47:23 PM      6.40    104.80      0.00      0.00      2.20      0.00      0.00      0.00      0.00      0.00
02:47:28 PM      0.00      0.00      0.00      0.00      4.00      0.00      0.00      0.00      0.00      0.00
02:47:33 PM      0.00      0.00      0.00      0.00      4.20      0.00      0.00      0.00      0.00      0.00
02:47:38 PM     12.80     55.20      0.00      0.00      6.20      0.00      0.00      0.00      0.00      0.00
02:47:43 PM      0.00      0.00      0.00      0.00      3.80      0.00      0.00      0.00      0.00      0.00
02:47:48 PM      0.00      3.20      0.00      0.20      6.20      0.00      0.00      0.00      0.00      0.00
02:47:53 PM    135.20      0.00      1.00      0.00      0.40      0.00      0.00      0.00      0.00      0.00
02:47:58 PM     16.00    131.20      0.00      0.00      6.20      0.00      0.00      0.00      0.00      0.00
02:48:03 PM      0.00      0.00      0.00      0.00      3.80      0.00      0.00      0.00      0.00      0.00
02:48:08 PM      0.00      0.00      0.00      0.00      4.20      0.00      0.00      0.00      0.00      0.00
02:48:13 PM      0.80      0.00      0.20      0.20      4.20      0.00      0.00      0.00      0.00      0.00
02:48:18 PM      0.00      0.00      0.00      0.00      4.40      0.00      0.00      0.00      0.00      0.00
02:48:23 PM      0.00      0.00      1.80      0.00      0.40      0.00      0.00      0.00      0.00      0.00
02:48:28 PM      0.00     19.20      0.00      0.00      3.80      0.00      0.00      0.00      0.00      0.00
02:48:33 PM      0.00      1.60      0.00      0.00      4.00      0.00      0.00      0.00      0.00      0.00
02:48:38 PM      0.00      0.00      0.00      0.00      4.00      0.00      0.00      0.00      0.00      0.00
02:48:43 PM      3.20    130.40      0.00      0.00      4.00      0.00      0.00      0.00      0.00      0.00
02:48:48 PM      0.00      0.00      0.00      0.00      4.00      0.00      0.00      0.00      0.00      0.00
02:48:53 PM      0.80      0.00      0.40      0.20      0.60      0.00      0.00      0.00      0.00      0.00
02:48:58 PM      0.00      0.00      0.00      0.00      3.80      0.00      0.00      0.00      0.00      0.00
02:49:03 PM      0.00      0.00      0.20      0.00      5.00      0.00      0.00      0.00      0.00      0.00
02:49:08 PM      0.00      3.20      0.20      0.00      4.80      0.00      0.00      0.00      0.00      0.00
02:49:13 PM      0.00      0.00      5.80      0.00      4.00      0.00      0.00      0.00      0.00      0.00
02:49:18 PM      0.00      0.00      0.00      0.00      4.60      0.00      0.00      0.00      0.00      0.00
02:49:23 PM      0.00      0.00      0.00      0.00      1.40      0.00      0.00      0.00      0.00      0.00
02:49:28 PM      0.00      0.00      0.00      0.00      4.60      0.00      0.00      0.00      0.00      0.00
02:49:33 PM      0.00      0.00      0.00      0.00      4.20      0.00      0.00      0.00      0.00      0.00
02:49:38 PM      0.00    220.00      0.00      0.00      4.20      0.00      0.00      0.00      0.00      0.00
02:49:43 PM      0.00     26.40      0.00      0.00      3.80      0.00      0.00      0.00      0.00      0.00
02:49:48 PM      6.40     42.40      1.00      0.00      4.60      0.00      0.00      0.00      0.00      0.00
02:49:53 PM      0.00      0.00      0.00      0.00      6.20      0.00      0.00      0.00      0.00      0.00
02:49:58 PM      0.00      0.00      0.00      0.00      3.80      0.00      0.00      0.00      0.00      0.00
02:50:03 PM      0.00      0.00      0.00      0.00      4.80      0.00      0.00      0.00      0.00      0.00
02:50:08 PM   1408.00      0.00    291.20      5.20    318.40      0.00      0.00      0.00      0.00      0.00
02:50:13 PM      0.00    156.80      0.20      0.00     62.20      0.00      0.00      0.00      0.00      0.00
02:50:18 PM      0.00     11.20      0.00      0.00      6.60      0.00      0.00      0.00      0.00      0.00
02:50:23 PM      0.00      0.00      0.00      0.00      0.80      0.00      0.00      0.00      0.00      0.00
02:50:28 PM      0.00      0.00      0.00      0.00      3.80      0.00      0.00      0.00      0.00      0.00
02:50:33 PM      0.80      0.00      0.20      0.20      5.20      0.00      0.00      0.00      0.00      0.00
02:50:38 PM      0.00      0.00      0.00      0.00      4.20      0.00      0.00      0.00      0.00      0.00
02:50:43 PM      0.00     32.00      0.00      0.00      3.80      0.00      0.00      0.00      0.00      0.00
02:50:48 PM      0.00    124.00      0.00      0.00      4.00      0.00      0.00      0.00      0.00      0.00
02:50:53 PM      0.00      3.20      0.00      0.00      0.40      0.00      0.00      0.00      0.00      0.00
02:50:58 PM      0.00      0.00      0.00      0.00      4.00      0.00      0.00      0.00      0.00      0.00
02:51:03 PM      0.00      0.00      0.00      0.00      3.80      0.00      0.00      0.00      0.00      0.00
02:51:08 PM      0.00      0.00      0.00      0.00      4.20      0.00      0.00      0.00      0.00      0.00
02:51:13 PM      0.00      4.80      0.00      0.00     10.60      0.00      0.00      0.00      0.00      0.00
02:51:18 PM      0.00     32.00      0.00      0.00      3.80      0.00      0.00      0.00      0.00      0.00
02:51:23 PM     14.40     98.40      0.40      0.20      0.80      0.00      0.00      0.00      0.00      0.00
02:51:28 PM      0.00      4.00      0.00      0.00      3.80      0.00      0.00      0.00      0.00      0.00
02:51:33 PM      0.00      0.00      0.00      0.00      4.00      0.00      0.00      0.00      0.00      0.00
02:51:38 PM      0.00      0.00      0.00      0.00      4.00      0.00      0.00      0.00      0.00      0.00
02:51:43 PM      0.00      0.00      0.20      0.00      4.00      0.00      0.00      0.00      0.00      0.00
02:51:48 PM      0.00      0.00      0.00      0.00      3.80      0.00      0.00      0.00      0.00      0.00
02:51:53 PM      0.00     32.00      0.00      0.00      0.60      0.00      0.00      0.00      0.00      0.00
02:51:58 PM      0.00    117.60      0.00      0.00      3.80      0.00      0.00      0.00      0.00      0.00
02:52:03 PM      0.00      4.80      0.00      0.00      3.80      0.00      0.00      0.00      0.00      0.00
02:52:08 PM      0.00      0.00      0.00      0.00      4.20      0.00      0.00      0.00      0.00      0.00
02:52:13 PM      0.00      0.00      0.20      0.00      3.80      0.00      0.00      0.00      0.00      0.00
02:52:18 PM      0.00      0.00      0.00      0.00      4.00      0.00      0.00      0.00      0.00      0.00
02:52:23 PM      0.00      0.00      0.40      0.00      0.60      0.00      0.00      0.00      0.00      0.00
02:52:28 PM      0.00     32.00      0.00      0.00      4.00      0.00      0.00      0.00      0.00      0.00
02:52:33 PM      0.00     92.00      0.00      0.00      3.80      0.00      0.00      0.00      0.00      0.00
02:52:38 PM      0.00      5.60      0.00      0.00      4.20      0.00      0.00      0.00      0.00      0.00
02:52:43 PM      0.00      0.80      0.00      0.00      4.20      0.00      0.00      0.00      0.00      0.00
02:52:48 PM      0.00      0.00      0.00      0.00      3.80      0.00      0.00      0.00      0.00      0.00
02:52:53 PM      0.00      0.00      0.00      0.00      0.80      0.00      0.00      0.00      0.00      0.00
02:52:58 PM      0.00      0.00      0.00      0.00      3.80      0.00      0.00      0.00      0.00      0.00
02:53:03 PM      0.00     32.00      0.00      0.00      4.00      0.00      0.00      0.00      0.00      0.00
02:53:08 PM      0.00    111.20      0.00      0.00      4.00      0.00      0.00      0.00      0.00      0.00
02:53:13 PM      0.00      4.80      0.20      0.00      4.00      0.00      0.00      0.00      0.00      0.00
02:53:18 PM    111.20      0.00      1.20      0.80      4.80      0.00      0.00      0.00      0.00      0.00
02:53:23 PM      0.00      0.00      0.00      0.00      0.80      0.00      0.00      0.00      0.00      0.00
02:53:28 PM      0.80     14.40      6.20      0.20      5.20      0.00      0.00      0.00      0.00      0.00
02:53:33 PM      0.00      0.00      0.00      0.00      4.20      0.00      0.00      0.00      0.00      0.00
02:53:38 PM      0.00     64.00      3.40      0.00      8.00      0.00      0.00      0.00      0.00      0.00
02:53:43 PM      3.20    168.80      0.00      0.00      5.80      0.00      0.00      0.00      0.00      0.00
02:53:48 PM      0.00      4.00      0.00      0.00      4.40      0.00      0.00      0.00      0.00      0.00
02:53:53 PM      0.00      0.00      0.00      0.00      1.00      0.00      0.00      0.00      0.00      0.00
02:53:58 PM      0.00      0.00      0.00      0.00      4.00      0.00      0.00      0.00      0.00      0.00
02:54:03 PM      0.00     28.00      0.00      0.00      3.80      0.00      0.00      0.00      0.00      0.00
02:54:08 PM      0.00     64.00      0.00      0.00      4.40      0.00      0.00      0.00      0.00      0.00
02:54:13 PM      0.00      0.00      0.00      0.00      4.00      0.00      0.00      0.00      0.00      0.00
02:54:18 PM      0.00    136.80      0.00      0.00      3.80      0.00      0.00      0.00      0.00      0.00
02:54:23 PM      0.00      4.80      0.00      0.00      2.40      0.00      0.00      0.00      0.00      0.00
02:54:28 PM      0.00      0.00      0.00      0.00      4.00      0.00      0.00      0.00      0.00      0.00
02:54:33 PM      0.00      0.00      0.00      0.00      4.00      0.00      0.00      0.00      0.00      0.00
02:54:38 PM      0.00      0.00      0.00      0.00      4.00      0.00      0.00      0.00      0.00      0.00
02:54:43 PM      0.00      0.00      0.00      0.00      4.00      0.00      0.00      0.00      0.00      0.00
02:54:48 PM     83.20     32.00      1.00      0.80      1.60      0.00      0.00      0.00      0.00      0.00
02:54:53 PM      0.80     92.00      0.20      0.20      6.00      0.00      0.00      0.00      0.00      0.00
02:54:58 PM      0.00      4.00      0.00      0.00      4.00      0.00      0.00      0.00      0.00      0.00
02:55:03 PM      0.00      0.80      0.00      0.00      4.00      0.00      0.00      0.00      0.00      0.00
02:55:08 PM     14.40      0.80    287.40      0.60    219.60      0.00      0.00      0.00      0.00      0.00
02:55:13 PM      0.80      0.00      0.40      0.20      3.80      0.00      0.00      0.00      0.00      0.00
02:55:18 PM      0.00      1.60      0.00      0.00      5.00      0.00      0.00      0.00      0.00      0.00
02:55:23 PM      0.00     32.00      0.00      0.00      0.40      0.00      0.00      0.00      0.00      0.00
02:55:28 PM      0.00    111.20      0.00      0.00      4.20      0.00      0.00      0.00      0.00      0.00
02:55:33 PM      0.00      4.80      0.00      0.00      3.80      0.00      0.00      0.00      0.00      0.00
02:55:38 PM      0.00      0.00      0.00      0.00      4.00      0.00      0.00      0.00      0.00      0.00
02:55:43 PM      0.00      0.00      0.00      0.00    159.20      0.00      0.00      0.00      0.00      0.00
02:55:48 PM      0.00      0.00      0.00      0.00      3.80      0.00      0.00      0.00      0.00      0.00
02:55:53 PM      0.00      0.00      0.00      0.00      0.60      0.00      0.00      0.00      0.00      0.00
02:55:58 PM      0.00     32.00      0.00      0.00      3.80      0.00      0.00      0.00      0.00      0.00
02:56:03 PM      0.00     92.00      0.00      0.00      4.00      0.00      0.00      0.00      0.00      0.00
02:56:08 PM      0.00      5.60      0.40      0.00      4.00      0.00      0.00      0.00      0.00      0.00
02:56:13 PM      0.00      0.00      0.00      0.00      4.00      0.00      0.00      0.00      0.00      0.00
02:56:18 PM      0.00      2.40      0.00      0.00      4.40      0.00      0.00      0.00      0.00      0.00
02:56:23 PM      0.80      0.00      0.20      0.20      1.20      0.00      0.00      0.00      0.00      0.00
02:56:28 PM      0.00      0.00      0.00      0.00      4.40      0.00      0.00      0.00      0.00      0.00
02:56:33 PM      0.00     33.60      0.00      0.00      4.20      0.00      0.00      0.00      0.00      0.00
02:56:38 PM      0.00    111.20      0.00      0.00      4.20      0.00      0.00      0.00      0.00      0.00
02:56:43 PM      0.00      4.00      0.00      0.00      3.80      0.00      0.00      0.00      0.00      0.00
02:56:48 PM      0.80      0.00      0.20      0.20      4.60      0.00      0.00      0.00      0.00      0.00
02:56:53 PM      0.80      0.00      0.20      0.20    103.00      0.00      0.00      0.00      0.00      0.00
02:56:58 PM      0.00      0.00      0.00      0.00      3.80      0.00      0.00      0.00      0.00      0.00
02:57:03 PM      0.00      0.00      0.00      0.00      4.00      0.00      0.00      0.00      0.00      0.00
02:57:08 PM      0.00     32.00      0.00      0.00      4.00      0.00      0.00      0.00      0.00      0.00
02:57:13 PM      0.00     92.00      0.00      0.00      4.00      0.00      0.00      0.00      0.00      0.00
02:57:18 PM      0.00      4.80      0.00      0.00      3.80      0.00      0.00      0.00      0.00      0.00
02:57:23 PM      0.00      0.80      0.00      0.00      0.80      0.00      0.00      0.00      0.00      0.00
02:57:28 PM      0.00      0.00      0.00      0.00      3.80      0.00      0.00      0.00      0.00      0.00
02:57:33 PM      0.00      0.00      0.00      0.00      4.20      0.00      0.00      0.00      0.00      0.00
02:57:38 PM      0.00      0.00      0.00      0.00      4.00      0.00      0.00      0.00      0.00      0.00
02:57:43 PM      0.00     32.00      0.00      0.00      3.80      0.00      0.00      0.00      0.00      0.00
02:57:48 PM      3.20    130.40      0.00      0.00      4.00      0.00      0.00      0.00      0.00      0.00
02:57:53 PM      0.00      4.00      0.00      0.00      0.40      0.00      0.00      0.00      0.00      0.00
02:57:58 PM      0.00      0.00      0.00      0.00      4.00      0.00      0.00      0.00      0.00      0.00
02:58:03 PM      0.00      0.00      0.00      0.00      3.80      0.00      0.00      0.00      0.00      0.00
02:58:08 PM      0.00      0.00      0.00      0.00      4.20      0.00      0.00      0.00      0.00      0.00
02:58:13 PM      0.00      0.00      0.20      0.00      4.00      0.00      0.00      0.00      0.00      0.00
02:58:18 PM      0.00     32.00      0.00      0.00      5.00      0.00      0.00      0.00      0.00      0.00
02:58:23 PM      0.00     93.60      0.20      0.00      1.20      0.00      0.00      0.00      0.00      0.00
02:58:28 PM      1.60     34.40      7.00      0.40      5.40      0.00      0.00      0.00      0.00      0.00
02:58:33 PM      0.00      0.00      0.00      0.00      4.60      0.00      0.00      0.00      0.00      0.00
02:58:38 PM      0.00      0.00      0.00      0.00      4.00      0.00      0.00      0.00      0.00      0.00
02:58:43 PM      0.00      0.00      0.00      0.00      4.60      0.00      0.00      0.00      0.00      0.00
02:58:48 PM      0.00      0.00      0.00      0.00      4.20      0.00      0.00      0.00      0.00      0.00
02:58:53 PM      0.80     64.80      0.20      0.20      1.60      0.00      0.00      0.00      0.00      0.00
02:58:58 PM      0.00    143.20      0.00      0.00      3.80      0.00      0.00      0.00      0.00      0.00
02:59:03 PM      0.00     28.00      0.00      0.00      4.00      0.00      0.00      0.00      0.00      0.00
02:59:08 PM      0.00      0.80      0.00      0.00      4.60      0.00      0.00      0.00      0.00      0.00
02:59:13 PM      0.80      0.00      0.20      0.20      3.80      0.00      0.00      0.00      0.00      0.00
02:59:18 PM      0.00      0.00      0.00      0.00      4.00      0.00      0.00      0.00      0.00      0.00
02:59:23 PM      0.00      0.00      0.00      0.00      0.40      0.00      0.00      0.00      0.00      0.00
02:59:28 PM      0.00     32.00      0.00      0.00      4.00      0.00      0.00      0.00      0.00      0.00
02:59:33 PM      0.00    111.20      0.00      0.00      4.00      0.00      0.00      0.00      0.00      0.00
02:59:38 PM      0.00      4.00      0.00      0.00      4.20      0.00      0.00      0.00      0.00      0.00
02:59:43 PM      0.00      0.80      0.00      0.00      4.00      0.00      0.00      0.00      0.00      0.00
02:59:48 PM      0.00      0.00      0.00      0.00      1.20      0.00      0.00      0.00      0.00      0.00
02:59:53 PM    459.20      0.00    286.60      3.60    234.00      0.00      0.00      0.00      0.00      0.00
02:59:58 PM      0.00      0.00      0.20      0.00      3.80      0.00      0.00      0.00      0.00      0.00
03:00:03 PM      0.00     51.20      0.00      0.00      4.80      0.00      0.00      0.00      0.00      0.00
03:00:08 PM      3.20    136.80      0.00      0.00      4.00      0.00      0.00      0.00      0.00      0.00
03:00:13 PM      0.80      5.60      0.40      0.20      4.00      0.00      0.00      0.00      0.00      0.00
03:00:18 PM      0.80      0.00    284.60      0.20    225.20      0.00      0.00      0.00      0.00      0.00
03:00:23 PM      0.00     42.40      0.20      0.00      0.60      0.00      0.00      0.00      0.00      0.00
03:00:28 PM      0.00      0.00      0.00      0.00      4.00      0.00      0.00      0.00      0.00      0.00
03:00:33 PM      0.00      1.60      0.00      0.00      4.60      0.00      0.00      0.00      0.00      0.00
03:00:38 PM      0.00     32.00      0.00      0.00      4.40      0.00      0.00      0.00      0.00      0.00
03:00:43 PM      0.00    117.60      0.00      0.00      3.80      0.00      0.00      0.00      0.00      0.00
03:00:48 PM      0.00      5.60      0.00      0.00      4.00      0.00      0.00      0.00      0.00      0.00
03:00:53 PM      0.00      0.00      0.00      0.00      0.60      0.00      0.00      0.00      0.00      0.00
03:00:58 PM      0.00      0.00      0.00      0.00      4.20      0.00      0.00      0.00      0.00      0.00
03:01:03 PM      0.80      0.00      0.40      0.20      5.60      0.00      0.00      0.00      0.00      0.00
03:01:08 PM      0.00      0.00      0.00      0.00    107.40      0.00      0.00      0.00      0.00      0.00
03:01:13 PM      0.00     32.00      0.00      0.00      3.80      0.00      0.00      0.00      0.00      0.00
03:01:18 PM      0.00    111.20      0.00      0.00      3.80      0.00      0.00      0.00      0.00      0.00
03:01:23 PM      0.00      4.00      0.20      0.00      0.60      0.00      0.00      0.00      0.00      0.00
03:01:28 PM      0.00      0.80      0.00      0.00      5.80      0.00      0.00      0.00      0.00      0.00
03:01:33 PM      0.00      0.00      0.00      0.00      4.00      0.00      0.00      0.00      0.00      0.00
03:01:38 PM      0.00      0.00      0.00      0.00      4.20      0.00      0.00      0.00      0.00      0.00
03:01:43 PM      0.00      0.00      0.00      0.00      4.00      0.00      0.00      0.00      0.00      0.00
03:01:48 PM      0.00     32.00      0.00      0.00      3.80      0.00      0.00      0.00      0.00      0.00
03:01:53 PM      0.00     92.61      0.00      0.00      0.80      0.00      0.00      0.00      0.00      0.00
03:01:58 PM      0.00      4.00      0.00      0.00      3.80      0.00      0.00      0.00      0.00      0.00
03:02:03 PM      0.80      0.00      0.40      0.20      5.40      0.00      0.00      0.00      0.00      0.00
03:02:08 PM      0.00      0.00      0.00      0.00      4.20      0.00      0.00      0.00      0.00      0.00
03:02:13 PM      0.00      0.00      0.00      0.00      3.80      0.00      0.00      0.00      0.00      0.00
03:02:18 PM      0.00      0.00      0.00      0.00      4.00      0.00      0.00      0.00      0.00      0.00
03:02:23 PM      0.80     32.80      0.20      0.20      2.20      0.00      0.00      0.00      0.00      0.00
03:02:28 PM      0.00    111.20      0.00      0.00      4.00      0.00      0.00      0.00      0.00      0.00
03:02:33 PM      0.00      4.00      0.00      0.00      3.80      0.00      0.00      0.00      0.00      0.00
03:02:38 PM      0.00      0.00      0.00      0.00      4.20      0.00      0.00      0.00      0.00      0.00
03:02:43 PM      0.00      0.00      0.00      0.00      4.00      0.00      0.00      0.00      0.00      0.00
03:02:48 PM      0.00      0.00      0.00      0.00      3.80      0.00      0.00      0.00      0.00      0.00
03:02:53 PM      0.80      0.00      0.20      0.20      0.60      0.00      0.00      0.00      0.00      0.00
03:02:58 PM      0.00     32.00      0.00      0.00      3.80      0.00      0.00      0.00      0.00      0.00
03:03:03 PM      0.00     92.00      0.00      0.00      4.00      0.00      0.00      0.00      0.00      0.00
03:03:08 PM      0.00      4.80      0.00      0.00      4.00      0.00      0.00      0.00      0.00      0.00
03:03:13 PM      0.00      0.00      0.20      0.00      4.00      0.00      0.00      0.00      0.00      0.00
03:03:18 PM      0.00      0.00      0.00      0.00      6.40      0.00      0.00      0.00      0.00      0.00
03:03:23 PM      0.00      0.00      0.00      0.00      0.80      0.00      0.00      0.00      0.00      0.00
03:03:28 PM      0.80     28.80      6.40      0.20      5.00      0.00      0.00      0.00      0.00      0.00
03:03:33 PM      0.00     64.00      0.00      0.00      4.00      0.00      0.00      0.00      0.00      0.00
03:03:38 PM      0.00    143.20      0.00      0.00      4.80      0.00      0.00      0.00      0.00      0.00
03:03:43 PM      0.00      6.40      0.00      0.00      4.80      0.00      0.00      0.00      0.00      0.00
03:03:48 PM      0.00      0.00      0.00      0.00      5.00      0.00      0.00      0.00      0.00      0.00
03:03:53 PM      0.00      0.00      0.00      0.00      0.40      0.00      0.00      0.00      0.00      0.00
03:03:58 PM      0.00      0.00      0.00      0.00      4.20      0.00      0.00      0.00      0.00      0.00
03:04:03 PM      0.00     23.20      0.00      0.00      3.80      0.00      0.00      0.00      0.00      0.00
03:04:08 PM      0.00    188.00      0.00      0.00      4.60      0.00      0.00      0.00      0.00      0.00
03:04:13 PM      0.00      0.00      0.00      0.00      4.00      0.00      0.00      0.00      0.00      0.00
03:04:18 PM      0.00      4.00      0.00      0.00      3.80      0.00      0.00      0.00      0.00      0.00
03:04:23 PM      0.00      0.00      0.00      0.00      0.60      0.00      0.00      0.00      0.00      0.00
03:04:28 PM      0.00      0.00      0.00      0.00      3.80      0.00      0.00      0.00      0.00      0.00
03:04:33 PM      0.00      0.00      0.00      0.00      4.00      0.00      0.00      0.00      0.00      0.00
03:04:38 PM      0.00     32.00      0.00      0.00      4.00      0.00      0.00      0.00      0.00      0.00
03:04:43 PM      0.00      0.00      0.00      0.00      4.20      0.00      0.00      0.00      0.00      0.00
03:04:48 PM      0.00    111.20      0.60      0.00      1.60      0.00      0.00      0.00      0.00      0.00
03:04:53 PM      0.00      4.80      0.00      0.00      6.00      0.00      0.00      0.00      0.00      0.00
03:04:58 PM      0.00      0.00      0.00      0.00      4.00      0.00      0.00      0.00      0.00      0.00
03:05:03 PM      0.00      0.80      0.00      0.00      4.20      0.00      0.00      0.00      0.00      0.00
03:05:08 PM      0.00      0.80      0.00      0.00      4.40      0.00      0.00      0.00      0.00      0.00
03:05:13 PM      0.00      0.00      0.20      0.00      3.80      0.00      0.00      0.00      0.00      0.00
03:05:18 PM      0.00     32.00    283.40      0.00    222.40      0.00      0.00      0.00      0.00      0.00
03:05:23 PM      0.00     92.00      0.00      0.00      0.40      0.00      0.00      0.00      0.00      0.00
03:05:28 PM      0.00      4.00      0.00      0.00      3.80      0.00      0.00      0.00      0.00      0.00
03:05:33 PM      0.00      0.00      0.00      0.00      4.00      0.00      0.00      0.00      0.00      0.00
03:05:38 PM      0.00      0.00      0.00      0.00      4.00      0.00      0.00      0.00      0.00      0.00
03:05:43 PM      0.00      0.00      0.00      0.00      4.20      0.00      0.00      0.00      0.00      0.00
03:05:48 PM      0.00      0.00      0.00      0.00      3.80      0.00      0.00      0.00      0.00      0.00
03:05:53 PM      0.00     32.00      0.00      0.00      0.60      0.00      0.00      0.00      0.00      0.00
03:05:58 PM      0.00    111.20      0.00      0.00      3.80      0.00      0.00      0.00      0.00      0.00
03:06:03 PM      0.00      4.80      0.00      0.00      4.20      0.00      0.00      0.00      0.00      0.00
03:06:08 PM      0.00      0.00      0.00      0.00      4.00      0.00      0.00      0.00      0.00      0.00
03:06:13 PM      0.00      0.00      0.00      0.00      3.80      0.00      0.00      0.00      0.00      0.00
03:06:18 PM      0.00      0.00      0.00      0.00      4.00      0.00      0.00      0.00      0.00      0.00
03:06:23 PM      0.00      0.00      0.00      0.00      0.40      0.00      0.00      0.00      0.00      0.00
03:06:28 PM      0.00     32.00      0.00      0.00      4.00      0.00      0.00      0.00      0.00      0.00
03:06:33 PM      0.00     93.60      0.00      0.00      6.00      0.00      0.00      0.00      0.00      0.00
03:06:38 PM      0.00      4.80      0.00      0.00    157.80      0.00      0.00      0.00      0.00      0.00
03:06:43 PM      0.00      0.00      0.00      0.00      4.00      0.00      0.00      0.00      0.00      0.00
03:06:48 PM      0.00      0.00      0.00      0.00      4.00      0.00      0.00      0.00      0.00      0.00
03:06:53 PM      0.80      0.00      0.20      0.20      0.40      0.00      0.00      0.00      0.00      0.00
03:06:58 PM      0.00      0.00      0.00      0.00      3.80      0.00      0.00      0.00      0.00      0.00
03:07:03 PM      0.00     32.00      0.00      0.00      4.00      0.00      0.00      0.00      0.00      0.00
03:07:08 PM      0.00    111.20      0.00      0.00      4.00      0.00      0.00      0.00      0.00      0.00
03:07:13 PM      0.00      4.00      0.00      0.00      4.00      0.00      0.00      0.00      0.00      0.00
03:07:18 PM      0.00      0.00      0.00      0.00      3.80      0.00      0.00      0.00      0.00      0.00
03:07:23 PM      0.00      0.00      0.00      0.00      0.60      0.00      0.00      0.00      0.00      0.00
03:07:28 PM      0.00      0.00      0.00      0.00      3.80      0.00      0.00      0.00      0.00      0.00
03:07:33 PM      0.00      3.20      0.00      0.00      4.80      0.00      0.00      0.00      0.00      0.00
03:07:38 PM      0.00     32.00      0.00      0.00      4.00      0.00      0.00      0.00      0.00      0.00
03:07:43 PM      0.00     92.00      0.00      0.00      3.80      0.00      0.00      0.00      0.00      0.00
03:07:48 PM      0.00      5.60      0.00      0.00      4.20      0.00      0.00      0.00      0.00      0.00
03:07:53 PM      0.00      0.00      0.00      0.00      0.40      0.00      0.00      0.00      0.00      0.00
03:07:58 PM      0.00      0.00      0.00      0.00      4.00      0.00      0.00      0.00      0.00      0.00
03:08:03 PM      0.00      0.80      0.00      0.00      4.00      0.00      0.00      0.00      0.00      0.00
03:08:08 PM      0.00      0.00      0.00      0.00      4.20      0.00      0.00      0.00      0.00      0.00
03:08:13 PM      0.80     32.00      0.40      0.20      3.80      0.00      0.00      0.00      0.00      0.00
03:08:18 PM      0.00    111.20      0.00      0.00      5.00      0.00      0.00      0.00      0.00      0.00
03:08:23 PM      0.00      4.80      0.00      0.00      0.80      0.00      0.00      0.00      0.00      0.00
03:08:28 PM      0.00     51.20      6.00      0.00      4.80      0.00      0.00      0.00      0.00      0.00
03:08:33 PM      0.00     14.40      5.80      0.00      4.40      0.00      0.00      0.00      0.00      0.00
03:08:38 PM      0.80      0.80      0.20      0.20      4.40      0.00      0.00      0.00      0.00      0.00
03:08:43 PM      0.00      0.00      0.00      0.00      4.40      0.00      0.00      0.00      0.00      0.00
03:08:48 PM      0.00     64.00      0.00      0.00      4.40      0.00      0.00      0.00      0.00      0.00
03:08:53 PM      0.00    124.00      0.00      0.00      0.80      0.00      0.00      0.00      0.00      0.00
03:08:58 PM      0.00      4.00      0.00      0.00      3.80      0.00      0.00      0.00      0.00      0.00
03:09:03 PM      0.00     22.40      0.00      0.00      3.80      0.00      0.00      0.00      0.00      0.00
03:09:08 PM      0.00      0.00      0.00      0.00      4.60      0.00      0.00      0.00      0.00      0.00
03:09:13 PM      0.80      0.00      0.20      0.20      3.80      0.00      0.00      0.00      0.00      0.00
03:09:18 PM      0.00      0.00      0.00      0.00      4.00      0.00      0.00      0.00      0.00      0.00
03:09:23 PM      0.00     32.00      0.00      0.00      0.40      0.00      0.00      0.00      0.00      0.00
03:09:28 PM      0.00    124.00      0.00      0.00      4.00      0.00      0.00      0.00      0.00      0.00
03:09:33 PM      0.00      4.80      0.00      0.00      3.80      0.00      0.00      0.00      0.00      0.00
03:09:38 PM      0.00      0.00      0.00      0.00      4.20      0.00      0.00      0.00      0.00      0.00
03:09:43 PM      0.00      0.00      0.00      0.00      3.80      0.00      0.00      0.00      0.00      0.00
03:09:48 PM      0.00      0.00      0.00      0.00      1.80      0.00      0.00      0.00      0.00      0.00
03:09:53 PM      0.00      0.00      0.00      0.00      7.00      0.00      0.00      0.00      0.00      0.00
03:09:58 PM      0.00     32.00      0.00      0.00      3.80      0.00      0.00      0.00      0.00      0.00
03:10:03 PM      0.00     92.00      0.00      0.00      4.80      0.00      0.00      0.00      0.00      0.00
03:10:08 PM      0.00      4.00      0.00      0.00      4.00      0.00      0.00      0.00      0.00      0.00
03:10:13 PM      0.00      0.00      0.20      0.00      4.00      0.00      0.00      0.00      0.00      0.00
03:10:18 PM      0.00      0.00      0.00      0.00      3.80      0.00      0.00      0.00      0.00      0.00
03:10:23 PM      4.00      0.80    282.40      1.00    215.00      0.00      0.00      0.00      0.00      0.00
03:10:28 PM      0.00      0.00      0.00      0.00      3.80      0.00      0.00      0.00      0.00      0.00
03:10:33 PM      0.00     33.60      0.00      0.00      4.20      0.00      0.00      0.00      0.00      0.00
03:10:38 PM      0.00    111.20      0.00      0.00      4.20      0.00      0.00      0.00      0.00      0.00
03:10:43 PM      0.00      4.00      0.00      0.00      3.80      0.00      0.00      0.00      0.00      0.00
03:10:48 PM      0.80      0.00      0.20      0.20      4.80      0.00      0.00      0.00      0.00      0.00
03:10:53 PM      0.00      0.00      0.00      0.00      0.40      0.00      0.00      0.00      0.00      0.00
03:10:58 PM      0.00      0.00      0.00      0.00      4.00      0.00      0.00      0.00      0.00      0.00
03:11:03 PM      0.00      0.00      0.00      0.00      3.80      0.00      0.00      0.00      0.00      0.00
03:11:08 PM      0.00     32.00      0.00      0.00      4.20      0.00      0.00      0.00      0.00      0.00
03:11:13 PM      0.00     92.00      0.00      0.00      3.80      0.00      0.00      0.00      0.00      0.00
03:11:18 PM      0.00      7.20      0.00      0.00      3.80      0.00      0.00      0.00      0.00      0.00
03:11:23 PM      0.00      0.00      0.00      0.00      0.80      0.00      0.00      0.00      0.00      0.00
03:11:28 PM      0.00      0.00      0.00      0.00      3.80      0.00      0.00      0.00      0.00      0.00
03:11:33 PM      0.00      0.00      0.00      0.00      4.00      0.00      0.00      0.00      0.00      0.00
03:11:38 PM      0.00      0.00      0.00      0.00      4.00      0.00      0.00      0.00      0.00      0.00
03:11:43 PM      0.00     32.00      0.00      0.00      4.00      0.00      0.00      0.00      0.00      0.00
03:11:48 PM      0.00    111.20      0.00      0.00      3.80      0.00      0.00      0.00      0.00      0.00
03:11:53 PM      0.00      4.00      0.00      0.00      0.60      0.00      0.00      0.00      0.00      0.00
03:11:58 PM      0.00      0.00      0.00      0.00      4.00      0.00      0.00      0.00      0.00      0.00
03:12:03 PM      0.00      0.00      0.00      0.00      3.80      0.00      0.00      0.00      0.00      0.00
03:12:08 PM      0.00      1.60      0.00      0.20      5.40      0.00      0.00      0.00      0.00      0.00
03:12:13 PM     42.40      0.00      2.40      0.40      4.20      0.00      0.00      0.00      0.00      0.00
03:12:18 PM      0.00     32.00      0.00      0.00      4.00      0.00      0.00      0.00      0.00      0.00
03:12:23 PM      0.00     98.40      0.20      0.00      0.40      0.00      0.00      0.00      0.00      0.00
03:12:28 PM      0.80      4.80      0.20      0.20      4.00      0.00      0.00      0.00      0.00      0.00
03:12:33 PM      0.00      0.00      0.00      0.00      3.80      0.00      0.00      0.00      0.00      0.00
03:12:38 PM     13.60      2.40      0.20      0.20      4.80      0.00      0.00      0.00      0.00      0.00
03:12:43 PM      0.00      0.00      0.40      0.00      4.00      0.00      0.00      0.00      0.00      0.00
03:12:48 PM      0.00      0.00      0.00      0.00      3.80      0.00      0.00      0.00      0.00      0.00
03:12:53 PM      1.60     32.00      0.40      0.40      1.20      0.00      0.00      0.00      0.00      0.00
03:12:58 PM      0.00    117.60      0.00      0.00      3.80      0.00      0.00      0.00      0.00      0.00
03:13:03 PM      0.00      4.00      0.00      0.00      4.00      0.00      0.00      0.00      0.00      0.00
03:13:08 PM      0.00      0.00      0.00      0.00      4.00      0.00      0.00      0.00      0.00      0.00
03:13:13 PM      0.00      0.00      0.20      0.00      4.00      0.00      0.00      0.00      0.00      0.00
03:13:18 PM      0.00      0.00      0.00      0.00      4.80      0.00      0.00      0.00      0.00      0.00
03:13:23 PM      0.00      0.80      0.00      0.00      1.00      0.00      0.00      0.00      0.00      0.00
03:13:28 PM      0.00     32.00      6.20      0.00      4.20      0.00      0.00      0.00      0.00      0.00
03:13:33 PM      0.00    168.80      5.80      0.00      5.00      0.00      0.00      0.00      0.00      0.00
03:13:38 PM      0.00      8.00      0.00      0.00      5.40      0.00      0.00      0.00      0.00      0.00
03:13:43 PM     15.20      0.00      2.40      0.60      4.40      0.00      0.00      0.00      0.00      0.00
03:13:48 PM      0.00      0.00      0.00      0.00      4.40      0.00      0.00      0.00      0.00      0.00
03:13:53 PM      0.80      0.00      0.40      0.20      1.20      0.00      0.00      0.00      0.00      0.00
03:13:58 PM      0.00      0.00      0.00      0.00      4.00      0.00      0.00      0.00      0.00      0.00
03:14:03 PM      0.00     86.40      0.00      0.00      3.80      0.00      0.00      0.00      0.00      0.00
03:14:08 PM      0.00    136.80      0.20      0.00      4.40      0.00      0.00      0.00      0.00      0.00
03:14:13 PM      0.80      4.00      0.20      0.20      4.00      0.00      0.00      0.00      0.00      0.00
03:14:18 PM      0.00      0.00      0.00      0.00      3.80      0.00      0.00      0.00      0.00      0.00
03:14:23 PM      0.80      0.00      0.20      0.20      2.00      0.00      0.00      0.00      0.00      0.00
03:14:28 PM      0.00      0.00      0.00      0.00      3.80      0.00      0.00      0.00      0.00      0.00
03:14:33 PM      0.00      0.00      0.00      0.00      4.00      0.00      0.00      0.00      0.00      0.00
03:14:38 PM      0.00     32.00      0.00      0.00      4.00      0.00      0.00      0.00      0.00      0.00
03:14:43 PM      0.00     92.00      0.00      0.00      3.80      0.00      0.00      0.00      0.00      0.00
03:14:48 PM     52.80      6.40      0.00      0.40      2.60      0.00      0.00      0.00      0.00      0.00
03:14:53 PM     13.60      0.00      1.00      0.00      6.20      0.00      0.00      0.00      0.00      0.00
03:14:58 PM      0.00      0.00      0.00      0.00      4.20      0.00      0.00      0.00      0.00      0.00
03:15:03 PM      4.00      0.00      1.40      0.20     44.60      0.00      0.00      0.00      0.00      0.00
Average:         9.11     27.22      8.25      0.06     11.97      0.00      0.00      0.00      0.00      0.00
