Linux 7.0.10-arch1-1 (archlinux) 	05/30/2026 	_x86_64_	(4 CPU)

02:45:03 PM kbmemfree   kbavail kbmemused  %memused kbbuffers  kbcached  kbcommit   %commit  kbactive   kbinact   kbdirty   kbshmem
02:45:08 PM   3998480   4014400   3891420     49.22      2548    230260   8799620     32.02   3639036     60988      6136      5376
02:45:13 PM   3998256   4014200   3891620     49.22      2548    230260   8799620     32.02   3639260     61012      6136      5376
02:45:18 PM   3998932   4015424   3890396     49.21      2556    230792   8798028     32.01   3638216     61556      1096      5372
02:45:23 PM   3998932   4015440   3890380     49.21      2556    230808   8798028     32.01   3638256     61572       552      5372
02:45:28 PM   3994836   4011344   3894476     49.26      2556    230828   8798028     32.01   3638260     61572       588      5372
02:45:33 PM   3994836   4011052   3894768     49.26      2556    230520   8789832     31.98   3637940     61584       592      5372
02:45:38 PM   3994836   4010808   3895012     49.27      2556    230332   8789832     31.98   3637652     61632       616      5372
02:45:43 PM   3994836   4010868   3894952     49.27      2556    230332   8781636     31.95   3637692     61632       644      5372
02:45:48 PM   3994836   4011244   3894576     49.26      2556    230712   8781636     31.95   3637720     61984       212      5372
02:45:53 PM   3994836   4011244   3894576     49.26      2556    230708   8781636     31.95   3637728     61984       212      5372
02:45:58 PM   3994836   4011244   3894576     49.26      2556    230712   8781636     31.95   3637728     61984       212      5372
02:46:03 PM   3994836   4011228   3894592     49.26      2556    230692   8781636     31.95   3637712     61984       216      5372
02:46:08 PM   3994836   4011228   3894592     49.26      2556    230692   8781636     31.95   3637712     61984       220      5372
02:46:13 PM   3994836   4011268   3894552     49.26      2556    230732   8781636     31.95   3637704     62032       248      5372
02:46:18 PM   3994836   4011516   3894304     49.26      2556    231052   8781636     31.95   3637704     62280       188      5372
02:46:23 PM   3994836   4011356   3894464     49.26      2556    230820   8781636     31.95   3637472     62352       212      5372
02:46:28 PM   3994836   4011356   3894464     49.26      2556    230820   8781636     31.95   3637472     62352       212      5372
02:46:33 PM   3990904   4007424   3898396     49.31      2556    230820   8781636     31.95   3637476     62352       212      5372
02:46:38 PM   3990904   4007424   3898396     49.31      2556    230820   8781636     31.95   3637476     62352       212      5372
02:46:43 PM   3990904   4007424   3898396     49.31      2556    230820   8781636     31.95   3637476     62352       212      5372
02:46:48 PM   3990400   4006968   3898852     49.32      2556    230948   8781636     31.95   3637476     62400       112      5372
02:46:53 PM   4001180   4017828   3887992     49.18      2556    230948   8781636     31.95   3635480     62480        20      5372
02:46:58 PM   4004080   4015140   3890680     49.21      2224    225688   8781636     31.95   3632984     59192        20      5348
02:47:03 PM   4004080   4015696   3890124     49.21      2224    226244   8781636     31.95   3633540     59192        20      5348
02:47:08 PM   4004080   4015808   3890012     49.20      2224    226344   8781636     31.95   3633572     59288       216      5348
02:47:13 PM   4004080   4015808   3890012     49.20      2224    226344   8781636     31.95   3633576     59288       216      5348
02:47:18 PM   4004080   4015812   3890008     49.20      2224    226344   8781636     31.95   3633576     59292       216      5348
02:47:23 PM   4004080   4015984   3889836     49.20      2224    226532   8781636     31.95   3633576     59464       120      5348
02:47:28 PM   4004080   4016044   3889776     49.20      2224    226612   8781636     31.95   3633576     59524       220      5348
02:47:33 PM   4004080   4016044   3889776     49.20      2224    226608   8781636     31.95   3633576     59524       216      5348
02:47:38 PM   4004080   4016100   3889720     49.20      2224    226632   8781636     31.95   3633576     59580        24      5348
02:47:43 PM   4004080   4016100   3889720     49.20      2224    226632   8781636     31.95   3633576     59580        24      5348
02:47:48 PM   4004080   4016072   3889748     49.20      2224    226604   8781636     31.95   3633532     59580        24      5348
02:47:53 PM   4003828   4015820   3890000     49.20      2224    226724   8781636     31.95   3633532     59580        72      5348
02:47:58 PM   4003828   4016148   3889672     49.20      2224    227036   8781636     31.95   3633604     59836         0      5348
02:48:03 PM   4003828   4016148   3889672     49.20      2224    227036   8781636     31.95   3633604     59836        20      5348
02:48:08 PM   4003828   4016256   3889564     49.20      2224    227040   8781636     31.95   3633604     59944        24      5348
02:48:13 PM   4003828   4016256   3889564     49.20      2224    227044   8781636     31.95   3633604     59944        28      5348
02:48:18 PM   4003828   4016304   3889516     49.20      2224    227088   8781636     31.95   3633608     59992        72      5348
02:48:23 PM   4003828   4016304   3889516     49.20      2224    227088   8781636     31.95   3633608     59992        72      5348
02:48:28 PM   4003828   4016304   3889516     49.20      2224    227088   8781636     31.95   3633608     59992        24      5348
02:48:33 PM   4003828   4016352   3889468     49.20      2224    227168   8781636     31.95   3633608     60040        80      5348
02:48:38 PM   4003828   4016384   3889436     49.20      2224    227168   8781636     31.95   3633608     60072       100      5348
02:48:43 PM   4003828   4016508   3889312     49.20      2224    227432   8781636     31.95   3633608     60196        28      5348
02:48:48 PM   4003828   4016648   3889172     49.19      2224    227432   8781636     31.95   3633608     60336        28      5348
02:48:53 PM   4003828   4016648   3889172     49.19      2224    227432   8781636     31.95   3633608     60336        28      5348
02:48:58 PM   4003828   4016648   3889172     49.19      2224    227432   8781636     31.95   3633616     60336        28      5348
02:49:03 PM   4003828   4016648   3889172     49.19      2224    227432   8781636     31.95   3633616     60336        28      5348
02:49:08 PM   4003576   4016476   3889344     49.20      2224    227512   8781636     31.95   3633616     60416        80      5348
02:49:13 PM   4003576   4016476   3889344     49.20      2224    227564   8781636     31.95   3633616     60416       268      5348
02:49:18 PM   4003576   4016556   3889264     49.19      2224    227596   8781636     31.95   3633616     60496       300      5348
02:49:23 PM   4003576   4016556   3889264     49.19      2224    227596   8781636     31.95   3633616     60496       300      5348
02:49:28 PM   4003576   4016556   3889264     49.19      2224    227592   8781636     31.95   3633616     60496       296      5348
02:49:33 PM   4003576   4016556   3889264     49.19      2224    227592   8781636     31.95   3633616     60496       296      5348
02:49:38 PM   4003576   4016940   3888880     49.19      2224    227976   8781636     31.95   3633616     60880       136      5348
02:49:43 PM   4003576   4017020   3888800     49.19      2224    228056   8781636     31.95   3633616     60960        80      5348
02:49:48 PM   4003576   4017124   3888696     49.19      2224    228160   8789832     31.98   3633624     61064       100      5348
02:49:53 PM   4003576   4017124   3888696     49.19      2224    228160   8789832     31.98   3633624     61064       100      5348
02:49:58 PM   4003576   4017124   3888696     49.19      2224    228160   8789832     31.98   3633624     61064       100      5348
02:50:03 PM   4003576   4017124   3888696     49.19      2224    228160   8789832     31.98   3633624     61064       100      5348
02:50:08 PM   4003568   4019240   3886580     49.16      2224    230284   8788896     31.98   3635532     61136       100      5348
02:50:13 PM   4004592   4020472   3885348     49.15      2224    230552   8788896     31.98   3635488     61384        24      5348
02:50:18 PM   4004592   4020592   3885228     49.14      2224    230612   8788896     31.98   3635436     61524        80      5348
02:50:23 PM   4004592   4020592   3885228     49.14      2224    230612   8788896     31.98   3635436     61524       100      5348
02:50:28 PM   4004592   4020592   3885228     49.14      2224    230612   8788896     31.98   3635436     61524       100      5348
02:50:33 PM   4004592   4020592   3885228     49.14      2224    230612   8788896     31.98   3635436     61524       100      5348
02:50:38 PM   4004592   4020592   3885228     49.14      2224    230612   8788896     31.98   3635436     61524       100      5348
02:50:43 PM   4004592   4020592   3885228     49.14      2224    230612   8788896     31.98   3635440     61524        20      5348
02:50:48 PM   4004340   4020588   3885232     49.14      2224    230916   8788896     31.98   3635440     61772        20      5348
02:50:53 PM   4004340   4020692   3885128     49.14      2224    230996   8788896     31.98   3635440     61876        80      5348
02:50:58 PM   4004340   4020692   3885128     49.14      2224    230996   8788896     31.98   3635440     61876       100      5348
02:51:03 PM   4004340   4020724   3885096     49.14      2224    230996   8788896     31.98   3635440     61908       100      5348
02:51:08 PM   4004340   4020724   3885096     49.14      2224    231000   8788896     31.98   3635440     61908       104      5348
02:51:13 PM   4004340   4020616   3885204     49.14      2224    230888   8788896     31.98   3635304     61912       104      5348
02:51:18 PM   4004340   4020616   3885204     49.14      2224    230888   8788896     31.98   3635304     61912        24      5348
02:51:23 PM   4004340   4020740   3885080     49.14      2224    231132   8788896     31.98   3635304     62036        24      5348
02:51:28 PM   4004340   4020904   3884916     49.14      2224    231212   8788896     31.98   3635304     62200        80      5348
02:51:33 PM   4004088   4020692   3885128     49.14      2224    231216   8788896     31.98   3635308     62236       104      5348
02:51:38 PM   4004088   4020692   3885128     49.14      2224    231216   8788896     31.98   3635308     62236       104      5348
02:51:43 PM   4004088   4020692   3885128     49.14      2224    231216   8788896     31.98   3635308     62236       104      5348
02:51:48 PM   4004088   4020692   3885128     49.14      2224    231216   8788896     31.98   3635308     62236       104      5348
02:51:53 PM   4004088   4020692   3885128     49.14      2224    231216   8788896     31.98   3635308     62236        24      5348
02:51:58 PM   4004088   4020940   3884880     49.14      2224    231504   8788896     31.98   3635308     62484        24      5348
02:52:03 PM   4004088   4021060   3884760     49.14      2224    231584   8788896     31.98   3635308     62604        80      5348
02:52:08 PM   4004088   4021060   3884760     49.14      2224    231584   8788896     31.98   3635308     62604       100      5348
02:52:13 PM   4004088   4021060   3884760     49.14      2224    231584   8788896     31.98   3635308     62604       100      5348
02:52:18 PM   4004088   4021060   3884760     49.14      2224    231584   8788896     31.98   3635308     62604       100      5348
02:52:23 PM   4004088   4021060   3884760     49.14      2224    231584   8788896     31.98   3635308     62604       100      5348
02:52:28 PM   4004088   4021060   3884760     49.14      2224    231592   8788896     31.98   3635308     62604        28      5348
02:52:33 PM   4004088   4021292   3884528     49.14      2224    231816   8788896     31.98   3635308     62836        28      5348
02:52:38 PM   4004088   4021292   3884528     49.14      2224    231896   8788896     31.98   3635308     62836        80      5348
02:52:43 PM   4004088   4021368   3884452     49.13      2224    231892   8788896     31.98   3635304     62912       100      5348
02:52:48 PM   4004088   4021368   3884452     49.13      2224    231896   8788896     31.98   3635304     62912       104      5348
02:52:53 PM   4003836   4021120   3884700     49.14      2224    231896   8788896     31.98   3635304     62916       104      5348
02:52:58 PM   4003836   4021120   3884700     49.14      2224    231896   8788896     31.98   3635304     62916       104      5348
02:53:03 PM   4003836   4021120   3884700     49.14      2224    231896   8788896     31.98   3635304     62916        24      5348
02:53:08 PM   4003836   4021368   3884452     49.13      2224    232168   8788896     31.98   3635304     63164        24      5348
02:53:13 PM   4003836   4021472   3884348     49.13      2224    232248   8788896     31.98   3635308     63268        80      5348
02:53:18 PM   4003836   4021472   3884348     49.13      2224    232300   8788896     31.98   3635308     63268       100      5348
02:53:23 PM   4003836   4021524   3884296     49.13      2224    232300   8788896     31.98   3635360     63268       100      5348
02:53:28 PM   4003836   4021524   3884296     49.13      2224    232336   8788896     31.98   3635364     63268       220      5348
02:53:33 PM   4003836   4021636   3884184     49.13      2224    232416   8788896     31.98   3635364     63380       300      5348
02:53:38 PM   4003836   4021672   3884148     49.13      2224    232448   8788896     31.98   3635376     63416       260      5348
02:53:43 PM   4003584   4021740   3884080     49.13      2224    232768   8788896     31.98   3635388     63736       160      5348
02:53:48 PM   4003332   4021612   3884208     49.13      2224    232900   8788896     31.98   3635388     63860       272      5348
02:53:53 PM   4003332   4021640   3884180     49.13      2224    232920   8788896     31.98   3635380     63896       320      5348
02:53:58 PM   4003332   4021640   3884180     49.13      2224    232920   8788896     31.98   3635380     63896       320      5348
02:54:03 PM   4003332   4021640   3884180     49.13      2224    232920   8788896     31.98   3635380     63896       180      5348
02:54:08 PM   4003332   4021640   3884180     49.13      2224    232920   8788896     31.98   3635380     63896        20      5348
02:54:13 PM   4003332   4021640   3884180     49.13      2224    232924   8788896     31.98   3635380     63896        24      5348
02:54:18 PM   4003080   4021640   3884180     49.13      2224    233260   8788896     31.98   3635380     64148        24      5348
02:54:23 PM   4003080   4021604   3884216     49.13      2224    233304   8788896     31.98   3635344     64148        80      5348
02:54:28 PM   4003080   4021772   3884048     49.13      2224    233304   8788896     31.98   3635344     64316       100      5348
02:54:33 PM   4003080   4021772   3884048     49.13      2224    233304   8788896     31.98   3635344     64316       100      5348
02:54:38 PM   4003080   4021772   3884048     49.13      2224    233304   8788896     31.98   3635344     64316       100      5348
02:54:43 PM   4003080   4021772   3884048     49.13      2224    233304   8788896     31.98   3635344     64316       100      5348
02:54:48 PM   4003080   4021772   3884048     49.13      2224    233348   8788896     31.98   3635344     64316        20      5348
02:54:53 PM   4002828   4021768   3884052     49.13      2224    233572   8788896     31.98   3635392     64520        20      5348
02:54:58 PM   4002828   4021788   3884032     49.13      2224    233652   8788896     31.98   3635392     64540        80      5348
02:55:03 PM   4002828   4021788   3884032     49.13      2224    233652   8788896     31.98   3635388     64540       100      5348
02:55:08 PM   4002576   4021624   3884196     49.13      2224    233664   8788896     31.98   3635332     64620       100      5348
02:55:13 PM   4002576   4021624   3884196     49.13      2224    233664   8788896     31.98   3635364     64620       100      5348
02:55:18 PM   4002576   4021616   3884204     49.13      2224    233652   8788896     31.98   3635444     64620       100      5348
02:55:23 PM   4002576   4021616   3884204     49.13      2224    233656   8788896     31.98   3635444     64620        24      5348
02:55:28 PM   4002324   4021640   3884180     49.13      2224    233928   8788896     31.98   3635444     64896        24      5348
02:55:33 PM   4002324   4021640   3884180     49.13      2224    234008   8788896     31.98   3635444     64896        80      5348
02:55:38 PM   4002324   4021720   3884100     49.13      2224    234008   8788896     31.98   3635444     64976       100      5348
02:55:43 PM   4003348   4022744   3883076     49.12      2224    234008   8788896     31.98   3635444     64976       100      5348
02:55:48 PM   4003348   4022744   3883076     49.12      2224    234008   8788896     31.98   3635444     64976       100      5348
02:55:53 PM   4003348   4022744   3883076     49.12      2224    234008   8788896     31.98   3635444     64976       100      5348
02:55:58 PM   4003348   4022744   3883076     49.12      2224    234008   8788896     31.98   3635444     64976        20      5348
02:56:03 PM   4003096   4022616   3883204     49.12      2224    234232   8788896     31.98   3635444     65100        20      5348
02:56:08 PM   4003096   4022804   3883016     49.12      2224    234320   8788896     31.98   3635444     65288        80      5348
02:56:13 PM   4003096   4022804   3883016     49.12      2224    234320   8788896     31.98   3635444     65288       100      5348
02:56:18 PM   4003096   4022804   3883016     49.12      2224    234320   8788896     31.98   3635436     65288       100      5348
02:56:23 PM   4003096   4022804   3883016     49.12      2224    234320   8788896     31.98   3635436     65288       100      5348
02:56:28 PM   4003096   4022800   3883020     49.12      2224    234316   8788896     31.98   3635440     65284       100      5348
02:56:33 PM   4003096   4022800   3883020     49.12      2224    234316   8788896     31.98   3635432     65284        20      5348
02:56:38 PM   4002844   4022820   3883000     49.12      2224    234588   8788896     31.98   3635432     65556        20      5348
02:56:43 PM   4002844   4022820   3883000     49.12      2224    234668   8788896     31.98   3635432     65556        80      5348
02:56:48 PM   4002844   4022900   3882920     49.11      2224    234668   8788896     31.98   3635436     65636       100      5348
02:56:53 PM   4002844   4022900   3882920     49.11      2224    234668   8788896     31.98   3633388     65636       100      5348
02:56:58 PM   4002844   4022900   3882920     49.11      2224    234668   8788896     31.98   3633392     65636       100      5348
02:57:03 PM   4002844   4022900   3882920     49.11      2224    234668   8788896     31.98   3633392     65636       100      5348
02:57:08 PM   4002844   4022900   3882920     49.11      2224    234668   8788896     31.98   3633392     65636        20      5348
02:57:13 PM   4002592   4022772   3883048     49.12      2224    234896   8788896     31.98   3633392     65760        24      5348
02:57:18 PM   4002592   4022956   3882864     49.11      2224    234976   8788896     31.98   3633392     65944        80      5348
02:57:23 PM   4002592   4022956   3882864     49.11      2224    234976   8788896     31.98   3633388     65944       100      5348
02:57:28 PM   4002592   4022956   3882864     49.11      2224    234976   8788896     31.98   3633388     65944       100      5348
02:57:33 PM   4002592   4022956   3882864     49.11      2224    234976   8788896     31.98   3633388     65944       100      5348
02:57:38 PM   4002592   4022956   3882864     49.11      2224    234976   8788896     31.98   3633388     65944       100      5348
02:57:43 PM   4002592   4022956   3882864     49.11      2224    234976   8788896     31.98   3633388     65944        20      5348
02:57:48 PM   4002340   4022952   3882868     49.11      2224    235312   8788896     31.98   3633388     66192        20      5348
02:57:53 PM   4002088   4022788   3883032     49.12      2224    235392   8788896     31.98   3633388     66280        80      5348
02:57:58 PM   4002088   4022788   3883032     49.12      2224    235396   8788896     31.98   3633388     66280       104      5348
02:58:03 PM   4002088   4022872   3882948     49.12      2224    235396   8788896     31.98   3633388     66364       104      5348
02:58:08 PM   4002088   4022872   3882948     49.12      2224    235400   8788896     31.98   3633388     66364       108      5348
02:58:13 PM   4002088   4022872   3882948     49.12      2224    235396   8788896     31.98   3633388     66364       108      5348
02:58:18 PM   4002088   4022872   3882948     49.12      2224    235396   8788896     31.98   3633388     66364        28      5348
02:58:23 PM   4001836   4022736   3883084     49.12      2224    235620   8788896     31.98   3633384     66480        28      5348
02:58:28 PM   4001836   4022924   3882896     49.11      2224    235768   8788896     31.98   3633400     66660       204      5348
02:58:33 PM   4001836   4023036   3882784     49.11      2224    235848   8788896     31.98   3633400     66772       304      5348
02:58:38 PM   4001836   4023036   3882784     49.11      2224    235844   8788896     31.98   3633400     66772       300      5348
02:58:43 PM   4001836   4023068   3882752     49.11      2224    235844   8788896     31.98   3633400     66804       300      5348
02:58:48 PM   4001836   4023068   3882752     49.11      2224    235848   8788896     31.98   3633400     66804       304      5348
02:58:53 PM   4001836   4023060   3882760     49.11      2224    235836   8788896     31.98   3633388     66804       140      5348
02:58:58 PM   4001080   4022548   3883272     49.12      2224    236188   8788896     31.98   3633392     67048       140      5348
02:59:03 PM   4001080   4022736   3883084     49.12      2224    236268   8788896     31.98   3633392     67236        80      5348
02:59:08 PM   4001080   4022736   3883084     49.12      2224    236268   8788896     31.98   3633388     67236       100      5348
02:59:13 PM   4001080   4022736   3883084     49.12      2224    236268   8788896     31.98   3633392     67236       100      5348
02:59:18 PM   4001080   4022736   3883084     49.12      2224    236268   8788896     31.98   3633392     67236       100      5348
02:59:23 PM   4001080   4022736   3883084     49.12      2224    236268   8788896     31.98   3633392     67236       100      5348
02:59:28 PM   4001080   4022736   3883084     49.12      2224    236268   8788896     31.98   3633392     67236        20      5348
02:59:33 PM   4000828   4022756   3883064     49.12      2224    236540   8788896     31.98   3633392     67508        20      5348
02:59:38 PM   4000324   4022252   3883568     49.12      2224    236620   8788896     31.98   3633392     67508        80      5348
02:59:43 PM   4000324   4022332   3883488     49.12      2224    236620   8788896     31.98   3633388     67588       100      5348
02:59:48 PM   4000084   4022092   3883728     49.12      2224    236620   8788896     31.98   3633388     67588       100      5348
02:59:53 PM   3997816   4020308   3885512     49.15      2224    237148   8789316     31.98   3633912     67692       368      5348
02:59:58 PM   3997816   4020308   3885512     49.15      2224    237148   8789316     31.98   3633912     67692       368      5348
03:00:03 PM   3997816   4020356   3885464     49.15      2224    237148   8789316     31.98   3633912     67740       240      5348
03:00:08 PM   3997816   4020612   3885208     49.14      2224    237500   8789316     31.98   3633912     67988       240      5348
03:00:13 PM   3997816   4020796   3885024     49.14      2224    237580   8789316     31.98   3633920     68172       292      5348
03:00:18 PM   3996304   4019284   3886536     49.16      2224    237584   8788896     31.98   3633720     68176       316      5348
03:00:23 PM   3996304   4019288   3886532     49.16      2224    237584   8788896     31.98   3633848     68176       104      5348
03:00:28 PM   3996304   4019284   3886536     49.16      2224    237580   8788896     31.98   3633844     68176       104      5348
03:00:33 PM   3996304   4019280   3886540     49.16      2224    237576   8788896     31.98   3633832     68176       108      5348
03:00:38 PM   3996304   4019280   3886540     49.16      2224    237576   8788896     31.98   3633832     68176        28      5348
03:00:43 PM   3996304   4019568   3886252     49.16      2224    237864   8788896     31.98   3633832     68464        28      5348
03:00:48 PM   3996304   4019568   3886252     49.16      2224    237944   8788896     31.98   3633832     68464        80      5348
03:00:53 PM   3996304   4019644   3886176     49.16      2224    237940   8788896     31.98   3633828     68544       100      5348
03:00:58 PM   3996304   4019640   3886180     49.16      2224    237936   8788896     31.98   3633828     68540       100      5348
03:01:03 PM   3996304   4019640   3886180     49.16      2224    237936   8788896     31.98   3633832     68540       100      5348
03:01:08 PM   4008884   4032220   3873600     49.00      2224    237936   8788896     31.98   3633832     68540       100      5348
03:01:13 PM   4008644   4031980   3873840     49.00      2224    237936   8788896     31.98   3633832     68540        20      5348
03:01:18 PM   4008644   4032228   3873592     49.00      2224    238208   8788896     31.98   3633832     68788        20      5348
03:01:23 PM   4008644   4032252   3873568     49.00      2224    238288   8788896     31.98   3633832     68812        80      5348
03:01:28 PM   4008644   4032296   3873524     49.00      2224    238252   8788896     31.98   3633804     68880       100      5348
03:01:33 PM   4008644   4032296   3873524     49.00      2224    238252   8788896     31.98   3633804     68880       100      5348
03:01:38 PM   4008644   4032296   3873524     49.00      2224    238252   8788896     31.98   3633804     68880       100      5348
03:01:43 PM   4008644   4032296   3873524     49.00      2224    238252   8788896     31.98   3633804     68880       100      5348
03:01:48 PM   4008644   4032296   3873524     49.00      2224    238252   8788896     31.98   3633804     68880        20      5348
03:01:53 PM   4008644   4032420   3873400     48.99      2224    238476   8788896     31.98   3633800     69004        20      5348
03:01:58 PM   4008644   4032520   3873300     48.99      2224    238556   8788896     31.98   3633800     69104        80      5348
03:02:03 PM   4008140   4032016   3873804     49.00      2224    238556   8788896     31.98   3633800     69104       100      5348
03:02:08 PM   4008140   4032096   3873724     49.00      2224    238556   8788896     31.98   3633804     69184       100      5348
03:02:13 PM   4008140   4032096   3873724     49.00      2224    238556   8788896     31.98   3633804     69184       100      5348
03:02:18 PM   4008140   4032096   3873724     49.00      2224    238556   8788896     31.98   3633804     69184       100      5348
03:02:23 PM   4008140   4032096   3873724     49.00      2224    238556   8788896     31.98   3633800     69184        20      5348
03:02:28 PM   4008140   4032368   3873452     48.99      2224    238828   8788896     31.98   3633804     69456        20      5348
03:02:33 PM   4008140   4032368   3873452     48.99      2224    238908   8788896     31.98   3633804     69456        80      5348
03:02:38 PM   4008140   4032448   3873372     48.99      2224    238908   8788896     31.98   3633804     69536       100      5348
03:02:43 PM   4008140   4032448   3873372     48.99      2224    238908   8788896     31.98   3633804     69536       100      5348
03:02:48 PM   4008140   4032448   3873372     48.99      2224    238908   8788896     31.98   3633804     69536       100      5348
03:02:53 PM   4008140   4032448   3873372     48.99      2224    238908   8788896     31.98   3633804     69536       100      5348
03:02:58 PM   4008140   4032448   3873372     48.99      2224    238908   8788896     31.98   3633808     69536        20      5348
03:03:03 PM   4008140   4032572   3873248     48.99      2224    239132   8788896     31.98   3633808     69660        20      5348
03:03:08 PM   4008140   4032756   3873064     48.99      2224    239216   8788896     31.98   3633808     69844        80      5348
03:03:13 PM   4008140   4032756   3873064     48.99      2224    239216   8788896     31.98   3633808     69844       100      5348
03:03:18 PM   4008140   4032760   3873060     48.99      2224    239220   8788896     31.98   3633812     69848       104      5348
03:03:23 PM   4008140   4032760   3873060     48.99      2224    239220   8788896     31.98   3633812     69848       104      5348
03:03:28 PM   4008140   4032760   3873060     48.99      2224    239288   8788896     31.98   3633816     69848       224      5348
03:03:33 PM   4008140   4032844   3872976     48.99      2224    239376   8788896     31.98   3633816     69932       152      5348
03:03:38 PM   4008140   4033312   3872508     48.98      2224    239772   8788896     31.98   3633816     70400       196      5348
03:03:43 PM   4007888   4033092   3872728     48.99      2224    239884   8788896     31.98   3633816     70432       276      5348
03:03:48 PM   4007888   4033164   3872656     48.98      2224    239880   8788896     31.98   3633816     70504       300      5348
03:03:53 PM   4007888   4033164   3872656     48.98      2224    239876   8788896     31.98   3633816     70504       296      5348
03:03:58 PM   4007888   4033164   3872656     48.98      2224    239876   8788896     31.98   3633816     70504       296      5348
03:04:03 PM   4007888   4033164   3872656     48.98      2224    239876   8788896     31.98   3633816     70504       180      5348
03:04:08 PM   4007636   4033216   3872604     48.98      2224    240180   8788896     31.98   3635860     70808        20      5348
03:04:13 PM   4007636   4033216   3872604     48.98      2224    240180   8788896     31.98   3635860     70808        20      5348
03:04:18 PM   4007636   4033296   3872524     48.98      2224    240260   8788896     31.98   3635860     70888        80      5348
03:04:23 PM   4007636   4033296   3872524     48.98      2224    240260   8788896     31.98   3635860     70888       100      5348
03:04:28 PM   4007636   4033296   3872524     48.98      2224    240260   8788896     31.98   3635860     70888       100      5348
03:04:33 PM   4007636   4033296   3872524     48.98      2224    240260   8788896     31.98   3635860     70888       100      5348
03:04:38 PM   4007636   4033296   3872524     48.98      2224    240260   8788896     31.98   3635860     70888        20      5348
03:04:43 PM   4007384   4033044   3872776     48.99      2224    240264   8788896     31.98   3635860     70888        24      5348
03:04:48 PM   4007384   4033320   3872500     48.98      2224    240536   8788896     31.98   3635868     71164        24      5348
03:04:53 PM   4007384   4033320   3872500     48.98      2224    240616   8788896     31.98   3635868     71164        80      5348
03:04:58 PM   4007384   4033320   3872500     48.98      2224    240616   8788896     31.98   3635868     71164       100      5348
03:05:03 PM   4007384   4033396   3872424     48.98      2224    240612   8788896     31.98   3635864     71240       100      5348
03:05:08 PM   4007384   4033392   3872428     48.98      2224    240612   8788896     31.98   3635860     71236       100      5348
03:05:13 PM   4007384   4033396   3872424     48.98      2224    240612   8788896     31.98   3635864     71236       100      5348
03:05:18 PM   4007132   4033140   3872680     48.99      2224    240612   8788896     31.98   3635744     71236        20      5348
03:05:23 PM   4006880   4033016   3872804     48.99      2224    240836   8788896     31.98   3635860     71360        20      5348
03:05:28 PM   4006880   4033124   3872696     48.99      2224    240916   8788896     31.98   3635860     71460        80      5348
03:05:33 PM   4006880   4033204   3872616     48.98      2224    240916   8788896     31.98   3635860     71540       100      5348
03:05:38 PM   4006880   4033204   3872616     48.98      2224    240916   8788896     31.98   3635860     71540       100      5348
03:05:43 PM   4006880   4033208   3872612     48.98      2224    240920   8788896     31.98   3635860     71544       104      5348
03:05:48 PM   4006880   4033208   3872612     48.98      2224    240920   8788896     31.98   3635860     71544       104      5348
03:05:53 PM   4006880   4033208   3872612     48.98      2224    240920   8788896     31.98   3635860     71544        24      5348
03:05:58 PM   4006628   4033204   3872616     48.98      2224    241192   8788896     31.98   3635860     71792        24      5348
03:06:03 PM   4006628   4033304   3872516     48.98      2224    241268   8788896     31.98   3635856     71896        80      5348
03:06:08 PM   4006628   4033304   3872516     48.98      2224    241268   8788896     31.98   3635856     71896       100      5348
03:06:13 PM   4006628   4033304   3872516     48.98      2224    241268   8788896     31.98   3635856     71896       100      5348
03:06:18 PM   4006628   4033304   3872516     48.98      2224    241268   8788896     31.98   3635856     71896       100      5348
03:06:23 PM   4006628   4033308   3872512     48.98      2224    241272   8788896     31.98   3635856     71900       104      5348
03:06:28 PM   4006628   4033308   3872512     48.98      2224    241272   8788896     31.98   3635856     71900        24      5348
03:06:33 PM   4006628   4033396   3872424     48.98      2224    241460   8788896     31.98   3635816     72020        24      5348
03:06:38 PM   4009700   4036468   3869352     48.94      2224    241540   8788896     31.98   3635816     72020        80      5348
03:06:43 PM   4009700   4036648   3869172     48.94      2224    241540   8788896     31.98   3635816     72200       100      5348
03:06:48 PM   4009700   4036648   3869172     48.94      2224    241540   8788896     31.98   3635816     72200       100      5348
03:06:53 PM   4009700   4036648   3869172     48.94      2224    241540   8788896     31.98   3635816     72200       100      5348
03:06:58 PM   4009700   4036648   3869172     48.94      2224    241540   8788896     31.98   3635816     72200       100      5348
03:07:03 PM   4009700   4036648   3869172     48.94      2224    241540   8788896     31.98   3635820     72200        20      5348
03:07:08 PM   4009448   4036644   3869176     48.94      2224    241812   8788896     31.98   3635820     72448        20      5348
03:07:13 PM   4009448   4036748   3869072     48.94      2224    241892   8788896     31.98   3635820     72552        80      5348
03:07:18 PM   4009448   4036748   3869072     48.94      2224    241900   8788896     31.98   3635820     72552       108      5348
03:07:23 PM   4009448   4036756   3869064     48.94      2224    241900   8788896     31.98   3635820     72560       108      5348
03:07:28 PM   4009448   4036756   3869064     48.94      2224    241900   8788896     31.98   3635820     72560       108      5348
03:07:33 PM   4009448   4036756   3869064     48.94      2224    241900   8788896     31.98   3635804     72560       108      5348
03:07:38 PM   4009448   4036756   3869064     48.94      2224    241900   8788896     31.98   3635804     72560        28      5348
03:07:43 PM   4009196   4036728   3869092     48.94      2224    242124   8788896     31.98   3635804     72784        28      5348
03:07:48 PM   4009196   4036728   3869092     48.94      2224    242204   8788896     31.98   3635804     72784        80      5348
03:07:53 PM   4009196   4036808   3869012     48.94      2224    242204   8788896     31.98   3635804     72864       100      5348
03:07:58 PM   4009196   4036808   3869012     48.94      2224    242204   8788896     31.98   3635804     72864       100      5348
03:08:03 PM   4008944   4036556   3869264     48.94      2224    242204   8788896     31.98   3635800     72864       100      5348
03:08:08 PM   4008944   4036556   3869264     48.94      2224    242204   8788896     31.98   3635800     72864       100      5348
03:08:13 PM   4008944   4036556   3869264     48.94      2224    242204   8788896     31.98   3635808     72864        20      5348
03:08:18 PM   4008692   4036552   3869268     48.94      2224    242480   8788896     31.98   3635808     73112        24      5348
03:08:23 PM   4008692   4036556   3869264     48.94      2224    242560   8788896     31.98   3635808     73116        80      5348
03:08:28 PM   4008692   4036664   3869156     48.94      2224    242628   8788896     31.98   3635808     73224       104      5348
03:08:33 PM   4008692   4036772   3869048     48.94      2224    242740   8788896     31.98   3635808     73332       296      5348
03:08:38 PM   4008692   4036836   3868984     48.94      2224    242736   8788896     31.98   3635804     73396       292      5348
03:08:43 PM   4008692   4036836   3868984     48.94      2224    242736   8788896     31.98   3635804     73396       292      5348
03:08:48 PM   4008692   4036836   3868984     48.94      2224    242788   8788896     31.98   3635808     73396       184      5348
03:08:53 PM   4008188   4036580   3869240     48.94      2224    243040   8788896     31.98   3635808     73644       132      5348
03:08:58 PM   4008188   4036636   3869184     48.94      2224    243120   8788896     31.98   3635808     73700       192      5348
03:09:03 PM   4008188   4036716   3869104     48.94      2224    243120   8788896     31.98   3635808     73780       100      5348
03:09:08 PM   4008188   4036716   3869104     48.94      2224    243120   8788896     31.98   3635808     73780       100      5348
03:09:13 PM   4008188   4036716   3869104     48.94      2224    243120   8788896     31.98   3635812     73780       100      5348
03:09:18 PM   4008188   4036716   3869104     48.94      2224    243120   8788896     31.98   3635812     73780       100      5348
03:09:23 PM   4008188   4036716   3869104     48.94      2224    243120   8788896     31.98   3635812     73780        20      5348
03:09:28 PM   4007936   4036772   3869048     48.94      2224    243428   8788896     31.98   3635812     74088        24      5348
03:09:33 PM   4007684   4036520   3869300     48.94      2224    243508   8788896     31.98   3635812     74088        84      5348
03:09:38 PM   4007684   4036600   3869220     48.94      2224    243508   8788896     31.98   3635812     74168       100      5348
03:09:43 PM   4007684   4036600   3869220     48.94      2224    243508   8788896     31.98   3635812     74168       100      5348
03:09:48 PM   4007684   4036600   3869220     48.94      2224    243508   8788896     31.98   3635812     74168       100      5348
03:09:53 PM   4007684   4036600   3869220     48.94      2224    243508   8788896     31.98   3635812     74168       100      5348
03:09:58 PM   4007684   4036600   3869220     48.94      2224    243508   8788896     31.98   3635812     74168        20      5348
03:10:03 PM   4007432   4036472   3869348     48.94      2224    243732   8788896     31.98   3635812     74292        20      5348
03:10:08 PM   4007432   4036652   3869168     48.94      2224    243812   8788896     31.98   3635812     74472        80      5348
03:10:13 PM   4007432   4036652   3869168     48.94      2224    243812   8788896     31.98   3635812     74472       100      5348
03:10:18 PM   4007432   4036652   3869168     48.94      2224    243812   8788896     31.98   3635816     74472       100      5348
03:10:23 PM   4007180   4036396   3869424     48.94      2224    243812   8788896     31.98   3635720     74472       100      5348
03:10:28 PM   4007180   4036400   3869420     48.94      2224    243812   8788896     31.98   3635836     74472       100      5348
03:10:33 PM   4007180   4036400   3869420     48.94      2224    243812   8788896     31.98   3635828     74472        20      5348
03:10:38 PM   4007180   4036672   3869148     48.94      2224    244084   8788896     31.98   3635828     74744        20      5348
03:10:43 PM   4007180   4036672   3869148     48.94      2224    244164   8788896     31.98   3635828     74744        80      5348
03:10:48 PM   4007180   4036752   3869068     48.94      2224    244164   8788896     31.98   3635832     74824       100      5348
03:10:53 PM   4007180   4036752   3869068     48.94      2224    244168   8788896     31.98   3635832     74824       104      5348
03:10:58 PM   4006928   4036512   3869308     48.94      2224    244176   8788896     31.98   3635832     74836       112      5348
03:11:03 PM   4006928   4036512   3869308     48.94      2224    244176   8788896     31.98   3635832     74836       112      5348
03:11:08 PM   4006928   4036512   3869308     48.94      2224    244176   8788896     31.98   3635832     74836        32      5348
03:11:13 PM   4006928   4036636   3869184     48.94      2224    244404   8788896     31.98   3635832     74960        36      5348
03:11:18 PM   4006928   4036820   3869000     48.94      2224    244484   8788896     31.98   3635832     75144        80      5348
03:11:23 PM   4006928   4036816   3869004     48.94      2224    244480   8788896     31.98   3635832     75140       100      5348
03:11:28 PM   4006928   4036816   3869004     48.94      2224    244480   8788896     31.98   3635832     75140       100      5348
03:11:33 PM   4006928   4036816   3869004     48.94      2224    244480   8788896     31.98   3635832     75140       100      5348
03:11:38 PM   4006928   4036816   3869004     48.94      2224    244480   8788896     31.98   3635832     75140       100      5348
03:11:43 PM   4006928   4036816   3869004     48.94      2224    244480   8788896     31.98   3635832     75140        20      5348
03:11:48 PM   4006676   4036836   3868984     48.94      2224    244752   8788896     31.98   3635832     75412        20      5348
03:11:53 PM   4006424   4036584   3869236     48.94      2224    244832   8788896     31.98   3635832     75412        80      5348
03:11:58 PM   4006424   4036584   3869236     48.94      2224    244832   8788896     31.98   3635832     75412       100      5348
03:12:03 PM   4006424   4036664   3869156     48.94      2224    244832   8788896     31.98   3635832     75492       100      5348
03:12:08 PM   4006424   4036648   3869172     48.94      2224    244816   8788896     31.98   3635816     75484       100      5348
03:12:13 PM   4005400   4035644   3870176     48.95      2224    244836   8788896     31.98   3635836     75484       100      5348
03:12:18 PM   4005400   4035644   3870176     48.95      2224    244836   8788896     31.98   3635836     75484        20      5348
03:12:23 PM   4005148   4035516   3870304     48.96      2224    245076   8788896     31.98   3635836     75608        20      5348
03:12:28 PM   4005148   4035520   3870300     48.96      2224    245160   8788896     31.98   3635836     75612        80      5348
03:12:33 PM   4005148   4035716   3870104     48.95      2224    245160   8788896     31.98   3635840     75808       100      5348
03:12:38 PM   4005148   4035712   3870108     48.95      2224    245160   8788896     31.98   3635824     75808       100      5348
03:12:43 PM   4005148   4035716   3870104     48.95      2224    245160   8788896     31.98   3635828     75808       100      5348
03:12:48 PM   4005148   4035716   3870104     48.95      2224    245160   8788896     31.98   3635828     75808       100      5348
03:12:53 PM   4005148   4035712   3870108     48.95      2224    245156   8788896     31.98   3635836     75804        20      5348
03:12:58 PM   4004896   4035708   3870112     48.95      2224    245444   8788896     31.98   3635836     76052        20      5348
03:13:03 PM   4004896   4035828   3869992     48.95      2224    245524   8788896     31.98   3635836     76172        80      5348
03:13:08 PM   4004896   4035828   3869992     48.95      2224    245524   8788896     31.98   3635836     76172       100      5348
03:13:13 PM   4004896   4035828   3869992     48.95      2224    245524   8788896     31.98   3635836     76172       100      5348
03:13:18 PM   4004896   4035828   3869992     48.95      2224    245524   8788896     31.98   3635836     76172       100      5348
03:13:23 PM   4004896   4035828   3869992     48.95      2224    245524   8788896     31.98   3635836     76172       100      5348
03:13:28 PM   4004896   4035828   3869992     48.95      2224    245532   8788896     31.98   3635836     76172       144      5348
03:13:33 PM   4004644   4035896   3869924     48.95      2224    245916   8788896     31.98   3635836     76484       152      5348
03:13:38 PM   4004644   4035920   3869900     48.95      2224    246020   8788896     31.98   3635816     76512       236      5348
03:13:43 PM   4004644   4036084   3869736     48.95      2224    246024   8788896     31.98   3635828     76672       292      5348
03:13:48 PM   4004644   4036084   3869736     48.95      2224    246028   8788896     31.98   3635828     76672       296      5348
03:13:53 PM   4004644   4036084   3869736     48.95      2224    246024   8788896     31.98   3635832     76672       292      5348
03:13:58 PM   4004392   4035832   3869988     48.95      2224    246024   8788896     31.98   3635832     76672       292      5348
03:14:03 PM   4004392   4035832   3869988     48.95      2224    246024   8788896     31.98   3635832     76672        20      5348
03:14:08 PM   4003636   4035324   3870496     48.96      2224    246360   8788896     31.98   3635832     76920        20      5348
03:14:13 PM   4003384   4035240   3870580     48.96      2224    246440   8788896     31.98   3635836     77088        80      5348
03:14:18 PM   4003384   4035240   3870580     48.96      2224    246440   8788896     31.98   3635836     77088       100      5348
03:14:23 PM   4003384   4035240   3870580     48.96      2224    246440   8788896     31.98   3635840     77088       100      5348
03:14:28 PM   4003384   4035240   3870580     48.96      2224    246440   8788896     31.98   3635840     77088       100      5348
03:14:33 PM   4003384   4035240   3870580     48.96      2224    246440   8788896     31.98   3635840     77088       100      5348
03:14:38 PM   4003384   4035240   3870580     48.96      2224    246440   8788896     31.98   3635840     77088        20      5348
03:14:43 PM   4003384   4035472   3870348     48.96      2224    246672   8788896     31.98   3635840     77320        28      5348
03:14:48 PM   4003384   4035464   3870356     48.96      2224    246756   8788896     31.98   3635828     77320        84      5348
03:14:53 PM   4002360   4034548   3871272     48.97      2224    246772   8788896     31.98   3635856     77400       100      5348
03:14:58 PM   4002360   4034548   3871272     48.97      2224    246772   8788896     31.98   3635856     77400       100      5348
03:15:03 PM   4002360   4034548   3871272     48.97      2224    246772   8787372     31.97   3635344     77400       100      5348
Average:      4004312   4026670   3879150     49.07      2244    236961   8788061     31.98   3635079     67970       148      5349
