Linux 7.0.11-arch1-1 (archlinux) 	06/04/2026 	_x86_64_	(4 CPU)

03:19:39 PM kbmemfree   kbavail kbmemused  %memused kbbuffers  kbcached  kbcommit   %commit  kbactive   kbinact   kbdirty   kbshmem
03:19:44 PM   3968320   4017668   3888160     49.18      2556    262160   8785156     31.97   3640704     92168      1768      5372
03:19:49 PM   3966556   4017084   3888744     49.19      2556    263460   8785156     31.97   3640904     93340      1196      5372
03:19:54 PM   3966556   4017084   3888744     49.19      2556    263460   8785156     31.97   3640904     93340      1196      5372
03:19:59 PM   3966332   4017116   3888712     49.19      2556    263576   8785156     31.97   3640908     93596       220      5372
03:20:04 PM   3966332   4017116   3888712     49.19      2556    263668   8785156     31.97   3640924     93596       284      5372
03:20:09 PM   3966332   4017244   3888584     49.19      2556    263700   8785156     31.97   3640928     93724       312      5372
03:20:14 PM   3966332   4017260   3888568     49.19      2556    263716   8785156     31.97   3640932     93740       296      5372
03:20:19 PM   3966080   4017216   3888612     49.19      2556    263976   8785156     31.97   3640932     93948        96      5372
03:20:24 PM   3966080   4017216   3888612     49.19      2556    264020   8785156     31.97   3640932     93948        92      5372
03:20:29 PM   3966080   4017312   3888516     49.19      2556    264020   8785156     31.97   3640952     94044        92      5372
03:20:34 PM   3966080   4017312   3888516     49.19      2556    264068   8785156     31.97   3640952     94044       116      5372
03:20:39 PM   3966080   4017360   3888468     49.18      2556    264068   8785156     31.97   3640952     94092       116      5372
03:20:44 PM   3966080   4017360   3888468     49.18      2556    264068   8785156     31.97   3640952     94092       116      5372
03:20:49 PM   3965828   4017280   3888548     49.19      2556    264248   8785156     31.97   3640952     94264         4      5372
03:20:54 PM   3965828   4017276   3888552     49.19      2556    264292   8785156     31.97   3640952     94260        20      5372
03:20:59 PM   3965828   4017332   3888496     49.19      2556    264292   8785156     31.97   3640952     94316        20      5372
03:21:04 PM   3965828   4017332   3888496     49.19      2556    264344   8785156     31.97   3640952     94316       100      5372
03:21:09 PM   3965828   4017416   3888412     49.18      2556    264376   8785156     31.97   3640952     94400       132      5372
03:21:14 PM   3965828   4017412   3888416     49.18      2556    264372   8785156     31.97   3640952     94396       128      5372
03:21:19 PM   3965828   4017412   3888416     49.18      2556    264372   8785156     31.97   3640992     94396       128      5372
03:21:24 PM   3965828   4017584   3888244     49.18      2556    264616   8785156     31.97   3640992     94568        80      5372
03:21:29 PM   3965828   4017604   3888224     49.18      2556    264644   8785156     31.97   3640992     94588       128      5372
03:21:34 PM   3965828   4017684   3888144     49.18      2556    264648   8785156     31.97   3640992     94668        24      5372
03:21:39 PM   3965828   4017684   3888144     49.18      2556    264692   8785156     31.97   3640992     94668        68      5372
03:21:44 PM   3965828   4017732   3888096     49.18      2556    264692   8785156     31.97   3640992     94716        68      5372
03:21:49 PM   3965828   4017732   3888096     49.18      2556    264692   8785156     31.97   3640992     94716        68      5372
03:21:54 PM   3965576   4017604   3888224     49.18      2556    264836   8785156     31.97   3640992     94840        20      5372
03:21:59 PM   3965576   4017672   3888156     49.18      2556    264888   8785156     31.97   3640992     94908        52      5372
03:22:04 PM   3965576   4017720   3888108     49.18      2556    264932   8785156     31.97   3640992     94956       116      5372
03:22:09 PM   3965576   4017720   3888108     49.18      2556    264932   8785156     31.97   3640992     94956        20      5372
03:22:14 PM   3965576   4017724   3888104     49.18      2556    264936   8785156     31.97   3640996     94960        24      5372
03:22:19 PM   3965576   4017724   3888104     49.18      2556    264936   8785156     31.97   3640996     94960        24      5372
03:22:24 PM   3965576   4017724   3888104     49.18      2556    264984   8785156     31.97   3640996     94960        72      5372
03:22:29 PM   3965324   4017596   3888232     49.18      2556    265176   8785156     31.97   3640996     95084        24      5372
03:22:34 PM   3965324   4017808   3888020     49.18      2556    265272   8785156     31.97   3640996     95296        96      5372
03:22:39 PM   3965324   4017808   3888020     49.18      2556    265272   8785156     31.97   3640996     95296       116      5372
03:22:44 PM   3965324   4017812   3888016     49.18      2556    265276   8785156     31.97   3640996     95300       120      5372
03:22:49 PM   3965324   4017812   3888016     49.18      2556    265276   8785156     31.97   3640996     95300       120      5372
03:22:54 PM   3965324   4017812   3888016     49.18      2556    265276   8785156     31.97   3640996     95300       120      5372
03:22:59 PM   3965324   4017812   3888016     49.18      2556    265276   8785156     31.97   3640996     95300        24      5372
03:23:04 PM   3965072   4017768   3888060     49.18      2556    265484   8785156     31.97   3640996     95508        24      5372
03:23:09 PM   3965072   4017864   3887964     49.18      2556    265580   8785156     31.97   3640996     95604        96      5372
03:23:14 PM   3964820   4017660   3888168     49.18      2556    265664   8785156     31.97   3636900     95652       228      5372
03:23:19 PM   3964820   4017660   3888168     49.18      2556    265668   8785156     31.97   3636900     95652       232      5372
03:23:24 PM   3964820   4017700   3888128     49.18      2556    265672   8785156     31.97   3636900     95692       236      5372
03:23:29 PM   3964820   4017700   3888128     49.18      2556    265668   8785156     31.97   3636900     95692       232      5372
03:23:34 PM   3964820   4017700   3888128     49.18      2556    265716   8785156     31.97   3636900     95692       104      5372
03:23:39 PM   3964568   4017696   3888132     49.18      2556    266068   8785156     31.97   3636900     95940        56      5372
03:23:44 PM   3964316   4017756   3888072     49.18      2556    266228   8785156     31.97   3636900     96252       160      5372
03:23:49 PM   3964076   4017580   3888248     49.18      2556    266324   8801548     32.03   3636916     96316       180      5372
03:23:54 PM   3963572   4017108   3888720     49.19      2556    266324   8800612     32.02   3636720     96348       180      5372
03:23:59 PM   3963572   4017108   3888720     49.19      2556    266324   8800612     32.02   3636720     96348       180      5372
03:24:04 PM   3963572   4017108   3888720     49.19      2556    266324   8800612     32.02   3636720     96348        20      5372
03:24:09 PM   3963572   4017108   3888720     49.19      2556    266324   8800612     32.02   3636720     96348        20      5372
03:24:14 PM   3963320   4017224   3888604     49.19      2556    266692   8800612     32.02   3636720     96716        20      5372
03:24:19 PM   3963320   4017272   3888556     49.19      2556    266788   8800612     32.02   3636720     96764        96      5372
03:24:24 PM   3963320   4017320   3888508     49.19      2556    266788   8800612     32.02   3636720     96812       116      5372
03:24:29 PM   3963320   4017320   3888508     49.19      2556    266788   8800612     32.02   3636720     96812       116      5372
03:24:34 PM   3963320   4017320   3888508     49.19      2556    266788   8800612     32.02   3636720     96812       116      5372
03:24:39 PM   3963320   4017320   3888508     49.19      2556    266788   8800612     32.02   3636720     96812       116      5372
03:24:44 PM   3963320   4017320   3888508     49.19      2556    266788   8800612     32.02   3636720     96812        20      5372
03:24:49 PM   3963068   4017316   3888512     49.19      2556    267096   8800612     32.02   3636720     97060        24      5372
03:24:54 PM   3963068   4017472   3888356     49.18      2556    267192   8800612     32.02   3636720     97216        96      5372
03:24:59 PM   3963068   4017472   3888356     49.18      2556    267192   8800612     32.02   3636720     97216       116      5372
03:25:04 PM   3963068   4017472   3888356     49.18      2556    267192   8800612     32.02   3636720     97216       116      5372
03:25:09 PM   3963068   4017472   3888356     49.18      2556    267192   8800612     32.02   3636720     97216       116      5372
03:25:14 PM   3963068   4017472   3888356     49.18      2556    267192   8800612     32.02   3636720     97216       116      5372
03:25:19 PM   3963068   4017472   3888356     49.18      2556    267192   8800612     32.02   3636728     97216        20      5372
03:25:24 PM   3962816   4017468   3888360     49.18      2556    267448   8800612     32.02   3636728     97464        20      5372
03:25:29 PM   3962816   4017524   3888304     49.18      2556    267544   8800612     32.02   3636728     97520        96      5372
03:25:34 PM   3962816   4017524   3888304     49.18      2556    267544   8800612     32.02   3636728     97520       116      5372
03:25:39 PM   3962816   4017572   3888256     49.18      2556    267544   8800612     32.02   3636728     97568       116      5372
03:25:44 PM   3962816   4017572   3888256     49.18      2556    267548   8800612     32.02   3636728     97568       120      5372
03:25:49 PM   3962816   4017576   3888252     49.18      2556    267548   8800612     32.02   3636728     97572       120      5372
03:25:54 PM   3962816   4017576   3888252     49.18      2556    267548   8800612     32.02   3636728     97572        24      5372
03:25:59 PM   3962312   4017320   3888508     49.19      2556    267852   8800612     32.02   3636728     97820        24      5372
03:26:04 PM   3962312   4017424   3888404     49.18      2556    267948   8800612     32.02   3636728     97924        96      5372
03:26:09 PM   3962312   4017476   3888352     49.18      2556    267952   8800612     32.02   3636728     97976       120      5372
03:26:14 PM   3962312   4017476   3888352     49.18      2556    267952   8800612     32.02   3636728     97976       120      5372
03:26:19 PM   3962312   4017476   3888352     49.18      2556    267952   8800612     32.02   3636728     97976       120      5372
03:26:24 PM   3962312   4017476   3888352     49.18      2556    267952   8800612     32.02   3636728     97976       120      5372
03:26:29 PM   3962312   4017476   3888352     49.18      2556    268036   8800612     32.02   3636728     97976       108      5372
03:26:34 PM   3961808   4017344   3888484     49.19      2556    268432   8800612     32.02   3636736     98348        68      5372
03:26:39 PM   3961808   4017564   3888264     49.18      2556    268544   8800612     32.02   3636740     98568       156      5372
03:26:44 PM   3961808   4017564   3888264     49.18      2556    268544   8800612     32.02   3636740     98568       176      5372
03:26:49 PM   3961808   4017564   3888264     49.18      2556    268544   8800612     32.02   3636740     98568       176      5372
03:26:54 PM   3961808   4017564   3888264     49.18      2556    268544   8800612     32.02   3636740     98568       176      5372
03:26:59 PM   3961808   4017564   3888264     49.18      2556    268544   8800612     32.02   3636740     98568       176      5372
03:27:04 PM   3961808   4017564   3888264     49.18      2556    268600   8800612     32.02   3636740     98568        76      5372
03:27:09 PM   3961304   4017548   3888280     49.18      2556    269032   8800612     32.02   3636740     99056        28      5372
03:27:14 PM   3961304   4017548   3888280     49.18      2556    269144   8800612     32.02   3636740     99056       112      5372
03:27:19 PM   3961304   4017660   3888168     49.18      2556    269144   8800612     32.02   3636744     99168       132      5372
03:27:24 PM   3961304   4017660   3888168     49.18      2556    269148   8800612     32.02   3636744     99168       136      5372
03:27:29 PM   3961304   4017716   3888112     49.18      2556    269200   8800612     32.02   3636744     99224       220      5372
03:27:34 PM   3961304   4017712   3888116     49.18      2556    269280   8800612     32.02   3636744     99220       108      5372
03:27:39 PM   3961304   4017824   3888004     49.18      2556    269312   8800612     32.02   3636744     99332       140      5372
03:27:44 PM   3960548   4017316   3888512     49.19      2556    269676   8800612     32.02   3636744     99580        56      5372
03:27:49 PM   3960548   4017600   3888228     49.18      2556    269840   8800612     32.02   3636744     99864       196      5372
03:27:54 PM   3960548   4017596   3888232     49.18      2556    269868   8800612     32.02   3636744     99860       244      5372
03:27:59 PM   3960548   4017628   3888200     49.18      2556    269868   8800612     32.02   3636744     99892       212      5372
03:28:04 PM   3960548   4017628   3888200     49.18      2556    269868   8800612     32.02   3636744     99892        20      5372
03:28:09 PM   3960548   4017628   3888200     49.18      2556    269868   8800612     32.02   3636748     99892        20      5372
03:28:14 PM   3960548   4017628   3888200     49.18      2556    269868   8800612     32.02   3636748     99892        20      5372
03:28:19 PM   3959540   4017116   3888712     49.19      2556    270364   8800612     32.02   3636748    100388        20      5372
03:28:24 PM   3959540   4017116   3888712     49.19      2556    270476   8800612     32.02   3636748    100388       112      5372
03:28:29 PM   3959540   4017228   3888600     49.19      2556    270476   8800612     32.02   3636748    100500       132      5372
03:28:34 PM   3959540   4017228   3888600     49.19      2556    270476   8800612     32.02   3636748    100500       132      5372
03:28:39 PM   3959540   4017228   3888600     49.19      2556    270476   8800612     32.02   3636748    100500       132      5372
03:28:44 PM   3959540   4017228   3888600     49.19      2556    270476   8800612     32.02   3636748    100500       132      5372
03:28:49 PM   3959540   4017228   3888600     49.19      2556    270480   8800612     32.02   3636748    100500        24      5372
03:28:54 PM   3959288   4017260   3888568     49.19      2556    270768   8800612     32.02   3636604    100792        24      5372
03:28:59 PM   3959288   4017264   3888564     49.19      2556    270880   8800612     32.02   3636668    100792       112      5372
03:29:04 PM   3959288   4017380   3888448     49.18      2556    270880   8800612     32.02   3636752    100904       132      5372
03:29:09 PM   3959288   4017380   3888448     49.18      2556    270880   8800612     32.02   3636752    100904       132      5372
03:29:14 PM   3959288   4017380   3888448     49.18      2556    270880   8800612     32.02   3636752    100904       132      5372
03:29:19 PM   3959288   4017380   3888448     49.18      2556    270880   8800612     32.02   3636752    100904       132      5372
03:29:24 PM   3959288   4017380   3888448     49.18      2556    270880   8800612     32.02   3636752    100904        20      5372
03:29:29 PM   3959288   4017752   3888076     49.18      2556    271280   8800612     32.02   3636752    101276        20      5372
03:29:34 PM   3959036   4017528   3888300     49.18      2556    271392   8800612     32.02   3636752    101304       112      5372
03:29:39 PM   3959036   4017528   3888300     49.18      2556    271392   8800612     32.02   3636752    101304       132      5372
03:29:44 PM   3964156   4022760   3883068     49.12      2556    271392   8800612     32.02   3636752    101416       132      5372
03:29:49 PM   3964156   4022760   3883068     49.12      2556    271392   8800612     32.02   3636752    101416       132      5372
03:29:54 PM   3964156   4022760   3883068     49.12      2556    271392   8800612     32.02   3636752    101416       132      5372
03:29:59 PM   3964156   4022760   3883068     49.12      2556    271396   8800612     32.02   3636752    101416        24      5372
03:30:04 PM   3964156   4023012   3882816     49.11      2556    271812   8800612     32.02   3636752    101668        24      5372
03:30:09 PM   3964156   4023012   3882816     49.11      2556    271924   8800612     32.02   3636752    101668       112      5372
03:30:14 PM   3964156   4023292   3882536     49.11      2556    271924   8800612     32.02   3636756    101948       132      5372
03:30:19 PM   3964156   4023292   3882536     49.11      2556    271924   8800612     32.02   3636756    101948       132      5372
03:30:24 PM   3964156   4023292   3882536     49.11      2556    271924   8800612     32.02   3636756    101948       132      5372
03:30:29 PM   3964156   4023292   3882536     49.11      2556    271924   8800612     32.02   3636756    101948       132      5372
03:30:34 PM   3963904   4023040   3882788     49.11      2556    271924   8800612     32.02   3636756    101948        20      5372
03:30:39 PM   3963652   4023168   3882660     49.11      2556    272308   8800612     32.02   3636756    102320        20      5372
03:30:44 PM   3963400   4023048   3882780     49.11      2556    272428   8800612     32.02   3636756    102452       112      5372
03:30:49 PM   3963400   4023048   3882780     49.11      2556    272428   8800612     32.02   3636756    102452       132      5372
03:30:54 PM   3963400   4023048   3882780     49.11      2556    272428   8800612     32.02   3636756    102452       132      5372
03:30:59 PM   3963400   4023048   3882780     49.11      2556    272428   8800612     32.02   3636756    102452       132      5372
03:31:04 PM   3963400   4023048   3882780     49.11      2556    272428   8800612     32.02   3636756    102452       132      5372
03:31:09 PM   3963400   4023048   3882780     49.11      2556    272428   8800612     32.02   3636756    102452        20      5372
03:31:14 PM   3963148   4023084   3882744     49.11      2556    272716   8800612     32.02   3634708    102740        20      5372
03:31:19 PM   3963148   4023084   3882744     49.11      2556    272828   8800612     32.02   3634708    102740       112      5372
03:31:24 PM   3963148   4023196   3882632     49.11      2556    272828   8800612     32.02   3634708    102852       132      5372
03:31:29 PM   3963148   4023196   3882632     49.11      2556    272860   8800612     32.02   3634708    102852       132      5372
03:31:34 PM   3963148   4023196   3882632     49.11      2556    272860   8800612     32.02   3634708    102852       132      5372
03:31:39 PM   3963148   4023228   3882600     49.11      2556    272860   8800612     32.02   3634708    102884       132      5372
03:31:44 PM   3963148   4023228   3882600     49.11      2556    272860   8800612     32.02   3634708    102884        20      5372
03:31:49 PM   3962392   4022844   3882984     49.12      2556    273248   8800612     32.02   3634708    103256        24      5372
03:31:54 PM   3962392   4022972   3882856     49.11      2556    273360   8800612     32.02   3634708    103384       124      5372
03:31:59 PM   3962392   4022972   3882856     49.11      2556    273360   8800612     32.02   3634708    103384       132      5372
03:32:04 PM   3962392   4022972   3882856     49.11      2556    273360   8800612     32.02   3634708    103384       132      5372
03:32:09 PM   3962392   4022972   3882856     49.11      2556    273360   8800612     32.02   3634708    103384       132      5372
03:32:14 PM   3962392   4022972   3882856     49.11      2556    273360   8800612     32.02   3634708    103384       132      5372
03:32:19 PM   3962392   4022972   3882856     49.11      2556    273360   8800612     32.02   3634708    103384        20      5372
03:32:24 PM   3962392   4023220   3882608     49.11      2556    273648   8800612     32.02   3634708    103632        20      5372
03:32:29 PM   3962140   4023104   3882724     49.11      2556    273872   8800612     32.02   3634712    103768       224      5372
03:32:34 PM   3962140   4023140   3882688     49.11      2556    273876   8800612     32.02   3634712    103804       248      5372
03:32:39 PM   3962140   4023236   3882592     49.11      2556    273884   8800612     32.02   3634716    103900       256      5372
03:32:44 PM   3962140   4023236   3882592     49.11      2556    273880   8800612     32.02   3634716    103900       252      5372
03:32:49 PM   3962140   4023240   3882588     49.11      2556    273880   8800612     32.02   3634716    103904       252      5372
03:32:54 PM   3962140   4023240   3882588     49.11      2556    273880   8800612     32.02   3634716    103904        60      5372
03:32:59 PM   3961384   4022856   3882972     49.12      2556    274344   8800612     32.02   3634716    104276        76      5372
03:33:04 PM   3961384   4022904   3882924     49.11      2556    274456   8800612     32.02   3634716    104324       160      5372
03:33:09 PM   3961384   4023060   3882768     49.11      2556    274456   8800612     32.02   3634720    104480       180      5372
03:33:14 PM   3961384   4023060   3882768     49.11      2556    274456   8800612     32.02   3634720    104480       180      5372
03:33:19 PM   3961132   4022808   3883020     49.12      2556    274456   8800612     32.02   3634720    104480       180      5372
03:33:24 PM   3961132   4022808   3883020     49.12      2556    274456   8800612     32.02   3634720    104480       180      5372
03:33:29 PM   3960880   4022804   3883024     49.12      2556    274824   8800612     32.02   3634720    104728        20      5372
03:33:34 PM   3960880   4022804   3883024     49.12      2556    274824   8800612     32.02   3634720    104728        20      5372
03:33:39 PM   3960880   4023036   3882792     49.11      2556    274936   8800612     32.02   3634720    104960       112      5372
03:33:44 PM   3960880   4023036   3882792     49.11      2556    274936   8800612     32.02   3634720    104960       132      5372
03:33:49 PM   3960880   4023036   3882792     49.11      2556    274936   8800612     32.02   3634720    104960       132      5372
03:33:54 PM   3959896   4022064   3883764     49.13      2556    274984   8801032     32.02   3634768    104960       344      5372
03:33:59 PM   3959896   4022112   3883716     49.12      2556    274984   8801032     32.02   3634812    105008       344      5372
03:34:04 PM   3959896   4022112   3883716     49.12      2556    274984   8801032     32.02   3634812    105008       184      5372
03:34:09 PM   3959896   4022480   3883348     49.12      2556    275352   8801032     32.02   3634812    105376       184      5372
03:34:14 PM   3959896   4022480   3883348     49.12      2556    275464   8801032     32.02   3634812    105376       276      5372
03:34:19 PM   3959896   4022592   3883236     49.12      2556    275464   8801032     32.02   3634812    105488       296      5372
03:34:24 PM   3959896   4022592   3883236     49.12      2556    275464   8801032     32.02   3634812    105488       296      5372
03:34:29 PM   3959896   4022648   3883180     49.12      2556    275520   8801032     32.02   3634812    105544       188      5372
03:34:34 PM   3959896   4022648   3883180     49.12      2556    275520   8801032     32.02   3634812    105544       188      5372
03:34:39 PM   3959896   4022648   3883180     49.12      2556    275520   8801032     32.02   3634812    105544        28      5372
03:34:44 PM   3959644   4022644   3883184     49.12      2556    275872   8801032     32.02   3634812    105792        28      5372
03:34:49 PM   3959644   4022868   3882960     49.12      2556    275984   8801032     32.02   3634812    106008       124      5372
03:34:54 PM   3959644   4022868   3882960     49.12      2556    275988   8801032     32.02   3634812    106008       136      5372
03:34:59 PM   3959644   4022872   3882956     49.12      2556    275988   8801032     32.02   3634812    106012       136      5372
03:35:04 PM   3959644   4022872   3882956     49.12      2556    275988   8801032     32.02   3634812    106012       136      5372
03:35:09 PM   3959644   4022876   3882952     49.12      2556    275992   8801032     32.02   3634816    106016       140      5372
03:35:14 PM   3959644   4022876   3882952     49.12      2556    275992   8801032     32.02   3634816    106016        28      5372
03:35:19 PM   3959392   4022872   3882956     49.12      2556    276328   8801032     32.02   3634816    106264        28      5372
03:35:24 PM   3959392   4022960   3882868     49.11      2556    276440   8801032     32.02   3634816    106352       112      5372
03:35:29 PM   3959392   4022960   3882868     49.11      2556    276440   8801032     32.02   3634816    106352       132      5372
03:35:34 PM   3959392   4023072   3882756     49.11      2556    276440   8801032     32.02   3634816    106464       132      5372
03:35:39 PM   3959392   4023072   3882756     49.11      2556    276440   8801032     32.02   3634816    106464       132      5372
03:35:44 PM   3959392   4023072   3882756     49.11      2556    276440   8801032     32.02   3634816    106464       132      5372
03:35:49 PM   3959392   4023072   3882756     49.11      2556    276440   8801032     32.02   3634816    106464        20      5372
03:35:54 PM   3959140   4023068   3882760     49.11      2556    276728   8801032     32.02   3634816    106712        20      5372
03:35:59 PM   3959140   4023068   3882760     49.11      2556    276840   8801032     32.02   3634816    106712       112      5372
03:36:04 PM   3959140   4023220   3882608     49.11      2556    276840   8801032     32.02   3634816    106864       132      5372
03:36:09 PM   3959140   4023220   3882608     49.11      2556    276840   8801032     32.02   3634816    106864       132      5372
03:36:14 PM   3959140   4023220   3882608     49.11      2556    276840   8801032     32.02   3634816    106864       132      5372
03:36:19 PM   3959140   4023220   3882608     49.11      2556    276840   8801032     32.02   3634816    106864       132      5372
03:36:24 PM   3959140   4023220   3882608     49.11      2556    276840   8801032     32.02   3634816    106864        20      5372
03:36:29 PM   3958384   4022712   3883116     49.12      2556    277176   8801032     32.02   3634816    107112        20      5372
03:36:34 PM   3957880   4022296   3883532     49.12      2556    277288   8801032     32.02   3634816    107200       112      5372
03:36:39 PM   3957880   4022296   3883532     49.12      2556    277288   8801032     32.02   3634816    107200       132      5372
03:36:44 PM   3957880   4022408   3883420     49.12      2556    277288   8801032     32.02   3634816    107312       132      5372
03:36:49 PM   3957880   4022408   3883420     49.12      2556    277288   8801032     32.02   3634816    107312       132      5372
03:36:54 PM   3957880   4022408   3883420     49.12      2556    277288   8801032     32.02   3634816    107312       132      5372
03:36:59 PM   3957880   4022408   3883420     49.12      2556    277288   8801032     32.02   3634816    107312        20      5372
03:37:04 PM   3957376   4022152   3883676     49.12      2556    277576   8801032     32.02   3634816    107560        20      5372
03:37:09 PM   3957376   4022192   3883636     49.12      2556    277688   8801032     32.02   3634816    107600       112      5372
03:37:14 PM   3957376   4022304   3883524     49.12      2556    277688   8801032     32.02   3634816    107712       132      5372
03:37:19 PM   3957376   4022304   3883524     49.12      2556    277688   8801032     32.02   3634816    107712       132      5372
03:37:24 PM   3957376   4022304   3883524     49.12      2556    277688   8801032     32.02   3634816    107712       132      5372
03:37:29 PM   3957376   4022336   3883492     49.12      2556    277832   8801032     32.02   3634820    107744       212      5372
03:37:34 PM   3957124   4022196   3883632     49.12      2556    277912   8801032     32.02   3634820    107856        96      5372
03:37:39 PM   3956872   4022316   3883512     49.12      2556    278412   8801032     32.02   3634820    108228       100      5372
03:37:44 PM   3956620   4022416   3883412     49.12      2556    278556   8801032     32.02   3634820    108580       220      5372
03:37:49 PM   3956620   4022416   3883412     49.12      2556    278556   8801032     32.02   3634820    108580       244      5372
03:37:54 PM   3956620   4022420   3883408     49.12      2556    278560   8801032     32.02   3634820    108584       248      5372
03:37:59 PM   3956620   4022420   3883408     49.12      2556    278560   8801032     32.02   3634820    108584       216      5372
03:38:04 PM   3956620   4022420   3883408     49.12      2556    278560   8801032     32.02   3634820    108584       216      5372
03:38:09 PM   3956620   4022420   3883408     49.12      2556    278568   8801032     32.02   3634820    108584        32      5372
03:38:14 PM   3956368   4022560   3883268     49.12      2556    278952   8801032     32.02   3636868    108976        32      5372
03:38:19 PM   3956368   4022560   3883268     49.12      2556    279064   8801032     32.02   3636868    108976       112      5372
03:38:24 PM   3956368   4022672   3883156     49.12      2556    279064   8801032     32.02   3636868    109088       132      5372
03:38:29 PM   3956368   4022672   3883156     49.12      2556    279064   8801032     32.02   3636868    109088       132      5372
03:38:34 PM   3956368   4022672   3883156     49.12      2556    279064   8801032     32.02   3636868    109088       132      5372
03:38:39 PM   3956368   4022672   3883156     49.12      2556    279064   8801032     32.02   3636868    109088       132      5372
03:38:44 PM   3956368   4022672   3883156     49.12      2556    279064   8801032     32.02   3636868    109088        20      5372
03:38:49 PM   3955612   4022172   3883656     49.12      2556    279416   8801032     32.02   3636868    109336        20      5372
03:38:54 PM   3953344   4020116   3885712     49.15      2556    279528   8800612     32.02   3636676    109552       112      5372
03:38:59 PM   3953344   4020116   3885712     49.15      2556    279528   8800612     32.02   3636676    109552       132      5372
03:39:04 PM   3953344   4020120   3885708     49.15      2556    279528   8800612     32.02   3636780    109552       132      5372
03:39:09 PM   3953344   4020120   3885708     49.15      2556    279528   8800612     32.02   3636780    109552       132      5372
03:39:14 PM   3953344   4020120   3885708     49.15      2556    279528   8800612     32.02   3636780    109552       132      5372
03:39:19 PM   3953344   4020120   3885708     49.15      2556    279532   8800612     32.02   3636780    109552        24      5372
03:39:24 PM   3953344   4020368   3885460     49.15      2556    279820   8800612     32.02   3636780    109800        24      5372
03:39:29 PM   3953344   4020412   3885416     49.15      2556    279948   8800612     32.02   3636780    109844       128      5372
03:39:34 PM   3953344   4020412   3885416     49.15      2556    279948   8800612     32.02   3636780    109844       148      5372
03:39:39 PM   3953344   4020540   3885288     49.14      2556    279948   8800612     32.02   3636780    109972       148      5372
03:39:44 PM   3953344   4020540   3885288     49.14      2556    279948   8800612     32.02   3636780    109972       148      5372
03:39:49 PM   3953344   4020540   3885288     49.14      2556    279948   8800612     32.02   3636780    109972       148      5372
03:39:54 PM   3953344   4020540   3885288     49.14      2556    279948   8800612     32.02   3636780    109972        20      5372
03:39:59 PM   3953344   4020788   3885040     49.14      2556    280284   8800612     32.02   3636780    110220        20      5372
03:40:04 PM   3953344   4020788   3885040     49.14      2556    280396   8800612     32.02   3636780    110220       112      5372
03:40:09 PM   3953344   4020988   3884840     49.14      2556    280396   8800612     32.02   3636780    110420       132      5372
03:40:14 PM   3953344   4020988   3884840     49.14      2556    280396   8800612     32.02   3636780    110420       132      5372
03:40:19 PM   3953344   4020992   3884836     49.14      2556    280400   8800612     32.02   3636780    110424       136      5372
03:40:24 PM   3953344   4020992   3884836     49.14      2556    280400   8800612     32.02   3636780    110424       136      5372
03:40:29 PM   3953344   4020992   3884836     49.14      2556    280400   8800612     32.02   3636780    110424        24      5372
03:40:34 PM   3953092   4020988   3884840     49.14      2556    280688   8800612     32.02   3636780    110672        24      5372
03:40:39 PM   3953092   4021140   3884688     49.14      2556    280800   8800612     32.02   3636780    110824       112      5372
03:40:44 PM   3953092   4021140   3884688     49.14      2556    280800   8800612     32.02   3636780    110824       132      5372
03:40:49 PM   3953092   4021140   3884688     49.14      2556    280800   8800612     32.02   3636780    110824       132      5372
03:40:54 PM   3953092   4021140   3884688     49.14      2556    280800   8800612     32.02   3636780    110824       132      5372
03:40:59 PM   3953092   4021144   3884684     49.14      2556    280804   8800612     32.02   3636780    110828       136      5372
03:41:04 PM   3953092   4021144   3884684     49.14      2556    280804   8800612     32.02   3636780    110828        24      5372
03:41:09 PM   3952840   4021228   3884600     49.14      2556    281140   8800612     32.02   3636784    111164        24      5372
03:41:14 PM   3952840   4021228   3884600     49.14      2556    281252   8800612     32.02   3636784    111164       112      5372
03:41:19 PM   3952840   4021340   3884488     49.13      2556    281252   8800612     32.02   3636784    111276       132      5372
03:41:24 PM   3952840   4021340   3884488     49.13      2556    281252   8800612     32.02   3636784    111276       132      5372
03:41:29 PM   3952840   4021340   3884488     49.13      2556    281252   8800612     32.02   3636784    111276       132      5372
03:41:34 PM   3952840   4021340   3884488     49.13      2556    281252   8800612     32.02   3636784    111276       132      5372
03:41:39 PM   3952840   4021340   3884488     49.13      2556    281252   8800612     32.02   3636784    111276        20      5372
03:41:44 PM   3952588   4021336   3884492     49.13      2556    281540   8800612     32.02   3636784    111524        20      5372
03:41:49 PM   3952336   4021236   3884592     49.14      2556    281652   8800612     32.02   3636784    111676       112      5372
03:41:54 PM   3952336   4021236   3884592     49.14      2556    281660   8800612     32.02   3636784    111676       140      5372
03:41:59 PM   3952336   4021244   3884584     49.14      2556    281660   8800612     32.02   3636784    111684       140      5372
03:42:04 PM   3952336   4021244   3884584     49.14      2556    281660   8800612     32.02   3636784    111684       140      5372
03:42:09 PM   3952336   4021244   3884584     49.14      2556    281660   8800612     32.02   3636784    111684       140      5372
03:42:14 PM   3952336   4021244   3884584     49.14      2556    281660   8800612     32.02   3636784    111684        28      5372
03:42:19 PM   3951580   4020824   3885004     49.14      2556    281996   8800612     32.02   3636784    112020        28      5372
03:42:24 PM   3951580   4020824   3885004     49.14      2556    282108   8800612     32.02   3636784    112020       112      5372
03:42:29 PM   3951340   4020744   3885084     49.14      2556    282188   8800612     32.02   3636796    112180       248      5372
03:42:34 PM   3951340   4020776   3885052     49.14      2556    282256   8800612     32.02   3636796    112212       216      5372
03:42:39 PM   3951340   4020876   3884952     49.14      2556    282288   8800612     32.02   3636800    112312       248      5372
03:42:44 PM   3951340   4020872   3884956     49.14      2556    282284   8800612     32.02   3636800    112308       244      5372
03:42:49 PM   3951340   4020872   3884956     49.14      2556    282332   8800612     32.02   3636800    112308       100      5372
03:42:54 PM   3951088   4020916   3884912     49.14      2556    282656   8800612     32.02   3636800    112604        56      5372
03:42:59 PM   3951088   4021088   3884740     49.14      2556    282768   8800612     32.02   3636800    112776       116      5372
03:43:04 PM   3950836   4020852   3884976     49.14      2556    282768   8800612     32.02   3636800    112792       132      5372
03:43:09 PM   3950836   4020852   3884976     49.14      2556    282768   8800612     32.02   3636800    112792       132      5372
03:43:14 PM   3950836   4020852   3884976     49.14      2556    282768   8800612     32.02   3636804    112792       132      5372
03:43:19 PM   3950836   4020852   3884976     49.14      2556    282768   8800612     32.02   3636804    112792       132      5372
03:43:24 PM   3950836   4020852   3884976     49.14      2556    282768   8800612     32.02   3636804    112792        20      5372
03:43:29 PM   3950584   4020848   3884980     49.14      2556    283136   8800612     32.02   3636804    113040        20      5372
03:43:34 PM   3950332   4020716   3885112     49.14      2556    283248   8800612     32.02   3636804    113160       112      5372
03:43:39 PM   3950332   4020716   3885112     49.14      2556    283248   8800612     32.02   3636804    113160       132      5372
03:43:44 PM   3950332   4020828   3885000     49.14      2556    283248   8800612     32.02   3636804    113272       132      5372
03:43:49 PM   3950332   4020828   3885000     49.14      2556    283248   8800612     32.02   3636804    113272       132      5372
03:43:54 PM   3950332   4020828   3885000     49.14      2556    283248   8800612     32.02   3636804    113272       132      5372
03:43:59 PM   3950332   4020824   3885004     49.14      2556    283248   8800612     32.02   3636704    113272        20      5372
03:44:04 PM   3950332   4021120   3884708     49.14      2556    283540   8800612     32.02   3636820    113564        24      5372
03:44:09 PM   3950080   4020868   3884960     49.14      2556    283652   8800612     32.02   3636820    113564       112      5372
03:44:14 PM   3950080   4020980   3884848     49.14      2556    283652   8800612     32.02   3636820    113676       132      5372
03:44:19 PM   3950080   4020980   3884848     49.14      2556    283652   8800612     32.02   3636820    113676       132      5372
03:44:24 PM   3950080   4020980   3884848     49.14      2556    283652   8800612     32.02   3636820    113676       132      5372
03:44:29 PM   3950080   4020980   3884848     49.14      2556    283652   8800612     32.02   3636820    113676       132      5372
03:44:34 PM   3950080   4020980   3884848     49.14      2556    283652   8800612     32.02   3636820    113676        20      5372
03:44:39 PM   3949828   4021100   3884728     49.14      2556    284052   8800612     32.02   3636820    114048        20      5372
03:44:44 PM   3949576   4020988   3884840     49.14      2556    284164   8800612     32.02   3636820    114188       112      5372
03:44:49 PM   3949576   4020988   3884840     49.14      2556    284164   8800612     32.02   3636820    114188       132      5372
03:44:54 PM   3949576   4020988   3884840     49.14      2556    284164   8800612     32.02   3636820    114188       132      5372
03:44:59 PM   3949576   4020988   3884840     49.14      2556    284164   8800612     32.02   3636820    114188       132      5372
03:45:04 PM   3949576   4020988   3884840     49.14      2556    284164   8800612     32.02   3636820    114188       132      5372
03:45:09 PM   3949576   4020988   3884840     49.14      2556    284164   8800612     32.02   3636820    114188        20      5372
03:45:14 PM   3949324   4021024   3884804     49.14      2556    284452   8800612     32.02   3636820    114476        20      5372
03:45:19 PM   3949072   4020772   3885056     49.14      2556    284564   8800612     32.02   3636820    114476       112      5372
03:45:24 PM   3949072   4020884   3884944     49.14      2556    284564   8800612     32.02   3636824    114588       132      5372
03:45:29 PM   3949072   4020884   3884944     49.14      2556    284568   8800612     32.02   3636824    114588       136      5372
03:45:34 PM   3949072   4020896   3884932     49.14      2556    284576   8800612     32.02   3636824    114600       144      5372
03:45:39 PM   3949072   4020896   3884932     49.14      2556    284576   8800612     32.02   3636824    114600       144      5372
03:45:44 PM   3949072   4020896   3884932     49.14      2556    284576   8800612     32.02   3636824    114600        32      5372
03:45:49 PM   3948820   4020892   3884936     49.14      2556    284916   8800612     32.02   3636824    114848        36      5372
03:45:54 PM   3948820   4021096   3884732     49.14      2556    285028   8800612     32.02   3636824    115052       112      5372
03:45:59 PM   3948820   4021096   3884732     49.14      2556    285028   8800612     32.02   3636824    115052       132      5372
03:46:04 PM   3948820   4021096   3884732     49.14      2556    285028   8800612     32.02   3636824    115052       132      5372
03:46:09 PM   3948820   4021096   3884732     49.14      2556    285028   8800612     32.02   3636824    115052       132      5372
03:46:14 PM   3948820   4021096   3884732     49.14      2556    285028   8800612     32.02   3636824    115052       132      5372
03:46:19 PM   3948820   4021096   3884732     49.14      2556    285028   8800612     32.02   3636828    115052        20      5372
03:46:24 PM   3948568   4021092   3884736     49.14      2556    285316   8800612     32.02   3636828    115300        20      5372
03:46:29 PM   3948316   4020880   3884948     49.14      2556    285428   8800612     32.02   3636828    115340       112      5372
03:46:34 PM   3948316   4020880   3884948     49.14      2556    285428   8800612     32.02   3636828    115340       132      5372
03:46:39 PM   3948316   4020992   3884836     49.14      2556    285428   8800612     32.02   3636828    115452       132      5372
03:46:44 PM   3948316   4020992   3884836     49.14      2556    285428   8800612     32.02   3636828    115452       132      5372
03:46:49 PM   3948316   4020992   3884836     49.14      2556    285428   8800612     32.02   3636828    115452       132      5372
03:46:54 PM   3948316   4020992   3884836     49.14      2556    285428   8800612     32.02   3636828    115452        20      5372
03:46:59 PM   3948064   4020988   3884840     49.14      2556    285764   8800612     32.02   3636828    115700        20      5372
03:47:04 PM   3948064   4020988   3884840     49.14      2556    285880   8800612     32.02   3636828    115700       112      5372
03:47:09 PM   3948064   4021192   3884636     49.14      2556    285880   8800612     32.02   3636828    115904       132      5372
03:47:14 PM   3948064   4021192   3884636     49.14      2556    285880   8800612     32.02   3636828    115904       132      5372
03:47:19 PM   3948064   4021192   3884636     49.14      2556    285880   8800612     32.02   3636828    115904       132      5372
03:47:24 PM   3947812   4020940   3884888     49.14      2556    285880   8800612     32.02   3636828    115904       132      5372
03:47:29 PM   3947812   4020940   3884888     49.14      2556    285960   8800612     32.02   3636828    115904       132      5372
03:47:34 PM   3947560   4021060   3884768     49.14      2556    286316   8800612     32.02   3636828    116276       108      5372
03:47:39 PM   3947560   4021268   3884560     49.14      2556    286492   8800612     32.02   3636828    116484       236      5372
03:47:44 PM   3947560   4021296   3884532     49.14      2556    286488   8800612     32.02   3636828    116512       240      5372
03:47:49 PM   3947560   4021296   3884532     49.14      2556    286488   8800612     32.02   3636828    116512       240      5372
03:47:54 PM   3947560   4021296   3884532     49.14      2556    286488   8800612     32.02   3636828    116512       240      5372
03:47:59 PM   3947560   4021296   3884532     49.14      2556    286488   8800612     32.02   3636828    116512        20      5372
03:48:04 PM   3946872   4020952   3884876     49.14      2556    286836   8800612     32.02   3636828    116856        24      5372
03:48:09 PM   3946804   4020928   3884900     49.14      2556    286876   8800612     32.02   3636832    116900        24      5372
03:48:14 PM   3946552   4020676   3885152     49.14      2556    286988   8800612     32.02   3636832    116900       112      5372
03:48:19 PM   3946552   4020788   3885040     49.14      2556    286988   8800612     32.02   3636832    117012       132      5372
03:48:24 PM   3946552   4020788   3885040     49.14      2556    286988   8800612     32.02   3636832    117012       132      5372
03:48:29 PM   3946552   4020788   3885040     49.14      2556    286988   8800612     32.02   3636832    117012       132      5372
03:48:34 PM   3946552   4020788   3885040     49.14      2556    286988   8800612     32.02   3636832    117012       132      5372
03:48:39 PM   3946552   4020788   3885040     49.14      2556    286988   8800612     32.02   3636832    117012        20      5372
03:48:44 PM   3946552   4021036   3884792     49.14      2556    287276   8800612     32.02   3636832    117260        20      5372
03:48:49 PM   3946552   4021076   3884752     49.14      2556    287388   8800612     32.02   3636832    117300       112      5372
03:48:54 PM   3946552   4021188   3884640     49.14      2556    287388   8800612     32.02   3636832    117412       132      5372
03:48:59 PM   3946048   4020680   3885148     49.14      2556    287388   8800612     32.02   3636720    117412       132      5372
03:49:04 PM   3946048   4020684   3885144     49.14      2556    287388   8800612     32.02   3636824    117412       132      5372
03:49:09 PM   3946048   4020684   3885144     49.14      2556    287388   8800612     32.02   3636824    117412       132      5372
03:49:14 PM   3946048   4020684   3885144     49.14      2556    287396   8800612     32.02   3636824    117412        28      5372
03:49:19 PM   3945796   4020776   3885052     49.14      2556    287732   8800612     32.02   3636824    117756        28      5372
03:49:24 PM   3945796   4020776   3885052     49.14      2556    287844   8800612     32.02   3636824    117756       112      5372
03:49:29 PM   3945796   4020792   3885036     49.14      2556    287844   8800612     32.02   3636824    117772       132      5372
03:49:34 PM   3945796   4020888   3884940     49.14      2556    287844   8800612     32.02   3636824    117868       132      5372
03:49:39 PM   3945796   4020888   3884940     49.14      2556    287844   8800612     32.02   3636824    117868       132      5372
03:49:44 PM   3945796   4020888   3884940     49.14      2556    287844   8800612     32.02   3636824    117868       132      5372
03:49:49 PM   3945796   4020888   3884940     49.14      2556    287844   8800612     32.02   3636824    117868        20      5372
03:49:54 PM   3945544   4020884   3884944     49.14      2556    288132   8800612     32.02   3636824    118116        20      5372
03:49:59 PM   3945544   4020924   3884904     49.14      2556    288244   8800612     32.02   3636824    118156       112      5372
03:50:04 PM   3945544   4021036   3884792     49.14      2556    288244   8800612     32.02   3636824    118268       132      5372
03:50:09 PM   3945544   4021036   3884792     49.14      2556    288248   8800612     32.02   3636824    118268       136      5372
03:50:14 PM   3945544   4021040   3884788     49.14      2556    288248   8800612     32.02   3636824    118272       136      5372
03:50:19 PM   2264484   2339980   5565848     70.40      2556    288248   8800612     32.02   5314256    118272       136      5372
03:50:24 PM   2264260   2339756   5566072     70.40      2556    288248   8800612     32.02   5314256    118272        24      5372
03:50:29 PM   2263264   2339140   5566688     70.41      2556    288680   8800612     32.02   5314256    118644        24      5372
03:50:34 PM   2263264   2339200   5566628     70.41      2556    288792   8800612     32.02   5314256    118704       112      5372
03:50:39 PM   2262760   2338696   5567132     70.42      2556    288796   8800612     32.02   5314256    118704       136      5372
03:50:44 PM   2262760   2338812   5567016     70.42      2556    288796   8800612     32.02   5314256    118820       136      5372
03:50:49 PM    583464    659516   7246312     91.66      2556    288796   8800612     32.02   6990156    118820       136      5372
03:50:54 PM    583464    659516   7246312     91.66      2556    288796   8800612     32.02   6990244    118820       136      5372
03:50:59 PM    583464    659516   7246312     91.66      2556    288796   8800612     32.02   6990244    118820        24      5372
03:51:04 PM    583212    659512   7246316     91.66      2556    289100   8800612     32.02   6990244    119068        24      5372
03:51:09 PM    583212    659512   7246316     91.66      2556    289212   8800612     32.02   6990244    119068       112      5372
03:51:14 PM    583212    659680   7246148     91.66      2556    289212   8800612     32.02   6990248    119236       132      5372
03:51:19 PM    144156     80704   7825124     98.98        20    132420   8800612     32.02   5619336   1939432       132      5356
03:51:24 PM    142860     79612   7826216     98.99        20    132764   8800612     32.02   5619724   1939496       132      5356
03:51:29 PM    142860     79612   7826216     98.99        20    132764   8800612     32.02   5619736   1939496       132      5356
03:51:34 PM    142860     79612   7826216     98.99        20    132764   8800612     32.02   5619752   1939496        20      5356
03:51:39 PM    142608     79548   7826280     98.99        32    133192   8800612     32.02   5619752   1939868        20      5356
03:51:44 PM    142608     79636   7826192     98.99        32    133304   8800612     32.02   5619752   1940048       112      5356
03:51:49 PM    137724     74876   7830952     99.05        32    133668   8800612     32.02   5620000   1940048       132      5356
03:51:54 PM    140476     77688   7828140     99.02        32    133668   8800612     32.02   5620116   1940048       132      5356
03:51:59 PM    140476     77688   7828140     99.02        32    133668   8800612     32.02   5620116   1940048       132      5356
03:52:04 PM    140476     77688   7828140     99.02        32    133668   8800612     32.02   5620116   1940048       132      5356
03:52:09 PM    140476     77688   7828140     99.02        32    133668   8800612     32.02   5620116   1940048        20      5356
03:52:14 PM    140224     77580   7828248     99.02        32    133956   8800612     32.02   5620116   1940336        20      5356
03:52:19 PM    164248     98152   7807676     98.76        32    127104   8800612     32.02   6409536   1136124       112      5356
03:52:24 PM    163744     97676   7808152     98.76        32    127108   8800612     32.02   6409588   1136144       136      5356
03:52:29 PM    163016     97132   7808696     98.77        32    127568   8800612     32.02   6409868   1136236       252      5356
03:52:34 PM    163016     97176   7808652     98.77        32    127568   8800612     32.02   6409952   1136240       252      5356
03:52:39 PM    163016     97204   7808624     98.77        32    127748   8800612     32.02   6409952   1136292       236      5356
03:52:44 PM    215796    150044   7755784     98.10        32    127744   8800612     32.02   6346464   1136416        24      5356
03:52:49 PM    212644    114548   7791280     98.55        32     62336   8800612     32.02   4261508   3234996       136      4348
03:52:54 PM    204856    110744   7795084     98.60        32     70092   8800612     32.02   4256996   3234148       240      4348
03:52:59 PM    204856    110760   7795068     98.60        32     70124   8800612     32.02   4256996   3234180       228      4348
03:53:04 PM    214760    121708   7784120     98.46        32     72216   8800612     32.02   4237416   3233708       236      4348
03:53:09 PM    214520    121904   7783924     98.46        32     73176   8800612     32.02   4238280   3233712       240      4348
03:53:14 PM    206448    115444   7790384     98.54        32     76308   8800612     32.02   4245088   3232388       244      4348
03:53:19 PM    203716    112848   7792980     98.57        32     76744   8800612     32.02   5240040   2239008        36      4348
03:53:24 PM    205440    114652   7791176     98.55        32     76744   8800612     32.02   5242100   2238004        36      4348
03:53:29 PM    205440    114652   7791176     98.55        32     76856   8800612     32.02   5242156   2237984       112      4348
03:53:34 PM    202512    111780   7794048     98.59        32     76856   8800612     32.02   5243836   2237192       132      4348
03:53:39 PM    202512    111780   7794048     98.59        32     76856   8800612     32.02   5243836   2237192       132      4348
03:53:44 PM    202512    111780   7794048     98.59        32     76856   8800612     32.02   5243836   2237192       132      4348
03:53:49 PM    121284     30552   7875276     99.61        32     76856   8800612     32.02   5322552   2235928       132      4348
03:53:54 PM    119784     29264   7876564     99.63        32     77344   8800612     32.02   5322964   2235948       132      4348
03:53:59 PM    117612     32320   7873508     99.59        32     87736   8800612     32.02   5337636   2233264        20      4348
03:54:04 PM    117612     32324   7873504     99.59        32     87848   8800612     32.02   5337636   2233268       112      4348
03:54:09 PM    224400    139168   7766660     98.24        32     87848   8800612     32.02   5352552   2117972       132      4348
03:54:14 PM    224400    139168   7766660     98.24        32     87848   8800612     32.02   5352552   2117972       132      4348
03:54:19 PM    111744     22976   7882852     99.71        32     81136   8800612     32.02   2631140   4967696       132      4348
03:54:24 PM    214400    127148   7778680     98.39        32     83892   8800612     32.02   2640936   4853116       132      4348
03:54:29 PM    214400    127188   7778640     98.39        32     83892   8800612     32.02   2641044   4853116        20      4348
03:54:34 PM    214400    127312   7778516     98.39        32     84180   8800612     32.02   2641044   4853364        20      4348
03:54:39 PM    214148    127136   7778692     98.39        32     84292   8800612     32.02   2641048   4853516       116      4348
03:54:44 PM    214148    127136   7778692     98.39        32     84292   8800612     32.02   2641060   4853516       132      4348
03:54:49 PM    112564     25584   7880244     99.68        32     84356   8800612     32.02   3057452   4539344       132      4348
03:54:54 PM    112340     25360   7880468     99.68        32     84356   8800612     32.02   3057452   4539344       132      4348
03:54:59 PM    183384     96404   7809424     98.78        32     84356   8800612     32.02   3096356   4428464       132      4348
03:55:04 PM    183384     96404   7809424     98.78        32     84356   8800612     32.02   3096356   4428464        20      4348
03:55:09 PM    179036     92180   7813648     98.83        32     84692   8800612     32.02   3097724   4427736        20      4348
03:55:14 PM    178784     91980   7813848     98.84        32     84804   8800612     32.02   3098024   4427840       112      4348
03:55:19 PM    120660     23680   7882148     99.70        32     64744   8800612     32.02   5099668   2485772       132      4248
03:55:24 PM    120436     23456   7882372     99.70        32     64744   8800612     32.02   5099668   2485772       132      4248
03:55:29 PM    120184     23204   7882624     99.71        32     64844   8800612     32.02   5099720   2485732       132      4248
03:55:34 PM    119960     22996   7882832     99.71        32     64844   8800612     32.02   5099764   2485732       132      4248
03:55:39 PM    119960     23032   7882796     99.71        32     64844   8800612     32.02   5099844   2485732        20      4248
03:55:44 PM    118952     22148   7883680     99.72        32     65132   8800612     32.02   5099844   2485980        20      4248
03:55:49 PM    175404     78680   7827148     99.00        32     65248   8800612     32.02   5149596   2384492       112      4248
03:55:54 PM    175404     78680   7827148     99.00        32     65248   8800612     32.02   5149596   2384492       132      4248
03:55:59 PM    175404     78680   7827148     99.00        32     65248   8800612     32.02   5149596   2384492       132      4248
03:56:04 PM    175404     78680   7827148     99.00        32     65248   8800612     32.02   5149596   2384492       132      4248
03:56:09 PM    175404     78680   7827148     99.00        32     65248   8800612     32.02   5149600   2384492       132      4248
03:56:14 PM    175404     78680   7827148     99.00        32     65252   8800612     32.02   5149600   2384492        24      4248
03:56:19 PM    127504     30996   7874832     99.61        32     65684   8800612     32.02   6451620   1120992        24      4248
03:56:24 PM    127488     30980   7874848     99.61        32     65796   8800612     32.02   6451620   1120992       112      4248
03:56:29 PM    126408     29956   7875872     99.62        32     65796   8800612     32.02   6453160   1120384       132      4248
03:56:34 PM    126408     29956   7875872     99.62        32     65796   8800612     32.02   6453160   1120384       132      4248
03:56:39 PM    124816     28364   7877464     99.64        32     65796   8800612     32.02   6455172   1119464       132      4248
03:56:44 PM    124816     28364   7877464     99.64        32     65804   8800612     32.02   6455172   1119464       140      4248
03:56:49 PM    164172     57680   7848148     99.27        32     46496   8800612     32.02    947452   6597940        28      4248
03:56:54 PM    163556     57336   7848492     99.27        32     47040   8800612     32.02    947680   6598260        28      4248
03:56:59 PM    163556     57416   7848412     99.27        32     47184   8800612     32.02    947716   6598384       128      4248
03:57:04 PM    156156     53468   7852360     99.32        32     54236   8800612     32.02    954588   6598412       148      4248
03:57:09 PM    155996     53400   7852428     99.32        32     54372   8800612     32.02    954776   6598412       148      4248
03:57:14 PM    138860     39924   7865904     99.50        32     61588   8800612     32.02    965560   6598412       148      4248
03:57:19 PM    141764     45268   7860560     99.43        32     66592   8800612     32.02   2373612   5189824       148      4248
03:57:24 PM    137256     41956   7863872     99.47        32     68916   8800612     32.02   2376124   5189824        20      4248
03:57:29 PM    135772     41752   7864076     99.47        32     71604   8800612     32.02   2378540   5190204       136      4248
03:57:34 PM    135772     41900   7863928     99.47        32     71716   8800612     32.02   2378608   5190464       240      4248
03:57:39 PM    135772     41900   7863928     99.47        32     71720   8800612     32.02   2378608   5190464       252      4248
03:57:44 PM    135772     41908   7863920     99.47        32     71716   8800612     32.02   2378608   5190480       248      4248
03:57:49 PM    128316     32320   7873508     99.59        32     65404   8800612     32.02   3695704   3877780       228      2200
03:57:54 PM    128316     32320   7873508     99.59        32     65404   8800612     32.02   3695728   3877780       228      2200
03:57:59 PM    128064     32192   7873636     99.59        32     65772   8800612     32.02   3695728   3878028        20      2200
03:58:04 PM    127812     32000   7873828     99.60        32     65772   8800612     32.02   3695732   3878148        20      2200
03:58:09 PM    127812     32000   7873828     99.60        32     65884   8800612     32.02   3695732   3878148       112      2200
03:58:14 PM    127812     32056   7873772     99.59        32     65884   8800612     32.02   3695732   3878260       132      2200
03:58:19 PM    213844    111288   7794540     98.59        24     50240   8800612     32.02    608612   6885144       132       136
03:58:24 PM    209964    109032   7796796     98.62        24     53596   8800612     32.02    624156   6870316       112       136
03:58:29 PM    208372    107688   7798140     98.64        24     54228   8800612     32.02    624652   6870316       132       136
03:58:34 PM    220044    119508   7786320     98.49        24     54388   8800612     32.02    687496   6796680         0       136
03:58:39 PM    219428    119056   7786772     98.49        32     54804   8800612     32.02    687540   6797008        20       136
03:58:44 PM    214932    114664   7791164     98.55        32     54804   8800612     32.02    697280   6788580        20       136
03:58:49 PM    184312     72616   7833212     99.08        32     32048   8800612     32.02   1898516   5621708       112       136
03:58:54 PM    162100     57504   7848324     99.27        32     46204   8800612     32.02   1915788   5619484       132       136
03:58:59 PM    146772     48056   7857772     99.39        32     57912   8800612     32.02   1930244   5616716       136       136
03:59:04 PM    138580     39864   7865964     99.50        32     57912   8800612     32.02   1934592   5613032       136       136
03:59:09 PM    138580     39864   7865964     99.50        32     57912   8800612     32.02   1934604   5613032       136       136
03:59:14 PM    136732     39808   7866020     99.50        32     61496   8800612     32.02   1943972   5610708       140       136
03:59:19 PM    236916    140132   7765696     98.23        32     61768   8800612     32.02   2363876   5085576        28       136
03:59:24 PM    241012    144280   7761548     98.18        32     61880   8800612     32.02   2365252   5082484       112       136
03:59:29 PM    241012    144280   7761548     98.18        32     61972   8800612     32.02   2365252   5082484       132       136
03:59:34 PM    236916    140232   7765596     98.23        32     61972   8800612     32.02   2366816   5081240       132       136
03:59:39 PM    236916    140232   7765596     98.23        32     61972   8800612     32.02   2366816   5081240       132       136
03:59:44 PM    232820    136136   7769692     98.28        32     61972   8800612     32.02   2369456   5078968       132       136
03:59:49 PM    194976     92096   7813732     98.84        20     49596   8800612     32.02   5760432   1731096       132       132
03:59:54 PM    194724     92012   7813816     98.84        32     49916   8800612     32.02   5760420   1731456        20       132
03:59:59 PM    194724     92012   7813816     98.84        32     50028   8800612     32.02   5760420   1731456       112       132
04:00:04 PM    193212     91020   7814808     98.85        32     50956   8800612     32.02   5761348   1731568       132       132
04:00:09 PM    193212     91020   7814808     98.85        32     50956   8800612     32.02   5761348   1731568       132       132
04:00:14 PM    193212     91020   7814808     98.85        32     50956   8800612     32.02   5761348   1731568       132       132
04:00:19 PM    162472     49264   7856564     99.38        20     29076   8800612     32.02   3417160   4127116       132       132
04:00:24 PM    156920     43712   7862116     99.45        20     29140   8800612     32.02   3452796   4085148        20       132
04:00:29 PM    155396     42400   7863428     99.46        32     29516   8800612     32.02   3452940   4085408        28       132
04:00:34 PM    168436     55500   7850328     99.30        32     29608   8800612     32.02   3472808   4061428       112       132
04:00:39 PM    167488     54552   7851276     99.31        32     29616   8800612     32.02   3472808   4061428       132       132
04:00:44 PM    172092     60704   7845124     99.23        32     32828   8800612     32.02   3485880   4044920       132       132
04:00:49 PM    170260     58624   7847204     99.26        32     32608   8800612     32.02   3353828   4177084       112       132
04:00:54 PM    170260     58624   7847204     99.26        32     32628   8800612     32.02   3353828   4177084       132       132
04:00:59 PM    170260     58636   7847192     99.26        32     32628   8800612     32.02   3353944   4177104       132       132
04:01:04 PM    170008     58444   7847384     99.26        32     32808   8800612     32.02   3353944   4177228        24       132
04:01:09 PM    170008     58472   7847356     99.26        32     32808   8800612     32.02   3353956   4177284        24       132
04:01:14 PM    161440     53772   7852056     99.32        32     40540   8800612     32.02   3362892   4177284        24       132
04:01:19 PM    144596     32640   7873188     99.59        20     31980   8800612     32.02   2540140   5021712        24       132
04:01:24 PM    143432     31476   7874352     99.60        20     32092   8800612     32.02   2540144   5021712       112       132
04:01:29 PM    142676     31088   7874740     99.61        20     32804   8800612     32.02   2540884   5021824       132       132
04:01:34 PM    142676     31108   7874720     99.61        20     32804   8800612     32.02   2540932   5021824       132       132
04:01:39 PM    142676     31132   7874696     99.61        20     32804   8800612     32.02   2540984   5021824       132       132
04:01:44 PM    142676     31132   7874696     99.61        20     32804   8800612     32.02   2540992   5021824       132       132
04:01:49 PM    171264     57704   7848124     99.27        20     28800   8800612     32.02   2866984   4661912       132       132
04:01:54 PM    166252     54600   7851228     99.31        32     32628   8800612     32.02   2870456   4662284        20       132
04:01:59 PM    166252     54668   7851160     99.31        32     32740   8800612     32.02   2870500   4662420       112       132
04:02:04 PM    165244     53660   7852168     99.32        32     32740   8800612     32.02   2870508   4662420       132       132
04:02:09 PM    165244     53660   7852168     99.32        32     32740   8800612     32.02   2870508   4662420       132       132
04:02:14 PM    165244     53660   7852168     99.32        32     32740   8800612     32.02   2870508   4662420       132       132
04:02:19 PM    132668     12512   7893316     99.84        20     15720   8800612     32.02   2612116   4960656       112       128
04:02:24 PM    136460     30244   7875584     99.62        20     43488   8800612     32.02   2678824   4880024       132       128
04:02:29 PM    126436     23604   7882224     99.70        32     50432   8800612     32.02   2692496   4874732       136       132
04:02:34 PM    126436     23640   7882188     99.70        32     50436   8800612     32.02   2692608   4874780       140       132
04:02:39 PM    122228     19488   7886340     99.75        32     50436   8800612     32.02   2697784   4870916       140       132
04:02:44 PM    122228     19488   7886340     99.75        32     50432   8800612     32.02   2697796   4870916       136       132
04:02:49 PM    214772    109876   7795952     98.61        32     46120   8800612     32.02   3064468   4405664        48       132
04:02:54 PM    214296    109400   7796428     98.62        32     46136   8800612     32.02   3064468   4405664        68       132
04:02:59 PM    214044    109368   7796460     98.62        32     46560   8800612     32.02   3064604   4406108        20       132
04:03:04 PM    210264    107172   7798656     98.64        32     49784   8800612     32.02   3067844   4406108        20       132
04:03:09 PM    210264    107200   7798628     98.64        32     49784   8800612     32.02   3067908   4406108        20       132
04:03:14 PM    208500    105592   7800236     98.66        32     50096   8800612     32.02   3071532   4406108        20       132
04:03:19 PM    139056     20588   7885240     99.74        20     20856   8800612     32.02    756996   6789896        20       128
04:03:24 PM    136060     19148   7886680     99.76        20     24160   8800612     32.02    760144   6789896       112       128
04:03:29 PM    135808     19608   7886220     99.75        20     25304   8800612     32.02    761456   6790056       132       128
04:03:34 PM    135808     19608   7886220     99.75        20     25304   8800612     32.02    761480   6790056       132       128
04:03:39 PM    135808     19612   7886216     99.75        20     25308   8800612     32.02    761512   6790060       136       128
04:03:44 PM    135556     19360   7886468     99.76        20     25308   8800612     32.02    761588   6790060       136       128
04:03:49 PM    129052     12808   7893020     99.84        20     25212   8800612     32.02    827940   6730840       136       128
04:03:54 PM    219016    112532   7793296     98.58        32     44892   8800612     32.02   3882840   3589936        24       128
04:03:59 PM    207216    107836   7797992     98.64        32     58972   8800612     32.02   3899856   3590140       128       128
04:04:04 PM    207216    107836   7797992     98.64        32     58972   8800612     32.02   3899856   3590140       148       128
04:04:09 PM    207024    107644   7798184     98.64        32     58980   8800612     32.02   3899856   3590140       156       128
04:04:14 PM    206992    107636   7798192     98.64        32     58980   8800612     32.02   3900008   3590148       156       128
04:04:19 PM    138848     29776   7876052     99.62        20     39560   8800612     32.02   4066476   3487540       156       128
04:04:24 PM    138732     29660   7876168     99.62        20     39560   8800612     32.02   4066412   3487472        28       128
04:04:29 PM    130668     25804   7880024     99.67        32     48052   8800612     32.02   4074476   3487840        28       128
04:04:34 PM    124812     19984   7885844     99.75        32     48164   8800612     32.02   4087504   3476140       112       128
04:04:39 PM    124812     19984   7885844     99.75        32     48164   8800612     32.02   4087504   3476140       132       128
04:04:44 PM    123632     18860   7886968     99.76        32     48164   8800612     32.02   4102836   3462464       132       128
04:04:49 PM    167016     55980   7849848     99.29        20     35884   8800612     32.02   2767528   4757748       132       124
04:04:54 PM    167016     56148   7849680     99.29        20     36044   8800612     32.02   2767892   4757748       132       124
04:04:59 PM    167016     56148   7849680     99.29        20     36044   8800612     32.02   2767892   4757748       132       124
04:05:04 PM    151140     45816   7860012     99.42        32     47156   8800612     32.02   2778356   4758400        20       124
04:05:09 PM    151140     45856   7859972     99.42        32     47268   8800612     32.02   2778436   4758416       116       124
04:05:14 PM    148116     43508   7862320     99.45        32     48576   8800612     32.02   2783172   4758528       132       124
04:05:19 PM    115820      4648   7901180     99.94        20     35396   8800612     32.02   3898064   3681364       132       124
04:05:24 PM    115448      4280   7901548     99.95        20     35436   8800612     32.02   3898356   3681368       136       124
04:05:29 PM    195960     85160   7820668     98.92        20     36244   8800612     32.02   3919828   3578760       136       124
04:05:34 PM    195960     85216   7820612     98.92        20     36248   8800612     32.02   3920004   3578764        28       124
04:05:39 PM    195708     85148   7820680     98.92        32     36648   8800612     32.02   3920004   3579136        28       124
04:05:44 PM    195708     85232   7820596     98.92        32     36776   8800612     32.02   3920000   3579308       112       124
04:05:49 PM    142788     32312   7873516     99.59        32     36780   8800612     32.02   3972948   3579308       132       124
04:05:54 PM    142788     32316   7873512     99.59        32     36780   8800612     32.02   3973012   3579308       132       124
04:05:59 PM    142788     32316   7873512     99.59        32     36780   8800612     32.02   3973012   3579308       132       124
04:06:04 PM    142788     32316   7873512     99.59        32     36780   8800612     32.02   3973012   3579308       132       124
04:06:09 PM    142788     32316   7873512     99.59        32     36780   8800612     32.02   3973068   3579308        20       124
04:06:14 PM    142536     32184   7873644     99.59        32     37104   8800612     32.02   3973080   3579552        24       124
04:06:19 PM    125624     12048   7893780     99.85        20     30584   8800612     32.02   1785876   5776316        96       124
04:06:24 PM    183732     70264   7835564     99.11        20     30800   8800612     32.02   1915924   5608260       116       124
04:06:29 PM    183508     70040   7835788     99.11        20     30800   8800612     32.02   1915924   5608260       116       124
04:06:34 PM    169460     55992   7849836     99.29        20     30800   8800612     32.02   1925128   5600488       116       124
04:06:39 PM    169460     55992   7849836     99.29        20     30800   8800612     32.02   1925128   5600488       116       124
04:06:44 PM    167288     53820   7852008     99.32        20     30800   8800612     32.02   1931736   5595088        20       124
04:06:49 PM    121552    121552   7784276     98.46        20     11912   8800612     32.02   2246440   5325292        20       124
04:06:54 PM    121520    121520   7784308     98.46        20     12040   8800612     32.02   2246668   5325344        96       124
04:06:59 PM    121520    121520   7784308     98.46        20     12040   8800612     32.02   2246668   5325420       116       124
04:07:04 PM    121520    121520   7784308     98.46        20     12040   8800612     32.02   2246668   5325420       116       124
04:07:09 PM    113204    113204   7792624     98.57        20     19256   8800612     32.02   2253868   5325420       116       124
04:07:14 PM    177240     60912   7844916     99.23        20     25080   8800612     32.02   2642548   4881104        96       124
04:07:19 PM    139480     29020   7876808     99.63        20     36872   8800612     32.02   2586240   4983544       116       124
04:07:24 PM    127000     20052   7885776     99.75        32     43832   8800612     32.02   2593316   4983800        20       124
04:07:29 PM    119692     16620   7889208     99.79        32     51596   8800612     32.02   2601048   4984140       124       128
04:07:34 PM    119692     16624   7889204     99.79        32     51624   8800612     32.02   2601120   4984136       136       128
04:07:39 PM    119692     16640   7889188     99.79        32     51628   8800612     32.02   2601156   4984168       140       128
04:07:44 PM    119692     16640   7889188     99.79        32     51624   8800612     32.02   2601156   4984168        56       128
04:07:49 PM    212348    101784   7804044     98.71        20     36732   8800612     32.02    440572   7047856       176       128
04:07:54 PM    212044    101568   7804260     98.72        20     36944   8800612     32.02    440852   7047884       204       128
04:07:59 PM    211792    101516   7804312     98.72        32     37216   8800612     32.02    441000   7048148        28       128
04:08:04 PM    208040     99764   7806064     98.74        32     41332   8800612     32.02    445220   7048184        28       128
04:08:09 PM    208040     99840   7805988     98.74        32     41332   8800612     32.02    445380   7048184        28       128
04:08:14 PM    208040     99840   7805988     98.74        32     41332   8800612     32.02    445380   7048184        28       128
04:08:19 PM    134432     12016   7893812     99.85        20     12952   8800612     32.02   3978064   3591880        28       128
04:08:24 PM    215964     93468   7812360     98.82        20     12948   8800612     32.02   4116008   3370684       112       128
04:08:29 PM    192960     75380   7830448     99.05        20     22788   8800612     32.02   4131460   3366272       132       128
04:08:34 PM    192708     75128   7830700     99.05        20     22788   8800612     32.02   4131476   3366272       132       128
04:08:39 PM    194212     76716   7829112     99.03        20     22836   8800612     32.02   4143528   3355660       132       128
04:08:44 PM    194212     76716   7829112     99.03        20     22836   8800612     32.02   4143528   3355660       132       128
04:08:49 PM    129496      7188   7898640     99.91        16     13368   8800612     32.02    112036   7457904       212       124
04:08:54 PM    163292     60112   7845716     99.24        28     51424   8800612     32.02    644072   6891048        20       124
04:08:59 PM    159512     57548   7848280     99.27        28     53840   8800612     32.02    646628   6891048        20       124
04:09:04 PM    145668     50156   7855672     99.37        28     66748   8800612     32.02    662452   6891428        20       124
04:09:09 PM    145416     50028   7855800     99.37        28     67100   8800612     32.02    662720   6891428        20       124
04:09:14 PM    141132     45948   7859880     99.42        28     67472   8800612     32.02    666636   6891428        20       124
04:09:19 PM    111564     16412   7889416     99.79        28     67468   8800612     32.02   2122104   5449560        20       124
04:09:24 PM    109420     14324   7891504     99.82        28     67676   8800612     32.02   2224568   5354572        96       124
04:09:29 PM    105640     11704   7894124     99.85        28     69900   8800612     32.02   2226996   5354668       116       124
04:09:34 PM    105640     11704   7894124     99.85        28     69900   8800612     32.02   2226996   5354668       116       124
04:09:39 PM    105640     11704   7894124     99.85        28     69900   8800612     32.02   2226996   5354668       116       124
04:09:44 PM    105640     11704   7894124     99.85        28     69900   8800612     32.02   2226996   5354668       116       124
04:09:49 PM    123228     28800   7877028     99.64        28     68912   8800612     32.02   3389716   4174924       116       124
04:09:54 PM    150516     56272   7849556     99.29        28     69320   8800612     32.02   3915352   3629332        20       124
04:09:59 PM    150516     56340   7849488     99.29        28     69416   8800612     32.02   3915484   3629428        96       124
04:10:04 PM    150516     56340   7849488     99.29        28     69416   8800612     32.02   3915484   3629428       116       124
04:10:09 PM    150516     56340   7849488     99.29        28     69416   8800612     32.02   3915488   3629428       116       124
04:10:14 PM    150516     56340   7849488     99.29        28     69416   8800612     32.02   3915488   3629428       116       124
04:10:19 PM    113020     16836   7888992     99.79        28     65460   8800612     32.02   4061592   3524128       116       124
04:10:24 PM    218760     99548   7806280     98.74        16     19360   8800612     32.02   2595552   4886180        20       124
04:10:29 PM    209776     91344   7814484     98.84        28     20904   8800612     32.02   2629672   4855284        20       124
04:10:34 PM    209272     90856   7814972     98.85        28     21000   8800612     32.02   2629752   4855316        96       124
04:10:39 PM    199296     82940   7822888     98.95        28     25056   8800612     32.02   2660160   4830588       116       124
04:10:44 PM    199296     82940   7822888     98.95        28     25056   8800612     32.02   2660160   4830588       116       124
04:10:49 PM    132200     19632   7886196     99.75        28     32632   8800612     32.02   2740504   4808964       116       124
04:10:54 PM    128376     15840   7889988     99.80        28     32696   8800612     32.02   2745036   4808964       116       124
04:10:59 PM    124604     12068   7893760     99.85        28     32696   8800612     32.02   2750308   4805008       116       124
04:11:04 PM    124660     12308   7893520     99.84        28     33264   8800612     32.02   2750328   4805296        20       124
04:11:09 PM    132240     19936   7885892     99.75        28     33360   8800612     32.02   2767440   4787848        96       124
04:11:14 PM    120780     13540   7892288     99.83        28     43304   8800612     32.02   2780604   4787900       116       124
04:11:19 PM    115704      8472   7897356     99.89        28     43304   8800612     32.02   2972216   4607904       116       124
04:11:24 PM    172620     59580   7846248     99.25        16     31844   8800612     32.02   1097232   6433152       112       124
04:11:29 PM    169940     58140   7847688     99.26        16     34360   8800612     32.02   1099580   6433284       136       124
04:11:34 PM    169688     57972   7847856     99.27        16     34368   8800612     32.02   1099816   6433312       144       124
04:11:39 PM    169184     57528   7848300     99.27        28     34592   8800612     32.02   1099832   6433432        32       124
04:11:44 PM    169184     57588   7848240     99.27        28     34612   8800612     32.02   1099848   6433552        32       124
04:11:49 PM    169012     57416   7848412     99.27        28     34612   8800612     32.02   1099980   6433552        32       124
04:11:54 PM    163212     51100   7854728     99.35        16     33576   8800612     32.02   5736260   1798936        32       124
04:11:59 PM    162988     50876   7854952     99.36        16     33672   8800612     32.02   5736260   1798936        96       124
04:12:04 PM    162988     50928   7854900     99.36        16     33676   8800612     32.02   5736292   1799048       120       124
04:12:09 PM    162988     50928   7854900     99.36        16     33676   8800612     32.02   5736292   1799048       120       124
04:12:14 PM    162988     50928   7854900     99.36        16     33676   8800612     32.02   5736296   1799048       120       124
04:12:19 PM    153664     45952   7859876     99.42        16     42468   8800612     32.02   5745772   1799132       120       124
04:12:24 PM    150944     41920   7863908     99.47        16     39836   8800612     32.02    895824   6648520         0       124
04:12:29 PM    131288     27604   7878224     99.65        28     50512   8800612     32.02    906368   6649320       136       128
04:12:34 PM    133516     29872   7875956     99.62        28     50516   8800612     32.02    920428   6637216       140       128
04:12:39 PM    133452     29808   7876020     99.62        28     50512   8800612     32.02    920432   6637216       136       128
04:12:44 PM    131760     28116   7877712     99.64        28     50512   8800612     32.02    938128   6620924       136       128
04:12:49 PM    131032     27616   7878212     99.65        28     51028   8800612     32.02    938552   6620988       116       128
04:12:54 PM    145252     31020   7874808     99.61        12     29396   8800612     32.02   2588008   4972992        96       128
04:12:59 PM    140212     28028   7877800     99.65        24     33652   8800612     32.02   2591648   4973444        20       128
04:13:04 PM    136432     26424   7879404     99.67        24     37840   8800612     32.02   2596052   4973548        20       128
04:13:09 PM    136432     26608   7879220     99.66        24     38344   8800612     32.02   2596456   4973548        20       128
04:13:14 PM    112492     10440   7895388     99.87        24     53808   8800612     32.02   2615084   4973548        20       128
04:13:19 PM    214012    112056   7793772     98.58        24     53988   8800612     32.02   2655332   4832020        96       128
04:13:24 PM    137000     34604   7871224     99.56        20     53012   8800612     32.02   1344072   6226224       116       128
04:13:29 PM    136748     34352   7871476     99.57        20     53012   8800612     32.02   1344144   6226224       116       128
04:13:34 PM    136496     34100   7871728     99.57        20     53012   8800612     32.02   1344224   6226224       116       128
04:13:39 PM    136496     34100   7871728     99.57        20     53012   8800612     32.02   1344224   6226224       116       128
04:13:44 PM    136496     34100   7871728     99.57        20     53012   8800612     32.02   1344288   6226224       116       128
04:13:49 PM    136496     34160   7871668     99.57        20     53204   8800612     32.02   1344288   6226348        20       128
04:13:54 PM    138048     36312   7869516     99.54        20     54332   8800612     32.02   4356772   3213868         0       128
04:13:59 PM    138048     36312   7869516     99.54        20     54336   8800612     32.02   4356788   3213868        24       128
04:14:04 PM    123196     26188   7879640     99.67        20     63788   8800612     32.02   4368836   3214420        24       128
04:14:09 PM    123196     26188   7879640     99.67        20     63788   8800612     32.02   4368836   3214420        24       128
04:14:14 PM    123196     26188   7879640     99.67        20     63788   8800612     32.02   4368836   3214420        24       128
04:14:19 PM    122944     25936   7879892     99.67        20     63788   8800612     32.02   4368848   3214420        24       128
04:14:24 PM    159036     47028   7858800     99.41        20     33832   8800612     32.02   4320940   3225156        24       124
04:14:29 PM    158784     46868   7858960     99.41        20     33980   8800612     32.02   4320968   3225344       112       124
04:14:34 PM    158532     46668   7859160     99.41        20     34120   8800612     32.02   4321080   3225352       132       124
04:14:39 PM    158092     46252   7859576     99.41        20     34120   8800612     32.02   4321124   3225356       132       124
04:14:44 PM    158060     46220   7859608     99.42        20     34120   8800612     32.02   4321124   3225356       132       124
04:14:49 PM    158060     46220   7859608     99.42        20     34120   8800612     32.02   4321132   3225356       132       124
04:14:54 PM    170376     53212   7852616     99.33         8     23488   8800612     32.02   3269940   4267228        20       124
04:14:59 PM    154500     39568   7866260     99.50        20     28124   8800612     32.02   3274100   4267596        20       124
04:15:04 PM    154500     39672   7866156     99.50        20     28220   8800612     32.02   3274104   4267800        96       124
04:15:09 PM    156952     42468   7863360     99.46        20     29036   8800612     32.02   3274800   4267800       116       124
04:15:14 PM    147396     35936   7869892     99.55        20     34884   8800612     32.02   3284028   4267800       116       124
04:15:19 PM    147396     35940   7869888     99.55        20     34892   8800612     32.02   3284128   4267808       124       124
04:15:24 PM    201404     87364   7818464     98.89         8     29800   8800612     32.02   2687204   4810128       124       124
04:15:29 PM    201152     87208   7818620     98.90         8     30124   8800612     32.02   2687400   4810192        28       124
04:15:34 PM    192360     80276   7825552     98.98        20     33800   8800612     32.02   2690768   4810544        28       124
04:15:39 PM    192136     80136   7825692     98.99        20     33912   8800612     32.02   2690876   4810604       112       124
04:15:44 PM    192136     80136   7825692     98.99        20     33912   8800612     32.02   2690876   4810604       132       124
04:15:49 PM    192136     80192   7825636     98.99        20     33912   8800612     32.02   2690872   4810724       132       124
04:15:54 PM    176752     63172   7842656     99.20         8     30752   8800612     32.02   4442116   3072868         0       124
04:15:59 PM    176752     63232   7842596     99.20         8     30772   8800612     32.02   4442172   3072984        20       124
04:16:04 PM    176752     63660   7842168     99.19         8     31632   8800612     32.02   4443032   3072984        20       124
04:16:09 PM    176560     63660   7842168     99.19        20     32092   8800612     32.02   4443056   3073356        20       124
04:16:14 PM    176528     63628   7842200     99.20        20     32092   8800612     32.02   4443056   3073356        20       124
04:16:19 PM    176528     64996   7840832     99.18        20     34740   8800612     32.02   4445736   3073444        20       124
04:16:24 PM    179696     58640   7847188     99.26        20     15788   8800612     32.02   3963144   3555576         0       124
04:16:29 PM    163316     44936   7860892     99.43        20     21040   8800612     32.02   3968500   3555692        20       124
04:16:34 PM    163652     45272   7860556     99.43        20     21044   8800612     32.02   3968500   3555692        24       124
04:16:39 PM    166200     47820   7858008     99.40        20     21044   8800612     32.02   3968500   3555696        24       124
04:16:44 PM    165948     47568   7858260     99.40        20     21044   8800612     32.02   3968500   3555696        24       124
04:16:49 PM    165948     47568   7858260     99.40        20     21044   8800612     32.02   3968516   3555696        24       124
04:16:54 PM    205496     85528   7820300     98.92        20     17940   8800612     32.02   2081080   5408124        24       124
04:16:59 PM    205496     85604   7820224     98.92        20     18036   8800612     32.02   2081136   5408280        96       124
04:17:04 PM    205496     85604   7820224     98.92        20     18036   8800612     32.02   2081236   5408280       116       124
04:17:09 PM    205244     85776   7820052     98.92        20     18884   8800612     32.02   2082108   5408280       116       124
04:17:14 PM    193652     79980   7825848     98.99        20     30572   8800612     32.02   2097620   5408280       116       124
04:17:19 PM    169724     64700   7841128     99.18        20     47772   8800612     32.02   2115668   5408364       116       124
04:17:24 PM    165516     58260   7847568     99.26         8     43448   8800612     32.02   2446760   5074560        20       124
04:17:29 PM    157704     55708   7850120     99.30        20     53844   8800612     32.02   2457028   5075180       140       128
04:17:34 PM    157704     55716   7850112     99.30        20     53948   8800612     32.02   2457064   5075184       220       128
04:17:39 PM    157704     55764   7850064     99.29        20     53948   8800612     32.02   2457128   5075280       240       128
04:17:44 PM    157704     55764   7850064     99.29        20     53944   8800612     32.02   2457140   5075280       236       128
04:17:49 PM    157704     56000   7849828     99.29        20     54448   8800612     32.02   2457568   5075364       200       128
04:17:54 PM    131948     23152   7882676     99.71         8     40240   8800612     32.02   2076536   5489140       196       128
04:17:59 PM    131948     23372   7882456     99.70        20     40672   8800612     32.02   2076716   5489476        20       128
04:18:04 PM    122180     17552   7888276     99.78        20     48652   8800612     32.02   2084628   5489476        20       128
04:18:09 PM    122148     17628   7888200     99.78        20     48780   8800612     32.02   2084872   5489572        96       128
04:18:14 PM    122148     17628   7888200     99.78        20     48780   8800612     32.02   2084936   5489572       116       128
04:18:19 PM    122148     17628   7888200     99.78        20     48780   8800612     32.02   2084948   5489572       116       128
04:18:24 PM    181172     64064   7841764     99.19        20     23752   8800612     32.02   4262584   3257144        48       128
04:18:29 PM    180948     63888   7841940     99.19        20     23784   8800612     32.02   4262612   3257240        68       128
04:18:34 PM    180948     63928   7841900     99.19        20     23784   8800612     32.02   4262648   3257340        68       128
04:18:39 PM    180948     64052   7841776     99.19        20     24076   8800612     32.02   4262648   3257588        24       128
04:18:44 PM    180948     64076   7841752     99.19        20     24076   8800612     32.02   4262652   3257632        24       128
04:18:49 PM    180948     64076   7841752     99.19        20     24076   8800612     32.02   4262660   3257632        24       128
04:18:54 PM    148096     42136   7863692     99.47        20     45904   8800612     32.02   2794260   4754204        24       128
04:18:59 PM    147872     41912   7863916     99.47        20     46008   8800612     32.02   2794264   4754204        96       128
04:19:04 PM    124468     26336   7879492     99.67        20     61644   8800612     32.02   2812700   4754632       116       128
04:19:09 PM    124468     26336   7879492     99.67        20     61648   8800612     32.02   2812700   4754632       120       128
04:19:14 PM    121192     23124   7882704     99.71        20     61776   8800612     32.02   2815952   4754636       120       128
04:19:19 PM    121192     23128   7882700     99.71        20     61776   8800612     32.02   2816128   4754636       120       128
04:19:24 PM    217576    113576   7792252     98.56         8     49916   8800612     32.02   1459016   6022964       120       128
04:19:29 PM    201700    100332   7805496     98.73        20     55240   8800612     32.02   1463932   6023344        24       128
04:19:34 PM    202228    100952   7804876     98.72        20     55352   8800592     32.02   1464128   6023460       112       128
04:19:39 PM    204780    103504   7802324     98.69        20     55352   8800592     32.02   1464120   6023456       132       128
Average:      2117175   2102579   5803249     73.40      1358    169788   8799596     32.02   3481449   2099993       111      3384
