Linux 7.0.11-arch1-1 (archlinux) 	06/05/2026 	_x86_64_	(4 CPU)

12:34:48 PM  pgpgin/s pgpgout/s   fault/s  majflt/s  pgfree/s pgscank/s pgscand/s pgsteal/s  pgprom/s   pgdem/s
12:34:53 PM      0.00      0.00   1421.80      0.00    432.20      0.00      0.00      0.00      0.00      0.00
12:34:58 PM      0.00      0.00      0.80      0.00      3.80      0.00      0.00      0.00      0.00      0.00
12:35:03 PM      0.00      0.80      0.00      0.00      0.60      0.00      0.00      0.00      0.00      0.00
12:35:08 PM      6.40    616.80      1.60      0.00      4.00      0.00      0.00      0.00      0.00      0.00
12:35:13 PM      0.00      0.00      0.00      0.00      4.00      0.00      0.00      0.00      0.00      0.00
12:35:18 PM      0.00     49.60      0.00      0.00      4.00      0.00      0.00      0.00      0.00      0.00
12:35:23 PM      0.00      0.00      0.40      0.00      4.20      0.00      0.00      0.00      0.00      0.00
12:35:28 PM      0.00     36.00      0.00      0.00      3.80      0.00      0.00      0.00      0.00      0.00
12:35:33 PM      0.00      0.00      0.00      0.00      0.60      0.00      0.00      0.00      0.00      0.00
12:35:38 PM      0.00     96.00      0.40      0.00      3.80      0.00      0.00      0.00      0.00      0.00
12:35:43 PM      0.00      0.00      0.20      0.00    311.40      0.00      0.00      0.00      0.00      0.00
12:35:48 PM      0.00    181.60      6.20      0.00      4.40      0.00      0.00      0.00      0.00      0.00
12:35:53 PM      0.00      0.00      0.00      0.00      4.40      0.00      0.00      0.00      0.00      0.00
12:35:58 PM      3.20      0.00      0.20      0.00      4.20      0.00      0.00      0.00      0.00      0.00
12:36:03 PM      0.00      0.00      0.00      0.00      0.40      0.00      0.00      0.00      0.00      0.00
12:36:08 PM      0.00     57.60      0.20      0.00      4.00      0.00      0.00      0.00      0.00      0.00
12:36:13 PM      0.00      0.00      0.00      0.00      3.80      0.00      0.00      0.00      0.00      0.00
12:36:18 PM      0.00    160.00      0.00      0.00      4.00      0.00      0.00      0.00      0.00      0.00
12:36:23 PM      0.00      0.00      0.00      0.00      4.20      0.00      0.00      0.00      0.00      0.00
12:36:28 PM      0.00      0.00      0.00      0.00      3.80      0.00      0.00      0.00      0.00      0.00
12:36:33 PM      0.00      0.00      0.00      0.00      0.60      0.00      0.00      0.00      0.00      0.00
12:36:38 PM      0.00      0.00      0.00      0.00      4.00      0.00      0.00      0.00      0.00      0.00
12:36:43 PM      0.00      0.00      0.20      0.00      4.60      0.00      0.00      0.00      0.00      0.00
12:36:48 PM      0.00    143.20      0.00      0.00      4.40      0.00      0.00      0.00      0.00      0.00
12:36:53 PM      0.00      0.00      0.00      0.00      4.80      0.00      0.00      0.00      0.00      0.00
12:36:58 PM      0.00      0.00      5.40      0.00      4.00      0.00      0.00      0.00      0.00      0.00
12:37:03 PM      0.00      0.00      0.00      0.00      1.20      0.00      0.00      0.00      0.00      0.00
12:37:08 PM      0.00      0.00      0.80      0.00      4.00      0.00      0.00      0.00      0.00      0.00
12:37:13 PM      0.00      0.00      0.00      0.00      4.00      0.00      0.00      0.00      0.00      0.00
12:37:18 PM      0.00     51.20      0.20      0.00      4.40      0.00      0.00      0.00      0.00      0.00
12:37:23 PM      0.00      0.00      0.00      0.00      4.00      0.00      0.00      0.00      0.00      0.00
12:37:28 PM      3.20    165.60      0.00      0.00      4.00      0.00      0.00      0.00      0.00      0.00
12:37:33 PM      0.00      0.00      0.00      0.00      0.60      0.00      0.00      0.00      0.00      0.00
12:37:38 PM      0.00      0.00      0.00      0.00      4.40      0.00      0.00      0.00      0.00      0.00
12:37:43 PM      0.00      1.60      0.00      0.00      3.80      0.00      0.00      0.00      0.00      0.00
12:37:48 PM      0.00      0.00      0.00      0.00      4.00      0.00      0.00      0.00      0.00      0.00
12:37:53 PM      0.00      0.00      0.80      0.00      4.20      0.00      0.00      0.00      0.00      0.00
12:37:58 PM      0.00    194.40      0.00      0.00      4.00      0.00      0.00      0.00      0.00      0.00
12:38:03 PM      0.00      0.00      0.00      0.00      0.60      0.00      0.00      0.00      0.00      0.00
12:38:08 PM      0.00      0.00      0.00      0.00      3.80      0.00      0.00      0.00      0.00      0.00
12:38:13 PM      0.00      0.00      0.00      0.00      3.99      0.00      0.00      0.00      0.00      0.00
12:38:18 PM      0.00      1.60      0.20      0.00      7.40      0.00      0.00      0.00      0.00      0.00
12:38:23 PM      0.00      0.00      0.00      0.00      4.20      0.00      0.00      0.00      0.00      0.00
12:38:28 PM      0.00      0.00      0.00      0.00      3.80      0.00      0.00      0.00      0.00      0.00
12:38:33 PM      0.00      0.00      0.00      0.00      0.40      0.00      0.00      0.00      0.00      0.00
12:38:38 PM      0.00      0.00    279.80      0.00    219.40      0.00      0.00      0.00      0.00      0.00
12:38:43 PM      0.00      0.00      0.00      0.00      3.80      0.00      0.00      0.00      0.00      0.00
12:38:48 PM      0.00    220.00      0.40      0.00      4.40      0.00      0.00      0.00      0.00      0.00
12:38:53 PM      0.00      3.20      0.00      0.00      4.00      0.00      0.00      0.00      0.00      0.00
12:38:58 PM      0.00      0.00      0.00      0.00      4.00      0.00      0.00      0.00      0.00      0.00
12:39:03 PM      0.00     28.80      0.80      0.00      3.80      0.00      0.00      0.00      0.00      0.00
12:39:08 PM      0.00      0.00      0.00      0.00      5.60      0.00      0.00      0.00      0.00      0.00
12:39:13 PM      0.00      0.00      0.00      0.00      3.80      0.00      0.00      0.00      0.00      0.00
12:39:18 PM      0.00     70.40      0.00      0.00      3.80      0.00      0.00      0.00      0.00      0.00
12:39:23 PM      0.00    175.20      0.00      0.00      4.20      0.00      0.00      0.00      0.00      0.00
12:39:28 PM      0.00      3.20      0.00      0.00      3.80      0.00      0.00      0.00      0.00      0.00
12:39:33 PM      0.00      0.00      0.00      0.00      0.60      0.00      0.00      0.00      0.00      0.00
12:39:38 PM      0.00      0.00      0.00      0.00      3.80      0.00      0.00      0.00      0.00      0.00
12:39:43 PM      0.00      0.00      0.00      0.00      4.00      0.00      0.00      0.00      0.00      0.00
12:39:48 PM      0.00      0.00      0.00      0.00      4.00      0.00      0.00      0.00      0.00      0.00
12:39:53 PM      0.00     44.80      0.00      0.00      4.20      0.00      0.00      0.00      0.00      0.00
12:39:58 PM      0.00    143.20      0.00      0.00      3.80      0.00      0.00      0.00      0.00      0.00
12:40:03 PM      0.00      4.00      0.00      0.00      0.40      0.00      0.00      0.00      0.00      0.00
12:40:08 PM      0.00      0.00      0.00      0.00      4.00      0.00      0.00      0.00      0.00      0.00
12:40:13 PM      0.00      0.00      0.00      0.00      3.80      0.00      0.00      0.00      0.00      0.00
12:40:18 PM      0.00      0.00      0.00      0.00      4.00      0.00      0.00      0.00      0.00      0.00
12:40:23 PM      0.00      0.00      0.00      0.00      4.00      0.00      0.00      0.00      0.00      0.00
12:40:28 PM      0.00     44.80      0.00      0.00      4.00      0.00      0.00      0.00      0.00      0.00
12:40:33 PM      0.00    117.60      0.00      0.00      0.40      0.00      0.00      0.00      0.00      0.00
12:40:38 PM      0.00      3.20      0.00      0.00      3.80      0.00      0.00      0.00      0.00      0.00
12:40:43 PM      0.00      0.00      0.00      0.00      4.00      0.00      0.00      0.00      0.00      0.00
12:40:48 PM      0.00      0.00      0.00      0.00      4.00      0.00      0.00      0.00      0.00      0.00
12:40:53 PM      0.00      0.00      0.00      0.00      4.20      0.00      0.00      0.00      0.00      0.00
12:40:58 PM      0.00      0.00      0.00      0.00      3.80      0.00      0.00      0.00      0.00      0.00
12:41:03 PM      0.00     44.80      0.00      0.00      0.60      0.00      0.00      0.00      0.00      0.00
12:41:08 PM      0.00    136.80      0.00      0.00      3.80      0.00      0.00      0.00      0.00      0.00
12:41:13 PM      0.00      4.00      0.00      0.00      4.00      0.00      0.00      0.00      0.00      0.00
12:41:18 PM      0.00      0.00      0.00      0.00      3.80      0.00      0.00      0.00      0.00      0.00
12:41:23 PM      0.00      0.00      0.00      0.00      4.00      0.00      0.00      0.00      0.00      0.00
12:41:28 PM      0.00      0.00      0.00      0.00      4.00      0.00      0.00      0.00      0.00      0.00
12:41:33 PM      0.00      0.00      0.00      0.00      0.40      0.00      0.00      0.00      0.00      0.00
12:41:38 PM      0.00     44.80      0.00      0.00      4.00      0.00      0.00      0.00      0.00      0.00
12:41:43 PM      0.00    117.60      0.00      0.00      4.20      0.00      0.00      0.00      0.00      0.00
12:41:48 PM      0.00      4.80      0.00      0.00      4.60      0.00      0.00      0.00      0.00      0.00
12:41:53 PM      0.00      0.00      0.00      0.00      4.60      0.00      0.00      0.00      0.00      0.00
12:41:58 PM      0.00     14.40      5.80      0.00      5.20      0.00      0.00      0.00      0.00      0.00
12:42:03 PM      0.00      0.00      0.00      0.00      0.80      0.00      0.00      0.00      0.00      0.00
12:42:08 PM      0.00      0.00      0.00      0.00      4.00      0.00      0.00      0.00      0.00      0.00
12:42:13 PM      0.00     83.20      0.00      0.00      4.20      0.00      0.00      0.00      0.00      0.00
12:42:18 PM      0.00    188.00      0.00      0.00      4.20      0.00      0.00      0.00      0.00      0.00
12:42:23 PM      0.00      5.60      0.00      0.00      4.20      0.00      0.00      0.00      0.00      0.00
12:42:28 PM      0.00     21.60      0.00      0.00      4.60      0.00      0.00      0.00      0.00      0.00
12:42:33 PM      0.00      0.00      0.00      0.00      0.60      0.00      0.00      0.00      0.00      0.00
12:42:38 PM      0.00      0.00      0.00      0.00      4.20      0.00      0.00      0.00      0.00      0.00
12:42:43 PM      0.00      0.00      0.00      0.00      4.00      0.00      0.00      0.00      0.00      0.00
12:42:48 PM      0.00    220.00      0.00      0.00      3.80      0.00      0.00      0.00      0.00      0.00
12:42:53 PM      0.00      0.00      0.00      0.00      4.20      0.00      0.00      0.00      0.00      0.00
12:42:58 PM      0.00      4.80      0.00      0.00      4.00      0.00      0.00      0.00      0.00      0.00
12:43:03 PM      0.00      0.00      0.40      0.00      0.40      0.00      0.00      0.00      0.00      0.00
12:43:08 PM      0.00      0.00      0.00      0.00      4.20      0.00      0.00      0.00      0.00      0.00
12:43:13 PM      0.00      0.00      0.00      0.00      3.80      0.00      0.00      0.00      0.00      0.00
12:43:18 PM      0.00     64.00      0.00      0.00      7.40      0.00      0.00      0.00      0.00      0.00
12:43:23 PM      0.00      0.00      0.00      0.00      4.00      0.00      0.00      0.00      0.00      0.00
12:43:28 PM      0.00    156.00      0.00      0.00      4.00      0.00      0.00      0.00      0.00      0.00
12:43:33 PM      0.00      4.00      0.00      0.00      0.40      0.00      0.00      0.00      0.00      0.00
12:43:38 PM      0.00      0.00    283.00      0.00    211.60      0.00      0.00      0.00      0.00      0.00
12:43:43 PM      0.00      0.00      0.00      0.00      4.00      0.00      0.00      0.00      0.00      0.00
12:43:48 PM      0.00      0.00      0.00      0.00      3.80      0.00      0.00      0.00      0.00      0.00
12:43:53 PM      0.00      0.00      0.00      0.00      4.40      0.00      0.00      0.00      0.00      0.00
12:43:58 PM      0.00     64.00    291.80      0.00    182.60      0.00      0.00      0.00      0.00      0.00
12:44:03 PM      0.00    136.80      0.00      0.00      4.20      0.00      0.00      0.00      0.00      0.00
12:44:08 PM      0.00      4.80      0.80      0.00      3.80      0.00      0.00      0.00      0.00      0.00
12:44:13 PM      0.00      0.00      0.00      0.00      3.80      0.00      0.00      0.00      0.00      0.00
12:44:18 PM      0.00      0.00      0.00      0.00      4.00      0.00      0.00      0.00      0.00      0.00
12:44:23 PM      0.00      0.00      0.20      0.00      4.00      0.00      0.00      0.00      0.00      0.00
12:44:28 PM      0.00     33.60      0.00      0.00      4.00      0.00      0.00      0.00      0.00      0.00
12:44:33 PM      0.00     44.80      0.00      0.00      0.40      0.00      0.00      0.00      0.00      0.00
12:44:38 PM      3.20    181.60      0.00      0.00    260.00      0.00      0.00      0.00      0.00      0.00
12:44:43 PM      0.00      4.00      0.00      0.00      3.80      0.00      0.00      0.00      0.00      0.00
12:44:48 PM      0.00      0.00      0.00      0.00      4.00      0.00      0.00      0.00      0.00      0.00
12:44:53 PM      0.00      0.00      0.00      0.00      4.00      0.00      0.00      0.00      0.00      0.00
12:44:58 PM      0.00      0.00      0.00      0.00      4.00      0.00      0.00      0.00      0.00      0.00
12:45:03 PM      0.00      0.00      0.00      0.00      0.60      0.00      0.00      0.00      0.00      0.00
12:45:08 PM      0.00     44.80      0.40      0.00      4.80      0.00      0.00      0.00      0.00      0.00
12:45:13 PM      0.00    130.40      0.00      0.00      4.00      0.00      0.00      0.00      0.00      0.00
12:45:18 PM      0.00      4.80      0.00      0.00      3.80      0.00      0.00      0.00      0.00      0.00
12:45:23 PM      0.00      0.00      0.00      0.00      4.20      0.00      0.00      0.00      0.00      0.00
12:45:28 PM      0.00      0.00      0.00      0.00      3.80      0.00      0.00      0.00      0.00      0.00
12:45:33 PM      0.00      0.00      0.00      0.00      0.60      0.00      0.00      0.00      0.00      0.00
12:45:38 PM      0.00      0.00      0.00      0.00      3.80      0.00      0.00      0.00      0.00      0.00
12:45:43 PM      0.00     44.80      0.00      0.00      3.80      0.00      0.00      0.00      0.00      0.00
12:45:48 PM      0.00    143.20      0.00      0.00      4.00      0.00      0.00      0.00      0.00      0.00
12:45:53 PM      0.00      5.60      0.00      0.00      4.00      0.00      0.00      0.00      0.00      0.00
12:45:58 PM      0.00      0.00      0.00      0.00      4.20      0.00      0.00      0.00      0.00      0.00
12:46:03 PM      0.00      0.00      0.00      0.00      0.40      0.00      0.00      0.00      0.00      0.00
12:46:08 PM      0.00      0.00      0.20      0.00      4.00      0.00      0.00      0.00      0.00      0.00
12:46:13 PM      0.00      0.00      0.00      0.00      3.80      0.00      0.00      0.00      0.00      0.00
12:46:18 PM      0.00     44.80      0.00      0.00      4.00      0.00      0.00      0.00      0.00      0.00
12:46:23 PM      0.00    124.00      0.00      0.00      4.00      0.00      0.00      0.00      0.00      0.00
12:46:28 PM      0.00      4.00      0.00      0.00      3.80      0.00      0.00      0.00      0.00      0.00
12:46:33 PM      0.00      0.00      0.00      0.00      0.60      0.00      0.00      0.00      0.00      0.00
12:46:38 PM      0.00      0.00      0.00      0.00      3.80      0.00      0.00      0.00      0.00      0.00
12:46:43 PM      0.00      0.00      0.00      0.00      4.40      0.00      0.00      0.00      0.00      0.00
12:46:48 PM      0.00      0.00      0.00      0.00      4.40      0.00      0.00      0.00      0.00      0.00
12:46:53 PM      0.00     44.80      0.00      0.00      4.60      0.00      0.00      0.00      0.00      0.00
12:46:58 PM      0.00    218.40      5.60      0.00      5.20      0.00      0.00      0.00      0.00      0.00
12:47:03 PM      0.00     19.20      5.40      0.00      1.60      0.00      0.00      0.00      0.00      0.00
12:47:08 PM      0.00      0.00      0.00      0.00      4.40      0.00      0.00      0.00      0.00      0.00
12:47:13 PM      0.00      0.00      0.00      0.00      3.80      0.00      0.00      0.00      0.00      0.00
12:47:18 PM      0.00      0.00      0.00      0.00      5.20      0.00      0.00      0.00      0.00      0.00
12:47:23 PM      0.00      0.00      0.00      0.00      4.00      0.00      0.00      0.00      0.00      0.00
12:47:28 PM      0.00    260.00      0.00      0.00      4.00      0.00      0.00      0.00      0.00      0.00
12:47:33 PM      0.00      0.00      0.00      0.00      0.40      0.00      0.00      0.00      0.00      0.00
12:47:38 PM      0.00      4.00      0.00      0.00      4.40      0.00      0.00      0.00      0.00      0.00
12:47:43 PM      0.00      0.00      0.00      0.00      3.80      0.00      0.00      0.00      0.00      0.00
12:47:48 PM      0.00      0.00      0.00      0.00      3.80      0.00      0.00      0.00      0.00      0.00
12:47:53 PM      0.00      0.00      0.00      0.00      4.20      0.00      0.00      0.00      0.00      0.00
12:47:58 PM      0.00     44.80      0.00      0.00      4.60      0.00      0.00      0.00      0.00      0.00
12:48:03 PM      0.00      0.00      0.00      0.00      0.80      0.00      0.00      0.00      0.00      0.00
12:48:08 PM      0.00    143.20      0.00      0.00      3.80      0.00      0.00      0.00      0.00      0.00
12:48:13 PM      0.00      5.60      0.00      0.00      4.00      0.00      0.00      0.00      0.00      0.00
12:48:18 PM      0.00      0.00      0.00      0.00      7.20      0.00      0.00      0.00      0.00      0.00
12:48:23 PM      0.00      0.00      0.00      0.00      4.20      0.00      0.00      0.00      0.00      0.00
12:48:28 PM      0.00      0.00      0.00      0.00      3.80      0.00      0.00      0.00      0.00      0.00
12:48:33 PM      0.00      0.00      0.00      0.00      0.40      0.00      0.00      0.00      0.00      0.00
12:48:38 PM      0.00     44.80      0.00      0.00      4.00      0.00      0.00      0.00      0.00      0.00
12:48:43 PM      0.00    124.00      0.00      0.00      3.80      0.00      0.00      0.00      0.00      0.00
12:48:48 PM      0.00      4.00      0.00      0.00      4.00      0.00      0.00      0.00      0.00      0.00
12:48:53 PM      0.00      0.00      0.00      0.00      4.00      0.00      0.00      0.00      0.00      0.00
12:48:58 PM      0.00      0.00    284.60      0.00    223.20      0.00      0.00      0.00      0.00      0.00
12:49:03 PM      0.00      0.00      0.00      0.00      0.60      0.00      0.00      0.00      0.00      0.00
12:49:08 PM      0.00      0.00      0.00      0.00      4.00      0.00      0.00      0.00      0.00      0.00
12:49:13 PM      0.00     44.80      0.00      0.00      3.80      0.00      0.00      0.00      0.00      0.00
12:49:18 PM      3.20    162.40      0.00      0.00      3.80      0.00      0.00      0.00      0.00      0.00
12:49:23 PM      0.00      4.00      0.00      0.00      4.20      0.00      0.00      0.00      0.00      0.00
12:49:28 PM      0.00      0.00      0.00      0.00      3.80      0.00      0.00      0.00      0.00      0.00
12:49:33 PM      0.00      0.00      0.00      0.00      0.60      0.00      0.00      0.00      0.00      0.00
12:49:38 PM      0.00      0.00      0.00      0.00      3.80      0.00      0.00      0.00      0.00      0.00
12:49:43 PM      0.00      0.00      0.00      0.00      4.00      0.00      0.00      0.00      0.00      0.00
12:49:48 PM      0.00     44.80      0.00      0.00      3.80      0.00      0.00      0.00      0.00      0.00
12:49:53 PM      0.00    130.40      0.00      0.00      4.00      0.00      0.00      0.00      0.00      0.00
12:49:58 PM      0.00      5.60      0.00      0.00      4.00      0.00      0.00      0.00      0.00      0.00
12:50:03 PM      0.00      0.00      0.00      0.00    103.80      0.00      0.00      0.00      0.00      0.00
12:50:08 PM      0.00      0.00      0.00      0.00      4.00      0.00      0.00      0.00      0.00      0.00
12:50:13 PM      0.00      0.00      0.00      0.00      3.80      0.00      0.00      0.00      0.00      0.00
12:50:18 PM      0.00      0.00      0.00      0.00      4.00      0.00      0.00      0.00      0.00      0.00
12:50:23 PM      0.00     44.80      0.00      0.00      4.00      0.00      0.00      0.00      0.00      0.00
12:50:28 PM      0.00    143.20      0.00      0.00      4.00      0.00      0.00      0.00      0.00      0.00
12:50:33 PM      0.00      5.60      0.00      0.00      0.40      0.00      0.00      0.00      0.00      0.00
12:50:38 PM      0.00      0.00      0.00      0.00      3.80      0.00      0.00      0.00      0.00      0.00
12:50:43 PM      0.00      0.00      0.00      0.00      4.00      0.00      0.00      0.00      0.00      0.00
12:50:48 PM      0.00      0.00      0.00      0.00      3.80      0.00      0.00      0.00      0.00      0.00
12:50:53 PM      0.00      0.00      0.00      0.00      4.20      0.00      0.00      0.00      0.00      0.00
12:50:58 PM      0.00     44.80      0.00      0.00      3.80      0.00      0.00      0.00      0.00      0.00
12:51:03 PM      0.00    124.00      0.00      0.00      0.80      0.00      0.00      0.00      0.00      0.00
12:51:08 PM      0.00      4.00      0.00      0.00      3.80      0.00      0.00      0.00      0.00      0.00
12:51:13 PM      0.00      0.00      0.00      0.00      4.00      0.00      0.00      0.00      0.00      0.00
12:51:18 PM      0.00      0.00      0.00      0.00      3.80      0.00      0.00      0.00      0.00      0.00
12:51:23 PM      0.00      0.00      0.00      0.00      4.00      0.00      0.00      0.00      0.00      0.00
12:51:28 PM      0.00      0.00      0.00      0.00      4.00      0.00      0.00      0.00      0.00      0.00
12:51:33 PM      0.00     44.80      0.00      0.00      0.40      0.00      0.00      0.00      0.00      0.00
12:51:38 PM      0.00    143.20      0.00      0.00      4.00      0.00      0.00      0.00      0.00      0.00
12:51:43 PM      0.00      4.00      0.00      0.00      5.00      0.00      0.00      0.00      0.00      0.00
12:51:48 PM      0.00      0.00      0.00      0.00      4.60      0.00      0.00      0.00      0.00      0.00
12:51:53 PM      0.00      0.00      0.00      0.00      4.40      0.00      0.00      0.00      0.00      0.00
12:51:58 PM      0.00      0.00      5.59      0.00      4.39      0.00      0.00      0.00      0.00      0.00
12:52:03 PM      0.00     50.40      0.20      0.00      2.40      0.00      0.00      0.00      0.00      0.00
12:52:08 PM      0.00     91.20      5.40      0.00      5.00      0.00      0.00      0.00      0.00      0.00
12:52:13 PM      0.00    168.80      0.00      0.00      5.00      0.00      0.00      0.00      0.00      0.00
12:52:18 PM      0.00      4.00      0.00      0.00      4.20      0.00      0.00      0.00      0.00      0.00
12:52:23 PM      0.00      0.00      0.00      0.00      4.20      0.00      0.00      0.00      0.00      0.00
12:52:28 PM      0.00     20.80      0.00      0.00      3.80      0.00      0.00      0.00      0.00      0.00
12:52:33 PM      0.00      0.00      0.00      0.00      0.60      0.00      0.00      0.00      0.00      0.00
12:52:38 PM      0.00     76.80      0.00      0.00      4.20      0.00      0.00      0.00      0.00      0.00
12:52:43 PM      0.00      0.00      0.00      0.00      4.00      0.00      0.00      0.00      0.00      0.00
12:52:48 PM      0.00    162.40      0.00      0.00      3.80      0.00      0.00      0.00      0.00      0.00
12:52:53 PM      0.00      4.80      0.00      0.00      4.00      0.00      0.00      0.00      0.00      0.00
12:52:58 PM      0.00      0.00      0.00      0.00      4.00      0.00      0.00      0.00      0.00      0.00
12:53:03 PM      0.00      0.00      0.00      0.00      0.40      0.00      0.00      0.00      0.00      0.00
12:53:08 PM      0.00      0.00      0.00      0.00      4.40      0.00      0.00      0.00      0.00      0.00
12:53:13 PM      0.00      0.00      0.00      0.00      3.80      0.00      0.00      0.00      0.00      0.00
12:53:18 PM      0.00     44.80      0.00      0.00      7.40      0.00      0.00      0.00      0.00      0.00
12:53:23 PM      0.00    124.00      0.00      0.00      4.00      0.00      0.00      0.00      0.00      0.00
12:53:28 PM      0.00      6.40      0.00      0.00      3.80      0.00      0.00      0.00      0.00      0.00
12:53:33 PM      0.00      0.00      0.00      0.00      0.60      0.00      0.00      0.00      0.00      0.00
12:53:38 PM      0.00      0.00      0.00      0.00      3.80      0.00      0.00      0.00      0.00      0.00
12:53:43 PM      0.00      0.00      0.00      0.00      4.00      0.00      0.00      0.00      0.00      0.00
12:53:48 PM      0.00      0.00      0.00      0.00      4.00      0.00      0.00      0.00      0.00      0.00
12:53:53 PM      0.00     44.80      0.00      0.00      4.20      0.00      0.00      0.00      0.00      0.00
12:53:58 PM      0.00    143.20    283.80      0.00    218.00      0.00      0.00      0.00      0.00      0.00
12:54:03 PM      0.00      4.00      0.00      0.00      0.60      0.00      0.00      0.00      0.00      0.00
12:54:08 PM      0.00      0.00      0.00      0.00      4.00      0.00      0.00      0.00      0.00      0.00
12:54:13 PM      0.00      0.00      0.00      0.00      3.80      0.00      0.00      0.00      0.00      0.00
12:54:18 PM      0.00      0.00      0.00      0.00      4.00      0.00      0.00      0.00      0.00      0.00
12:54:23 PM      0.00      0.00      0.00      0.00      4.00      0.00      0.00      0.00      0.00      0.00
12:54:28 PM      0.00     44.80      0.00      0.00      4.00      0.00      0.00      0.00      0.00      0.00
12:54:33 PM      0.00    124.00      0.00      0.00      0.40      0.00      0.00      0.00      0.00      0.00
12:54:38 PM      0.00      4.80      0.00      0.00      4.00      0.00      0.00      0.00      0.00      0.00
12:54:43 PM      0.00      0.00      0.00      0.00      3.80      0.00      0.00      0.00      0.00      0.00
12:54:48 PM      0.00      0.00      0.00      0.00      4.00      0.00      0.00      0.00      0.00      0.00
12:54:53 PM      0.00      0.00      0.00      0.00      4.00      0.00      0.00      0.00      0.00      0.00
12:54:58 PM      0.00      0.00      0.00      0.00      3.80      0.00      0.00      0.00      0.00      0.00
12:55:03 PM      0.00     44.80      0.00      0.00      0.60      0.00      0.00      0.00      0.00      0.00
12:55:08 PM      0.00    143.20      0.00      0.00      3.80      0.00      0.00      0.00      0.00      0.00
12:55:13 PM      0.00      4.00      0.00      0.00      4.20      0.00      0.00      0.00      0.00      0.00
12:55:18 PM      0.00      0.00      0.00      0.00      3.80      0.00      0.00      0.00      0.00      0.00
12:55:23 PM      0.00      0.00      0.00      0.00      4.20      0.00      0.00      0.00      0.00      0.00
12:55:28 PM      0.00      0.00      0.00      0.00      3.80      0.00      0.00      0.00      0.00      0.00
12:55:33 PM      0.00      0.00      0.00      0.00      1.40      0.00      0.00      0.00      0.00      0.00
12:55:38 PM      0.00     44.80      0.00      0.00      3.80      0.00      0.00      0.00      0.00      0.00
12:55:43 PM      3.20    168.80      0.00      0.00      3.80      0.00      0.00      0.00      0.00      0.00
12:55:48 PM      0.00      4.80      0.00      0.00      4.00      0.00      0.00      0.00      0.00      0.00
12:55:53 PM      0.00      0.00      0.00      0.00      4.00      0.00      0.00      0.00      0.00      0.00
12:55:58 PM      0.00      0.00      0.00      0.00      4.00      0.00      0.00      0.00      0.00      0.00
12:56:03 PM      0.00      0.00      0.00      0.00      0.40      0.00      0.00      0.00      0.00      0.00
12:56:08 PM      0.00      0.00      0.00      0.00      4.00      0.00      0.00      0.00      0.00      0.00
12:56:13 PM      0.00     44.80      0.00      0.00      4.00      0.00      0.00      0.00      0.00      0.00
12:56:18 PM      0.00    149.60      0.00      0.00      3.80      0.00      0.00      0.00      0.00      0.00
12:56:23 PM      0.00      4.80      0.00      0.00      4.20      0.00      0.00      0.00      0.00      0.00
12:56:28 PM      0.00      0.00      0.00      0.00      3.80      0.00      0.00      0.00      0.00      0.00
12:56:33 PM      0.00      0.00      0.00      0.00      0.60      0.00      0.00      0.00      0.00      0.00
12:56:38 PM      0.00      0.00      0.00      0.00      3.80      0.00      0.00      0.00      0.00      0.00
12:56:43 PM      0.00      0.00      0.00      0.00      4.40      0.00      0.00      0.00      0.00      0.00
12:56:48 PM      0.00     44.80      0.00      0.00      4.40      0.00      0.00      0.00      0.00      0.00
12:56:53 PM      0.00    130.40      0.00      0.00      4.60      0.00      0.00      0.00      0.00      0.00
12:56:58 PM      0.00      4.00      5.40      0.00      4.00      0.00      0.00      0.00      0.00      0.00
12:57:03 PM      0.00      0.00      0.20      0.00      1.00      0.00      0.00      0.00      0.00      0.00
12:57:08 PM      0.00     36.00      5.40      0.00      6.00      0.00      0.00      0.00      0.00      0.00
12:57:13 PM      0.00      0.00      0.00      0.00      4.00      0.00      0.00      0.00      0.00      0.00
12:57:18 PM      0.00      0.00      0.00      0.00      4.20      0.00      0.00      0.00      0.00      0.00
12:57:23 PM      0.00     76.80      0.00      0.00      4.20      0.00      0.00      0.00      0.00      0.00
12:57:28 PM      0.00    190.40      0.00      0.00      4.40      0.00      0.00      0.00      0.00      0.00
12:57:33 PM      0.00      5.60      0.00      0.00      0.60      0.00      0.00      0.00      0.00      0.00
12:57:38 PM      0.00      0.00      0.00      0.00      4.00      0.00      0.00      0.00      0.00      0.00
12:57:43 PM      0.00      0.00      0.00      0.00      4.60      0.00      0.00      0.00      0.00      0.00
12:57:48 PM      0.00      0.00      0.00      0.00      3.80      0.00      0.00      0.00      0.00      0.00
12:57:53 PM      0.00      0.00      0.00      0.00      4.20      0.00      0.00      0.00      0.00      0.00
12:57:58 PM      0.00     64.00      0.00      0.00      3.80      0.00      0.00      0.00      0.00      0.00
12:58:03 PM      3.20    168.80      0.00      0.00      0.60      0.00      0.00      0.00      0.00      0.00
12:58:08 PM      0.00      4.80      0.00      0.00      3.80      0.00      0.00      0.00      0.00      0.00
12:58:13 PM      0.00      0.00      0.00      0.00      4.20      0.00      0.00      0.00      0.00      0.00
12:58:18 PM      0.00      0.00      0.00      0.00      7.20      0.00      0.00      0.00      0.00      0.00
12:58:23 PM      0.00      0.00      0.00      0.00      4.20      0.00      0.00      0.00      0.00      0.00
12:58:28 PM      0.00      0.00      0.00      0.00      3.80      0.00      0.00      0.00      0.00      0.00
12:58:33 PM      0.00     44.80      0.00      0.00      0.40      0.00      0.00      0.00      0.00      0.00
12:58:38 PM      0.00    156.00      0.00      0.00      4.00      0.00      0.00      0.00      0.00      0.00
12:58:43 PM      0.00      4.00      0.00      0.00      3.80      0.00      0.00      0.00      0.00      0.00
12:58:48 PM      0.00      0.00      0.00      0.00      4.00      0.00      0.00      0.00      0.00      0.00
12:58:53 PM      0.00      0.00      0.00      0.00      4.00      0.00      0.00      0.00      0.00      0.00
12:58:58 PM      0.00      0.00    284.00      0.00    215.20      0.00      0.00      0.00      0.00      0.00
12:59:03 PM      0.00      0.00      0.00      0.00      0.40      0.00      0.00      0.00      0.00      0.00
12:59:08 PM      0.00     44.80      0.00      0.00      3.80      0.00      0.00      0.00      0.00      0.00
12:59:13 PM      0.00    130.40      0.00      0.00      4.00      0.00      0.00      0.00      0.00      0.00
12:59:18 PM      0.00      4.80      0.00      0.00      4.00      0.00      0.00      0.00      0.00      0.00
12:59:23 PM      0.00      0.00      0.00      0.00      4.20      0.00      0.00      0.00      0.00      0.00
12:59:28 PM      0.00      0.00      0.00      0.00      3.80      0.00      0.00      0.00      0.00      0.00
12:59:33 PM      0.00      0.00      0.00      0.00      0.60      0.00      0.00      0.00      0.00      0.00
12:59:38 PM      0.00      0.00      0.00      0.00      3.80      0.00      0.00      0.00      0.00      0.00
12:59:43 PM      0.00     44.80      0.00      0.00      4.00      0.00      0.00      0.00      0.00      0.00
12:59:48 PM      0.00    149.60      0.00      0.00      3.80      0.00      0.00      0.00      0.00      0.00
12:59:53 PM      0.00      4.00      0.00      0.00      4.00      0.00      0.00      0.00      0.00      0.00
12:59:58 PM      0.00      0.00      0.00      0.00      4.00      0.00      0.00      0.00      0.00      0.00
01:00:03 PM      0.00      0.00      0.00      0.00      0.40      0.00      0.00      0.00      0.00      0.00
01:00:08 PM      0.00      0.00      0.00      0.00      4.00      0.00      0.00      0.00      0.00      0.00
01:00:13 PM      0.00      0.00      0.00      0.00      3.80      0.00      0.00      0.00      0.00      0.00
01:00:18 PM      0.00     44.80      0.40      0.00      4.20      0.00      0.00      0.00      0.00      0.00
01:00:23 PM      0.00    130.40      0.00      0.00      4.00      0.00      0.00      0.00      0.00      0.00
01:00:28 PM      0.00      4.00      0.00      0.00      4.00      0.00      0.00      0.00      0.00      0.00
01:00:33 PM      0.00      0.00      0.00      0.00      0.40      0.00      0.00      0.00      0.00      0.00
01:00:38 PM      0.00      0.00      0.00      0.00      3.80      0.00      0.00      0.00      0.00      0.00
01:00:43 PM      0.00      0.00      0.00      0.00      4.00      0.00      0.00      0.00      0.00      0.00
01:00:48 PM      0.00      0.00      0.00      0.00      3.80      0.00      0.00      0.00      0.00      0.00
01:00:53 PM      0.00     44.80      0.00      0.00      4.20      0.00      0.00      0.00      0.00      0.00
01:00:58 PM      0.00    149.60      0.00      0.00      3.80      0.00      0.00      0.00      0.00      0.00
01:01:03 PM      0.00      7.20      0.00      0.00      0.60      0.00      0.00      0.00      0.00      0.00
01:01:08 PM      0.00      0.00      0.00      0.00      3.80      0.00      0.00      0.00      0.00      0.00
01:01:13 PM      0.00      0.00      0.00      0.00      4.00      0.00      0.00      0.00      0.00      0.00
01:01:18 PM      0.00      0.00      0.00      0.00      4.00      0.00      0.00      0.00      0.00      0.00
01:01:23 PM      0.00      0.00      0.00      0.00      4.00      0.00      0.00      0.00      0.00      0.00
01:01:28 PM      0.00     44.80      0.00      0.00      4.00      0.00      0.00      0.00      0.00      0.00
01:01:33 PM      0.00    130.40      0.00      0.00      0.40      0.00      0.00      0.00      0.00      0.00
01:01:38 PM      0.00      4.00      0.00      0.00      4.00      0.00      0.00      0.00      0.00      0.00
01:01:43 PM      0.00      0.00      0.00      0.00      4.20      0.00      0.00      0.00      0.00      0.00
01:01:48 PM      0.00      0.00      0.00      0.00      4.60      0.00      0.00      0.00      0.00      0.00
01:01:53 PM      0.00      0.00      0.00      0.00      4.20      0.00      0.00      0.00      0.00      0.00
01:01:58 PM      0.00      0.00      5.40      0.00      4.60      0.00      0.00      0.00      0.00      0.00
01:02:03 PM      0.00     76.80      0.00      0.00      0.80      0.00      0.00      0.00      0.00      0.00
01:02:08 PM      3.20    250.40      0.20      0.00      5.80      0.00      0.00      0.00      0.00      0.00
01:02:13 PM      0.00      4.80      0.00      0.00      4.00      0.00      0.00      0.00      0.00      0.00
01:02:18 PM      0.00     14.40      5.40      0.00      4.00      0.00      0.00      0.00      0.00      0.00
01:02:23 PM      0.00      0.00      0.00      0.00      4.40      0.00      0.00      0.00      0.00      0.00
01:02:28 PM      0.00     20.80      0.00      0.00      4.40      0.00      0.00      0.00      0.00      0.00
01:02:33 PM      0.00     76.80      0.00      0.00      0.60      0.00      0.00      0.00      0.00      0.00
01:02:38 PM      3.20    188.00      0.00      0.00      3.80      0.00      0.00      0.00      0.00      0.00
01:02:43 PM      0.00      0.00      0.00      0.00      4.00      0.00      0.00      0.00      0.00      0.00
01:02:48 PM      0.00      4.00      0.00      0.00      4.00      0.00      0.00      0.00      0.00      0.00
01:02:53 PM      0.00      0.00      0.00      0.00      3.80      0.00      0.00      0.00      0.00      0.00
01:02:58 PM      0.00      0.00      0.00      0.00      4.20      0.00      0.00      0.00      0.00      0.00
01:03:03 PM      0.00      0.00      0.00      0.00      0.40      0.00      0.00      0.00      0.00      0.00
01:03:08 PM      0.00     44.80      0.00      0.00      4.00      0.00      0.00      0.00      0.00      0.00
01:03:13 PM      0.00      0.00      0.00      0.00      3.80      0.00      0.00      0.00      0.00      0.00
01:03:18 PM      3.20    181.60      0.00      0.00      7.40      0.00      0.00      0.00      0.00      0.00
01:03:23 PM      0.00      4.80      0.00      0.00      4.00      0.00      0.00      0.00      0.00      0.00
01:03:28 PM      0.00      0.00      0.00      0.00      4.00      0.00      0.00      0.00      0.00      0.00
01:03:33 PM      0.00      0.00      0.00      0.00      1.40      0.00      0.00      0.00      0.00      0.00
01:03:38 PM      0.00      0.00      0.00      0.00      3.80      0.00      0.00      0.00      0.00      0.00
01:03:43 PM      0.00      0.00      0.00      0.00      4.00      0.00      0.00      0.00      0.00      0.00
01:03:48 PM      0.00     44.80      0.00      0.00      3.80      0.00      0.00      0.00      0.00      0.00
01:03:53 PM      0.00    130.40      0.00      0.00      4.00      0.00      0.00      0.00      0.00      0.00
01:03:58 PM      0.00      4.00      0.00      0.00      4.00      0.00      0.00      0.00      0.00      0.00
01:04:03 PM      0.00      0.00    282.80      0.00    209.20      0.00      0.00      0.00      0.00      0.00
01:04:08 PM      0.00      0.00      0.00      0.00      3.80      0.00      0.00      0.00      0.00      0.00
01:04:13 PM      0.00      0.00      0.00      0.00      4.60      0.00      0.00      0.00      0.00      0.00
01:04:18 PM      0.00      0.00      0.00      0.00      4.00      0.00      0.00      0.00      0.00      0.00
01:04:23 PM      0.00     44.80      0.00      0.00      4.00      0.00      0.00      0.00      0.00      0.00
01:04:28 PM      0.00    149.60      0.00      0.00      4.20      0.00      0.00      0.00      0.00      0.00
01:04:33 PM      0.00      5.59      0.00      0.00      0.40      0.00      0.00      0.00      0.00      0.00
01:04:38 PM      0.00      0.00      0.00      0.00      4.00      0.00      0.00      0.00      0.00      0.00
01:04:43 PM      0.00      0.00      0.00      0.00      3.80      0.00      0.00      0.00      0.00      0.00
01:04:48 PM      0.00      0.00      0.00      0.00      4.00      0.00      0.00      0.00      0.00      0.00
01:04:53 PM      0.00      0.00      0.00      0.00      3.80      0.00      0.00      0.00      0.00      0.00
01:04:58 PM      0.00     44.80      0.00      0.00      4.00      0.00      0.00      0.00      0.00      0.00
01:05:03 PM      0.00    156.00      0.00      0.00      0.60      0.00      0.00      0.00      0.00      0.00
01:05:08 PM      0.00      4.00      0.00      0.00      3.80      0.00      0.00      0.00      0.00      0.00
01:05:13 PM      0.00      0.00      0.00      0.00      4.00      0.00      0.00      0.00      0.00      0.00
01:05:18 PM      0.00      0.00      0.00      0.00      3.80      0.00      0.00      0.00      0.00      0.00
01:05:23 PM      0.00      0.00      0.00      0.00      4.20      0.00      0.00      0.00      0.00      0.00
01:05:28 PM      0.00      0.00    544.00      0.00      4.00      0.00      0.00      0.00      0.00      0.00
01:05:33 PM      0.00     44.80      0.00      0.00      0.40      0.00      0.00      0.00      0.00      0.00
01:05:38 PM      0.00    156.00      0.00      0.00      4.00      0.00      0.00      0.00      0.00      0.00
01:05:43 PM      0.00      4.80      0.00      0.00      3.80      0.00      0.00      0.00      0.00      0.00
01:05:48 PM      0.00      0.00      0.00      0.00      4.00      0.00      0.00      0.00      0.00      0.00
01:05:53 PM      0.00      0.00      0.00      0.00      3.80      0.00      0.00      0.00      0.00      0.00
01:05:58 PM      0.00      0.00    399.60      0.00      4.20      0.00      0.00      0.00      0.00      0.00
01:06:03 PM      0.00      0.00      0.00      0.00      0.40      0.00      0.00      0.00      0.00      0.00
01:06:08 PM      0.00     44.80      0.00      0.00      4.00      0.00      0.00      0.00      0.00      0.00
01:06:13 PM      0.00    130.40      0.00      0.00      3.80      0.00      0.00      0.00      0.00      0.00
01:06:18 PM      0.00      4.80      0.00      0.00      3.80      0.00      0.00      0.00      0.00      0.00
01:06:23 PM      0.00      0.00      0.00      0.00      4.00      0.00      0.00      0.00      0.00      0.00
01:06:28 PM    116.80 182329.60  50776.40      6.00  53349.80 266076.20   1794.40  53255.20      0.00      0.00
01:06:33 PM     44.00  22118.40      0.80      0.40   5705.00   5606.60      0.00   5704.40      0.00      0.00
01:06:38 PM      0.00      0.00      0.00      0.00      3.80      0.00      0.00      0.00      0.00      0.00
01:06:43 PM     92.80     44.80      1.00      0.40      4.40      0.00      0.00      0.00      0.00      0.00
01:06:48 PM     22.40    149.60      0.00      0.00      4.40      0.00      0.00      0.00      0.00      0.00
01:06:53 PM      0.00      4.00      0.00      0.00      4.40      0.00      0.00      0.00      0.00      0.00
01:06:58 PM    117.60      0.00      7.40      1.60      6.20      0.00      0.00      0.00      0.00      0.00
01:07:03 PM      0.00      0.00      0.00      0.00      0.60      0.00      0.00      0.00      0.00      0.00
01:07:08 PM      0.00      0.00      0.00      0.00      4.40      0.00      0.00      0.00      0.00      0.00
01:07:13 PM      0.00      0.00      0.00      0.00      3.80      0.00      0.00      0.00      0.00      0.00
01:07:18 PM      9.60    112.80      0.20      0.00      5.40      0.00      0.00      0.00      0.00      0.00
01:07:23 PM      3.20    175.20      0.20      0.00      3.80      0.00      0.00      0.00      0.00      0.00
01:07:28 PM 158746.40 147460.80  39686.60  39686.60  36975.00  36710.60    204.80  36911.80      0.00      0.00
01:07:33 PM      0.00      0.00      0.00      0.00      0.40      0.00      0.00      0.00      0.00      0.00
01:07:38 PM      0.00      0.00      0.00      0.00      4.00      0.00      0.00      0.00      0.00      0.00
01:07:43 PM      0.00      0.00      0.00      0.00      3.80      0.00      0.00      0.00      0.00      0.00
01:07:48 PM      0.00      0.00      0.00      0.00      3.80      0.00      0.00      0.00      0.00      0.00
01:07:53 PM      0.00     44.80      0.00      0.00      4.00      0.00      0.00      0.00      0.00      0.00
01:07:58 PM 161379.20 140055.20  40186.60  40218.40  39403.00 255956.80   3131.60  38895.80      0.00      0.00
01:08:03 PM     31.20      0.00      2.20      0.40      0.60      0.00      0.00      0.00      0.00      0.00
01:08:08 PM   1235.20      0.00      3.60     38.20    416.00      0.00      0.00      0.00      0.00      0.00
01:08:13 PM      0.00      0.00      0.00      0.00      4.00      0.00      0.00      0.00      0.00      0.00
01:08:18 PM   4425.60  20317.60     23.20     63.00   5701.40   5081.60      0.00   5077.80      0.00      0.00
01:08:23 PM    216.00      0.00     21.40      4.60      3.80      0.00      0.00      0.00      0.00      0.00
01:08:28 PM 183508.00 166572.80  45816.00  45850.80  42288.80  43212.80     26.20  41740.20      0.00      0.00
01:08:33 PM      0.00      0.00      0.00      0.00      0.40      0.00      0.00      0.00      0.00      0.00
01:08:38 PM    200.80  16644.00      0.40     50.20   4668.40   5491.20      0.00   4151.40      0.00      0.00
01:08:43 PM      0.00      0.00      0.00      0.00      3.80      0.00      0.00      0.00      0.00      0.00
01:08:48 PM     93.60    143.20      0.00     23.40    209.20      0.00      0.00      0.00      0.00      0.00
01:08:53 PM    109.60      0.00      0.80      0.20      3.80      0.00      0.00      0.00      0.00      0.00
01:08:58 PM     89.60      0.00      0.00     22.40    209.40      0.00      0.00      0.00      0.00      0.00
01:09:03 PM   1703.20      0.00    311.60     21.20    159.80      0.00      0.00      0.00      0.00      0.00
01:09:08 PM    116.80      0.00      0.40     24.40    209.00      0.00      0.00      0.00      0.00      0.00
01:09:13 PM      0.00      4.00      0.00      0.00      4.00      0.00      0.00      0.00      0.00      0.00
01:09:18 PM      0.00      0.00      0.00      0.00      3.80      0.00      0.00      0.00      0.00      0.00
01:09:23 PM     92.80      0.00      0.00     23.20    209.20      0.00      0.00      0.00      0.00      0.00
01:09:28 PM 152260.80 138576.80  38156.40  38156.80  35081.20  60746.60  19223.40  34958.00      0.00      0.00
01:09:33 PM     12.00      0.00      1.40      0.20      0.80      0.00      0.00      0.00      0.00      0.00
01:09:38 PM      0.00      0.00      0.00      0.00      3.80      0.00      0.00      0.00      0.00      0.00
01:09:43 PM      3.20    168.80      0.00      0.00      4.80      0.00      0.00      0.00      0.00      0.00
01:09:48 PM      0.00      4.00      0.00      0.00      3.80      0.00      0.00      0.00      0.00      0.00
01:09:53 PM      0.00      0.00      0.00      0.00      3.80      0.00      0.00      0.00      0.00      0.00
01:09:58 PM 142033.60 154178.40  35615.80  35615.40  38690.40  40460.80    141.00  38605.20      0.00      0.00
01:10:03 PM     40.80      0.00      0.20     10.20    103.00      0.00      0.00      0.00      0.00      0.00
01:10:08 PM      0.00      0.00      0.00      0.00      4.00      0.00      0.00      0.00      0.00      0.00
01:10:13 PM    270.40     44.80      1.40     67.60    722.00      0.00      0.00      0.00      0.00      0.00
01:10:18 PM      0.00    149.60      0.00      0.00      4.00      0.00      0.00      0.00      0.00      0.00
01:10:23 PM    212.80      4.00      6.00     56.00    574.40      0.00      0.00      0.00      0.00      0.00
01:10:28 PM 183069.60 170626.40  45863.40  45863.40  45257.80 114066.00     82.80  44211.40      0.00      0.00
01:10:33 PM    778.40      0.00      0.80     32.00    309.20      0.00      0.00      0.00      0.00      0.00
01:10:38 PM      0.00      0.00      0.00      0.00      3.80      0.00      0.00      0.00      0.00      0.00
01:10:43 PM     44.00      0.00      0.00     11.00    106.60      0.00      0.00      0.00      0.00      0.00
01:10:48 PM      0.00     44.80      0.00      0.00      3.80      0.00      0.00      0.00      0.00      0.00
01:10:53 PM     19.20    143.20      2.00      0.00    413.60      0.00      0.00      0.00      0.00      0.00
01:10:58 PM    174.40      4.80     13.60     10.40      4.80      0.00      0.00      0.00      0.00      0.00
01:11:03 PM      0.00      0.00      0.00      0.00      0.60      0.00      0.00      0.00      0.00      0.00
01:11:08 PM      0.00      0.00      0.00      0.00      3.80      0.00      0.00      0.00      0.00      0.00
01:11:13 PM      0.00      0.00      0.00      0.00      4.00      0.00      0.00      0.00      0.00      0.00
01:11:18 PM      0.00      0.00      0.00      0.00      3.80      0.00      0.00      0.00      0.00      0.00
01:11:23 PM      0.00     44.80      0.00      0.00      3.80      0.00      0.00      0.00      0.00      0.00
01:11:28 PM 141907.20 143991.20  35490.80  35490.80  36060.80  36766.20      0.00  35977.00      0.00      0.00
01:11:33 PM    214.40      0.00      1.20     53.20    513.60      0.00      0.00      0.00      0.00      0.00
01:11:38 PM      0.00      0.00      0.00      0.00      4.00      0.00      0.00      0.00      0.00      0.00
01:11:43 PM   3192.80      0.00     26.20     65.80    518.00      0.00      0.00      0.00      0.00      0.00
01:11:48 PM      4.00      0.00      1.60      1.00      4.60      0.00      0.00      0.00      0.00      0.00
01:11:53 PM    168.00      0.00      3.40     39.40    416.20      0.00      0.00      0.00      0.00      0.00
01:11:58 PM 152316.00 145691.20  37330.20  37307.60  36894.60 200925.80  17429.20  36804.40      0.00      0.00
01:12:03 PM      0.80     19.20      8.40      0.00      1.00      0.00      0.00      0.00      0.00      0.00
01:12:08 PM     56.00      0.00      2.00      1.40      4.00      0.00      0.00      0.00      0.00      0.00
01:12:13 PM      0.00      0.00      0.00      0.00      4.20      0.00      0.00      0.00      0.00      0.00
01:12:18 PM      7.20     48.80      2.60      1.80      5.00      0.00      0.00      0.00      0.00      0.00
01:12:23 PM    396.00      0.00    117.60    104.80      8.40      0.00      0.00      0.00      0.00      0.00
01:12:28 PM 118508.80 124949.60  29635.00  29634.60  31312.80  31697.40      0.00  31233.00      0.00      0.00
01:12:33 PM      2.40    156.00      0.00      0.00      0.80      0.00      0.00      0.00      0.00      0.00
01:12:38 PM      0.00      0.00      0.00      0.00      3.80      0.00      0.00      0.00      0.00      0.00
01:12:43 PM      0.80      0.00      0.20      0.20      3.80      0.00      0.00      0.00      0.00      0.00
01:12:48 PM      0.00      0.00      0.00      0.00      4.00      0.00      0.00      0.00      0.00      0.00
01:12:53 PM      0.00      0.00      0.00      0.00      3.80      0.00      0.00      0.00      0.00      0.00
01:12:58 PM      8.00      0.00      2.00      2.00      4.20      0.00      0.00      0.00      0.00      0.00
01:13:03 PM      0.00      4.00      0.00      0.00      0.40      0.00      0.00      0.00      0.00      0.00
01:13:08 PM      0.00      0.00      0.00      0.00      4.00      0.00      0.00      0.00      0.00      0.00
01:13:13 PM      0.00      0.00      0.00      0.00      3.80      0.00      0.00      0.00      0.00      0.00
01:13:18 PM    125.60      0.00      2.20      0.80      7.40      0.00      0.00      0.00      0.00      0.00
01:13:23 PM      0.00      0.00      0.00      0.00      3.80      0.00      0.00      0.00      0.00      0.00
01:13:28 PM 152344.00 156660.00  38102.40  38102.20  39949.80  42079.80    496.20  39855.20      0.00      0.00
01:13:33 PM     16.00    149.60      1.40      1.20      1.40      0.00      0.00      0.00      0.00      0.00
01:13:38 PM    144.80      0.00      0.80     36.20    414.40      0.00      0.00      0.00      0.00      0.00
01:13:43 PM      0.00      0.00      0.00      0.00      4.00      0.00      0.00      0.00      0.00      0.00
01:13:48 PM    180.00      0.00      1.40     45.00    516.80      0.00      0.00      0.00      0.00      0.00
01:13:53 PM      0.00      0.00      0.00      0.00      4.00      0.00      0.00      0.00      0.00      0.00
01:13:58 PM 139616.00 136993.60  34874.20  34893.20  35307.20  36238.20     12.80  34952.60      0.00      0.00
01:14:03 PM    495.20      0.00    287.80      4.80    225.80      0.00      0.00      0.00      0.00      0.00
01:14:08 PM    278.40   8192.00      0.00     69.60   2770.00      0.00      0.00      0.00      0.00      0.00
01:14:13 PM      0.00   8601.60      0.00      0.00   2154.20      0.00      0.00      0.00      0.00      0.00
01:14:18 PM    196.80   4915.20      0.40     48.00   1745.80      0.00      0.00      0.00      0.00      0.00
01:14:23 PM   3181.60   2457.60    153.60    139.00    741.80      0.00      0.00      0.00      0.00      0.00
01:14:28 PM 118389.60 102560.00  29604.80  29624.20  26122.20  25586.00      0.00  25582.20      0.00      0.00
01:14:33 PM      0.80    824.80      0.40      0.20    288.20      0.00      0.00      0.00      0.00      0.00
01:14:38 PM    193.21      0.00      0.00     48.30    516.37      0.00      0.00      0.00      0.00      0.00
01:14:43 PM      0.00      0.00      0.00      0.00      3.80      0.00      0.00      0.00      0.00      0.00
01:14:48 PM     84.80      0.00      0.00     21.20    209.00      0.00      0.00      0.00      0.00      0.00
01:14:53 PM      0.00      0.00      0.00      0.00      4.00      0.00      0.00      0.00      0.00      0.00
01:14:58 PM 101408.80  94307.20  25355.00  25352.20  26262.20 148990.80    148.00  25237.20      0.00      0.00
01:15:03 PM    735.20    130.40      0.60      0.40      1.40      0.00      0.00      0.00      0.00      0.00
01:15:08 PM      0.00      4.00      0.00      0.00      3.80      0.00      0.00      0.00      0.00      0.00
01:15:13 PM      0.00      0.00      0.00      0.00      4.00      0.00      0.00      0.00      0.00      0.00
01:15:18 PM   1853.60      0.00      2.20      0.80      3.80      0.00      0.00      0.00      0.00      0.00
01:15:23 PM      0.00      0.00      0.00      0.00      4.00      0.00      0.00      0.00      0.00      0.00
01:15:28 PM 103773.60 102154.40  25964.80  25992.40  26124.40  36891.40      0.00  25740.20      0.00      0.00
01:15:33 PM     12.80      0.00      0.60      0.40      0.40      0.00      0.00      0.00      0.00      0.00
01:15:38 PM    161.60    558.40      1.00     37.20    602.40      0.00      0.00     85.20      0.00      0.00
01:15:43 PM      0.00      0.00      0.00      0.00      3.80      0.00      0.00      0.00      0.00      0.00
01:15:48 PM     71.20    969.60      0.80     17.80    463.80      0.00      0.00    254.60      0.00      0.00
01:15:53 PM      0.00      0.00      0.00      0.00      3.80      0.00      0.00      0.00      0.00      0.00
01:15:58 PM  17712.00      0.00   4429.40   4429.20     19.40      0.00      0.00      0.00      0.00      0.00
01:16:03 PM      0.00      0.00      0.00      0.00      0.40      0.00      0.00      0.00      0.00      0.00
01:16:08 PM      0.00    136.80      0.00      0.00      4.00      0.00      0.00      0.00      0.00      0.00
01:16:13 PM      0.00      4.80      0.00      0.00      3.80      0.00      0.00      0.00      0.00      0.00
01:16:18 PM      0.00      0.00      0.00      0.00      3.80      0.00      0.00      0.00      0.00      0.00
01:16:23 PM    678.40   7551.20     53.40     42.20   1911.60   3058.40      0.00   1907.40      0.00      0.00
01:16:28 PM  90672.00  83795.20  22718.40  22716.80  22254.80  41180.60   2021.80  21671.80      0.00      0.00
01:16:33 PM   1012.80      0.00      1.40      1.40      0.60      0.00      0.00      0.00      0.00      0.00
01:16:38 PM      0.00      0.00      0.00      0.00      3.80      0.00      0.00      0.00      0.00      0.00
01:16:43 PM   2498.40  23165.60     35.60     24.80   5754.00  40805.60     17.20   5740.80      0.00      0.00
01:16:48 PM      6.40      4.00      2.20      1.60      5.20      0.00      0.00      0.00      0.00      0.00
01:16:53 PM    484.00      0.00      3.80      3.00      5.80      0.00      0.00      0.00      0.00      0.00
01:16:58 PM  78359.20  73423.20  19161.60  19141.80  18631.00  37773.00    347.80  18494.60      0.00      0.00
01:17:03 PM      9.60      0.00      8.40      0.40      1.00      0.00      0.00      0.00      0.00      0.00
01:17:08 PM      9.60      0.00      2.40      2.40      5.00      0.00      0.00      0.00      0.00      0.00
01:17:13 PM      0.00      0.00      0.00      0.00      3.80      0.00      0.00      0.00      0.00      0.00
01:17:18 PM     14.40    226.40      0.40      0.40      6.00      0.00      0.00      0.00      0.00      0.00
01:17:23 PM      0.00      0.00      0.00      0.00     55.00      0.00      0.00      0.00      0.00      0.00
01:17:28 PM  95458.40  92380.00  23646.20  23643.20  23271.60  27178.00     25.60  23152.60      0.00      0.00
01:17:33 PM    193.60     25.60      1.40     48.40    981.80      0.00      0.00      0.00      0.00      0.00
01:17:38 PM      0.00      0.00      0.00      0.00      3.80      0.00      0.00      0.00      0.00      0.00
01:17:43 PM    197.60      0.00      1.60     49.40    820.80      0.00      0.00      0.00      0.00      0.00
01:17:48 PM      0.00    181.60      0.00      0.00      3.80      0.00      0.00      0.00      0.00      0.00
01:17:53 PM    136.80      0.00      2.80     34.20   1330.80      0.00      0.00      0.00      0.00      0.00
01:17:58 PM 130044.80 128016.80  32584.00  32583.80  33822.00  93049.60      9.00  33170.80      0.00      0.00
01:18:03 PM      1.60      0.00      0.40      0.40      0.60      0.00      0.00      0.00      0.00      0.00
01:18:08 PM      0.00      4.00      0.00      0.00      4.60      0.00      0.00      0.00      0.00      0.00
01:18:13 PM      0.00      0.00      0.00      0.00      4.00      0.00      0.00      0.00      0.00      0.00
01:18:18 PM   3383.20      0.00     33.60     26.60      9.40      0.00      0.00      0.00      0.00      0.00
01:18:23 PM    619.20      0.00    165.80    153.00     15.00      0.00      0.00      0.00      0.00      0.00
01:18:28 PM 155099.20 152438.40  38597.60  38590.60  39531.60 201876.60   2202.40  39347.40      0.00      0.00
01:18:33 PM   1264.00      0.00      3.20      1.40      2.20      0.00      0.00      0.00      0.00      0.00
01:18:38 PM     16.00    463.20      0.00      0.00      4.00      0.00      0.00      0.00      0.00      0.00
01:18:43 PM      0.00      4.00      0.00      0.00      4.00      0.00      0.00      0.00      0.00      0.00
01:18:48 PM      0.00      0.00      0.00      0.00      4.00      0.00      0.00      0.00      0.00      0.00
01:18:53 PM      0.00      0.00      0.00      0.00      3.80      0.00      0.00      0.00      0.00      0.00
01:18:58 PM   7328.80      0.00   1811.20   1811.00      8.20      0.00      0.00      0.00      0.00      0.00
01:19:03 PM   2612.00   8304.80    310.40     23.60   2463.60   2221.60      0.00   2119.60      0.00      0.00
01:19:08 PM      0.00      0.00      0.00      0.00      3.80      0.00      0.00      0.00      0.00      0.00
01:19:13 PM      6.40    200.80      0.00      0.00      4.00      0.00      0.00      0.00      0.00      0.00
01:19:18 PM      0.00      6.40      0.00      0.00      3.80      0.00      0.00      0.00      0.00      0.00
01:19:23 PM      0.00      0.00      0.00      0.00      4.00      0.00      0.00      0.00      0.00      0.00
01:19:28 PM  32348.80  43346.40   8097.40   8096.00  11033.60  33015.60    407.40  11006.60      0.00      0.00
01:19:33 PM     11.20      0.00      2.80      2.80      0.60      0.00      0.00      0.00      0.00      0.00
01:19:38 PM    136.00    337.60      0.80     34.00    498.60      0.00      0.00     84.40      0.00      0.00
01:19:43 PM      2.40     44.80      0.60      0.60      4.20      0.00      0.00      0.00      0.00      0.00
01:19:48 PM    216.80   1323.20      3.00     32.80    609.80      0.00      0.00    298.20      0.00      0.00
01:19:53 PM     12.00      4.00      3.00      3.00      3.80      0.00      0.00      0.00      0.00      0.00
01:19:58 PM  84874.40  74900.00  21226.20  21226.20  19913.80  24037.40    488.60  19723.40      0.00      0.00
01:20:03 PM    723.20      0.00      1.00      1.00      0.40      0.00      0.00      0.00      0.00      0.00
01:20:08 PM      0.00      0.00      0.00      0.00      4.00      0.00      0.00      0.00      0.00      0.00
01:20:13 PM      0.00      0.00      0.00      0.00      3.80      0.00      0.00      0.00      0.00      0.00
01:20:18 PM     10.40     44.80      2.80      2.60      4.00      0.00      0.00      0.00      0.00      0.00
01:20:23 PM   3005.60    149.60    184.40    165.80     41.00      0.00      0.00      0.00      0.00      0.00
01:20:28 PM  84805.60  82217.60  21237.40  21237.40  21242.60  24008.00    208.60  21143.40      0.00      0.00
01:20:33 PM   1832.80      0.00      1.40      0.80      0.40      0.00      0.00      0.00      0.00      0.00
01:20:38 PM    988.00      0.00      2.00      0.80      4.60      0.00      0.00      0.00      0.00      0.00
01:20:43 PM      0.00      0.00      0.00      0.00      4.00      0.00      0.00      0.00      0.00      0.00
01:20:48 PM   1019.20      0.00      3.40      1.20      4.20      0.00      0.00      0.00      0.00      0.00
01:20:53 PM      0.00     44.80      0.00      0.00      4.00      0.00      0.00      0.00      0.00      0.00
01:20:58 PM  63806.40  67373.60  15940.40  15939.00  17257.40  20414.00    488.80  17167.40      0.00      0.00
01:21:03 PM     32.00      0.00      4.60      1.40      3.20      0.00      0.00      0.00      0.00      0.00
01:21:08 PM     15.20      0.00      3.80      3.80      3.80      0.00      0.00      0.00      0.00      0.00
01:21:13 PM      0.80      0.00      0.20      0.20      3.80      0.00      0.00      0.00      0.00      0.00
01:21:18 PM      2.40      0.00      0.80      0.80      4.00      0.00      0.00      0.00      0.00      0.00
01:21:23 PM      0.00      0.00      0.00      0.00      3.80      0.00      0.00      0.00      0.00      0.00
01:21:28 PM  10656.00    181.60   2648.20   2647.80     19.60      0.00      0.00      0.00      0.00      0.00
01:21:33 PM    124.80    400.00      0.60     31.20    407.00      0.00      0.00     98.80      0.00      0.00
01:21:38 PM      2.40      0.00      0.60      0.60      4.00      0.00      0.00      0.00      0.00      0.00
01:21:43 PM   1465.60    387.20     42.20     75.40    618.20      0.00      0.00     96.80      0.00      0.00
01:21:48 PM     16.80      0.00      4.80      4.20      5.40      0.00      0.00      0.00      0.00      0.00
01:21:53 PM    599.20   1585.60      5.20     34.60    709.80      0.00      0.00    396.40      0.00      0.00
01:21:58 PM  28104.00  35754.40   6784.80   6769.00   8973.60   9819.80      0.00   8952.20      0.00      0.00
01:22:03 PM    155.20    277.60      1.20     38.00   1550.00      0.00      0.00      0.00      0.00      0.00
01:22:08 PM      4.80     68.00      1.20      1.20      9.60      0.00      0.00      0.00      0.00      0.00
01:22:13 PM    109.60      2.40      0.00     27.40    312.60      0.00      0.00      0.60      0.00      0.00
01:22:18 PM      0.00      0.00      0.00      0.00      4.80      0.00      0.00      0.00      0.00      0.00
01:22:23 PM    253.60      0.00     77.20     68.80      7.60      0.00      0.00      0.00      0.00      0.00
01:22:28 PM  90414.40  85685.60  22567.80  22567.20  22805.60  89135.20  13948.80  22664.40      0.00      0.00
01:22:33 PM    632.80    175.20     88.20     88.20      6.40      0.00      0.00      0.00      0.00      0.00
01:22:38 PM      6.40      0.00      1.60      1.60      3.80      0.00      0.00      0.00      0.00      0.00
01:22:43 PM      0.00      4.00      0.00      0.00      3.80      0.00      0.00      0.00      0.00      0.00
01:22:48 PM    283.20      0.00      0.40      0.40      4.20      0.00      0.00      0.00      0.00      0.00
01:22:53 PM      0.00      0.00      0.00      0.00      3.80      0.00      0.00      0.00      0.00      0.00
01:22:58 PM  32440.80  25595.20   8110.80   8107.20   7424.20 122784.80      0.00   7353.40      0.00      0.00
01:23:03 PM     16.80      0.00      1.40      0.60      0.40      0.00      0.00      0.00      0.00      0.00
01:23:08 PM      0.00      0.00      0.00      0.00      4.00      0.00      0.00      0.00      0.00      0.00
01:23:13 PM     12.80    175.20      0.00      0.00      3.80      0.00      0.00      0.00      0.00      0.00
01:23:18 PM   5809.60  20487.20     67.20     48.40   5171.40   5132.60      0.00   5126.00      0.00      0.00
01:23:23 PM      0.00      0.00      0.00      0.00      4.60      0.00      0.00      0.00      0.00      0.00
01:23:28 PM  47188.00  30989.60  11799.00  11798.80   7943.00  41245.40      0.00   7909.40      0.00      0.00
01:23:33 PM      3.20      0.00      1.20      0.80      1.60      0.00      0.00      0.00      0.00      0.00
01:23:38 PM    107.20      0.00      0.60     26.80    311.60      0.00      0.00      0.00      0.00      0.00
01:23:43 PM      0.00      0.00      0.00      0.00      4.00      0.00      0.00      0.00      0.00      0.00
01:23:48 PM    137.60    445.60      0.80     33.60    388.00      0.00      0.00     76.00      0.00      0.00
01:23:53 PM      0.00      0.00      0.00      0.00      4.20      0.00      0.00      0.00      0.00      0.00
01:23:58 PM  71309.60  70757.60  17830.00  17859.40  18247.40  46125.40     25.60  17913.00      0.00      0.00
01:24:03 PM   3678.40  15621.60    551.40    268.80   4231.20   5738.60      0.00   3954.00      0.00      0.00
01:24:08 PM      0.80      0.00      0.20      0.20      4.00      0.00      0.00      0.00      0.00      0.00
01:24:13 PM      0.00      0.00      0.00      0.00      3.79      0.00      0.00      0.00      0.00      0.00
01:24:18 PM      0.00    117.60      0.00      0.00      4.00      0.00      0.00      0.00      0.00      0.00
01:24:23 PM    960.00      0.00    176.40    162.60     27.00      0.00      0.00      0.00      0.00      0.00
01:24:28 PM  76955.20  61528.80  19240.00  19239.40  15642.40  39474.00    473.00  15633.20      0.00      0.00
01:24:33 PM  27818.40  42600.00   6961.20   6961.00  11010.60  16147.00    106.60  10807.20      0.00      0.00
01:24:38 PM      0.00      0.00      0.00      0.00      4.00      0.00      0.00      0.00      0.00      0.00
01:24:43 PM      4.00      0.00      1.00      1.00      3.80      0.00      0.00      0.00      0.00      0.00
01:24:48 PM      7.20      0.00      1.80      1.80      4.00      0.00      0.00      0.00      0.00      0.00
01:24:53 PM      0.00      0.00      0.00      0.00      4.20      0.00      0.00      0.00      0.00      0.00
01:24:58 PM  27868.00  17820.80   6947.40   6947.20   4546.40   6660.60      0.00   4514.40      0.00      0.00
01:25:03 PM     15.20    192.00      0.60      0.60      0.60      0.00      0.00      0.00      0.00      0.00
01:25:08 PM      0.00      0.00      0.00      0.00      3.80      0.00      0.00      0.00      0.00      0.00
01:25:13 PM      0.00      0.00      0.00      0.00      4.00      0.00      0.00      0.00      0.00      0.00
01:25:18 PM     23.20      0.00      6.00      5.80      4.20      0.00      0.00      0.00      0.00      0.00
01:25:23 PM      0.00      0.00      0.00      0.00      4.00      0.00      0.00      0.00      0.00      0.00
01:25:28 PM  48439.20  37136.80  12118.20  12117.40  11126.00  13726.40    258.40  11028.40      0.00      0.00
01:25:33 PM   9428.80  22475.20   2179.80   2179.80   5767.80   6424.00      0.00   5753.00      0.00      0.00
01:25:38 PM    111.20      4.00      0.60     25.40    311.80      0.00      0.00      0.00      0.00      0.00
01:25:43 PM      0.00      0.00      0.00      0.00      3.80      0.00      0.00      0.00      0.00      0.00
01:25:48 PM   1711.20      0.00      2.00     36.80    414.40      0.00      0.00      0.00      0.00      0.00
01:25:53 PM      0.80      0.00      0.20      0.20      4.00      0.00      0.00      0.00      0.00      0.00
01:25:58 PM  45341.60  31412.80  11283.20  11348.60   8692.60   8881.00     10.20   7967.40      0.00      0.00
01:26:03 PM   9968.80  21441.60   1882.20   1881.80   6208.00   7260.80      0.00   6131.60      0.00      0.00
01:26:08 PM     48.80    200.80      3.40      3.40      5.40      0.00      0.00      0.00      0.00      0.00
01:26:13 PM    839.20      4.00      4.80      3.00      4.80      0.00      0.00      0.00      0.00      0.00
01:26:18 PM      0.00      0.00      0.60      0.00      3.80      0.00      0.00      0.00      0.00      0.00
01:26:23 PM   1268.00      0.00    207.60    189.20     11.20      0.00      0.00      0.00      0.00      0.00
01:26:28 PM  27067.20  20567.20   6772.40   6772.20   5160.00   6761.00      0.00   5154.60      0.00      0.00
01:26:33 PM  18402.40  21509.60   4620.40   4619.60   5911.40   7282.20     15.60   5497.40      0.00      0.00
01:26:38 PM      0.00     44.80      0.00      0.00      3.80      0.00      0.00      0.00      0.00      0.00
01:26:43 PM   2068.80    130.40     78.40     60.20     39.40      0.00      0.00      0.00      0.00      0.00
01:26:48 PM     13.60      7.20      2.60      2.60      4.40      0.00      0.00      0.00      0.00      0.00
01:26:53 PM    494.40      0.00      6.40      5.80      5.80      0.00      0.00      0.00      0.00      0.00
01:26:58 PM  13652.80  10547.20   2844.60   2826.40   3447.80  10676.00      0.00   3418.00      0.00      0.00
01:27:03 PM   6112.00  10008.80    830.60    813.00   2571.20   2544.60      0.00   2551.40      0.00      0.00
01:27:08 PM     11.20      0.00      2.80      2.80      4.40      0.00      0.00      0.00      0.00      0.00
01:27:13 PM      0.00     83.20      0.00      0.00      3.80      0.00      0.00      0.00      0.00      0.00
01:27:18 PM     37.60    188.00      5.20      5.20      4.40      0.00      0.00      0.00      0.00      0.00
01:27:23 PM      0.00      4.80      0.00      0.00      3.80      0.00      0.00      0.00      0.00      0.00
01:27:28 PM  10939.20   6303.20   2570.00   2562.40   1725.80   1750.20      0.00   1681.80      0.00      0.00
01:27:33 PM  14699.20  13731.20   3623.20   3676.40   4930.40   4884.60      0.00   4211.80      0.00      0.00
01:27:38 PM      4.80      0.00      1.20      1.20      3.80      0.00      0.00      0.00      0.00      0.00
01:27:43 PM    140.80      0.00      0.80     35.20    414.40      0.00      0.00      0.00      0.00      0.00
01:27:48 PM      6.40      0.00      3.20      1.60      3.80      0.00      0.00      0.00      0.00      0.00
01:27:53 PM    255.20    156.00      1.20     53.40    622.20      0.00      0.00      0.00      0.00      0.00
01:27:58 PM   3232.80    503.20    811.00    811.00    140.20    155.80      0.00    129.60      0.00      0.00
01:28:03 PM  48776.80  44506.40  12194.20  12209.80  12023.20  21309.60     12.80  11790.80      0.00      0.00
01:28:08 PM     14.40      4.00      3.60      3.60      3.80      0.00      0.00      0.00      0.00      0.00
01:28:13 PM     36.00      0.00      0.00      9.00    106.60      0.00      0.00      0.00      0.00      0.00
01:28:18 PM   4092.80  20504.00     80.20     56.80   5272.20   5233.60      0.00   5220.40      0.00      0.00
01:28:23 PM    665.60      0.00    188.80    175.40     17.20      0.00      0.00      0.00      0.00      0.00
01:28:28 PM      0.00      0.00      0.00      0.00      4.00      0.00      0.00      0.00      0.00      0.00
01:28:33 PM  69678.40  53079.20  16085.00  16078.20  15038.80  16517.40      0.00  14933.60      0.00      0.00
01:28:38 PM     64.80    136.80      6.80      5.80      4.60      0.00      0.00      0.00      0.00      0.00
01:28:43 PM     60.80      0.00      2.40      2.20      3.80      0.00      0.00      0.00      0.00      0.00
01:28:48 PM      2.40      0.00      0.60      0.60      4.00      0.00      0.00      0.00      0.00      0.00
01:28:53 PM     32.00      0.00      6.60      3.20      4.00      0.00      0.00      0.00      0.00      0.00
01:28:58 PM    975.20      0.00      2.80      2.40     40.80      0.00      0.00      0.00      0.00      0.00
01:29:03 PM   9877.60  17492.00   2404.80   2403.00   4686.00   6809.80      0.00   4672.80      0.00      0.00
01:29:08 PM   2512.00     43.20    344.20     38.80    143.40      0.00      0.00      0.00      0.00      0.00
01:29:13 PM      0.80      0.00      0.20      0.20      4.00      0.00      0.00      0.00      0.00      0.00
01:29:18 PM      3.20      0.00      1.00      0.80      3.80      0.00      0.00      0.00      0.00      0.00
01:29:23 PM      0.80      0.00      0.20      0.20      4.80      0.00      0.00      0.00      0.00      0.00
01:29:28 PM      0.00      0.00      0.20      0.00      3.80      0.00      0.00      0.00      0.00      0.00
01:29:33 PM  40240.00  33003.20  10006.80  10065.00   8944.00  13006.80      0.00   8311.60      0.00      0.00
01:29:38 PM      3.20    130.40      0.00      0.00      3.80      0.00      0.00      0.00      0.00      0.00
01:29:43 PM    173.60   1142.40      2.40     43.40    700.20      0.00      0.00    285.80      0.00      0.00
01:29:48 PM      1.60      0.00      0.20      0.20      3.80      0.00      0.00      0.00      0.00      0.00
01:29:53 PM      0.00      0.00      0.00      0.00      3.80      0.00      0.00      0.00      0.00      0.00
01:29:58 PM      0.00      0.00      0.00      0.00      5.00      0.00      0.00      0.00      0.00      0.00
01:30:03 PM  77213.60  62679.20  19327.80  19326.20  17895.60  49256.00     38.40  17806.00      0.00      0.00
01:30:08 PM    124.80   7898.40      7.20      6.20   1986.80   1985.40      0.00   1982.60      0.00      0.00
01:30:13 PM     15.20    111.20      3.00      3.00      5.40      0.00      0.00      0.00      0.00      0.00
01:30:18 PM      9.60      0.00      2.40      2.40      4.00      0.00      0.00      0.00      0.00      0.00
01:30:23 PM   3368.80      0.00    212.60    195.80     14.60      0.00      0.00      0.00      0.00      0.00
01:30:28 PM      0.00      0.00      0.00      0.00      3.80      0.00      0.00      0.00      0.00      0.00
01:30:33 PM  18662.40  29684.80   4647.00   4646.40   7717.00  11171.40      0.00   7699.80      0.00      0.00
01:30:38 PM     33.60      5.60      0.80      0.60      3.80      0.00      0.00      0.00      0.00      0.00
01:30:43 PM      3.20      0.00      0.80      0.80      4.00      0.00      0.00      0.00      0.00      0.00
01:30:48 PM      0.80      0.00      0.20      0.20      3.80      0.00      0.00      0.00      0.00      0.00
01:30:53 PM      0.00      0.00      0.00      0.00      4.00      0.00      0.00      0.00      0.00      0.00
01:30:58 PM      0.00      0.00      0.00      0.00      3.80      0.00      0.00      0.00      0.00      0.00
01:31:03 PM  11557.60      0.00   2883.00   2883.00     20.40      0.00      0.00      0.00      0.00      0.00
01:31:08 PM     15.20    143.20      0.60      0.60      3.80      0.00      0.00      0.00      0.00      0.00
01:31:13 PM    126.40      4.00      0.80      0.20      3.80      0.00      0.00      0.00      0.00      0.00
01:31:18 PM      0.80      0.00      0.20      0.20      4.00      0.00      0.00      0.00      0.00      0.00
01:31:23 PM      0.80      0.00      0.20      0.20      3.80      0.00      0.00      0.00      0.00      0.00
01:31:28 PM      0.80      0.00      0.20      0.20      4.00      0.00      0.00      0.00      0.00      0.00
01:31:33 PM  64358.40  62241.60  16094.60  16091.40  16529.00  19290.40    410.80  16443.00      0.00      0.00
01:31:38 PM    208.80    384.00      5.20     43.00    602.40      0.00      0.00     96.20      0.00      0.00
01:31:43 PM   7163.20  22992.80    282.60    255.40   6625.60   5922.20      0.00   5669.00      0.00      0.00
01:31:48 PM    250.40      0.00     10.00     59.20    920.60      0.00      0.00      0.00      0.00      0.00
01:31:53 PM    476.00      0.00      6.60      5.40      7.20      0.00      0.00      0.00      0.00      0.00
01:31:58 PM   2295.20      0.00     58.60     89.20    635.80      0.00      0.00      0.00      0.00      0.00
01:32:03 PM  62455.20  50928.80  15569.00  15567.40  12875.40  18960.80     21.00  12792.80      0.00      0.00
01:32:08 PM     32.80     14.40     15.60      9.60      5.80      0.00      0.00      0.00      0.00      0.00
01:32:13 PM      6.40    156.00      0.00      0.00      5.00      0.00      0.00      0.00      0.00      0.00
01:32:18 PM      2.40      4.00      0.60      0.60      5.00      0.00      0.00      0.00      0.00      0.00
01:32:23 PM    848.80      0.00    176.20    168.00     17.60      0.00      0.00      0.00      0.00      0.00
01:32:28 PM    621.60     20.80     25.40     17.80      7.00      0.00      0.00      0.00      0.00      0.00
01:32:33 PM  55602.40  56222.75  13929.34  13927.54  14986.03  61205.79    139.32  14948.50      0.00      0.00
01:32:38 PM     27.25      0.00      1.80      0.40      3.81      0.00      0.00      0.00      0.00      0.00
01:32:43 PM      0.00      0.00      0.00      0.00      3.80      0.00      0.00      0.00      0.00      0.00
01:32:48 PM      0.00    136.80      0.00      0.00      4.00      0.00      0.00      0.00      0.00      0.00
01:32:53 PM      0.00      0.00      0.00      0.00      3.80      0.00      0.00      0.00      0.00      0.00
01:32:58 PM      0.00      0.00      0.00      0.00      4.00      0.00      0.00      0.00      0.00      0.00
01:33:03 PM  19740.00  12808.80   4919.60   4919.20   3377.00   3633.20      0.00   3347.20      0.00      0.00
01:33:08 PM      3.99      4.79      1.00      1.00      3.99      0.00      0.00      0.00      0.00      0.00
01:33:13 PM      0.00      0.00      0.00      0.00      3.80      0.00      0.00      0.00      0.00      0.00
01:33:18 PM   4497.60   4101.60     38.40     23.80   1791.20   2176.40      0.00   1741.20      0.00      0.00
01:33:23 PM      0.00      0.00      0.00      0.00      4.00      0.00      0.00      0.00      0.00      0.00
01:33:28 PM      3.20    124.00      0.20      0.00      3.80      0.00      0.00      0.00      0.00      0.00
01:33:33 PM  19320.80  28692.80   4835.20   4835.20   8612.40  10228.40      0.00   8581.20      0.00      0.00
01:33:38 PM      7.20      0.00      0.20      0.20      3.80      0.00      0.00      0.00      0.00      0.00
01:33:43 PM     17.60      4.00      1.20      0.40      7.00      0.00      0.00      0.00      0.00      0.00
01:33:48 PM      0.00      0.00      0.00      0.00      3.80      0.00      0.00      0.00      0.00      0.00
01:33:53 PM      0.00      0.00      0.00      0.00      4.00      0.00      0.00      0.00      0.00      0.00
01:33:58 PM      0.00      0.00      0.00      0.00      3.80      0.00      0.00      0.00      0.00      0.00
01:34:03 PM  33367.20  19520.00   8386.20   8386.20   5252.60   6105.60      0.00   5189.60      0.00      0.00
01:34:08 PM   3081.60      0.00    351.00     47.40    181.20      0.00      0.00      0.00      0.00      0.00
01:34:13 PM    136.80    156.00     18.40     17.80      4.20      0.00      0.00      0.00      0.00      0.00
01:34:18 PM      2.40      7.20      0.60      0.60      4.00      0.00      0.00      0.00      0.00      0.00
01:34:23 PM   3135.20   5316.80    202.80    185.40   1756.80   1819.80      0.00   1725.40      0.00      0.00
01:34:28 PM      5.60      0.00      1.40      1.40      4.00      0.00      0.00      0.00      0.00      0.00
01:34:33 PM  24453.60  20179.20   6141.60   6141.40   5175.80   6420.20      0.00   5163.00      0.00      0.00
01:34:38 PM      0.00      0.00      0.00      0.00      4.00      0.00      0.00      0.00      0.00      0.00
01:34:43 PM     68.80     38.40      1.20      1.20      4.60      0.00      0.00      0.00      0.00      0.00
01:34:48 PM      0.00    104.80      0.00      0.00      3.80      0.00      0.00      0.00      0.00      0.00
Average:      5729.27   5845.49   1474.27   1397.09   1567.86   3687.42     89.40   1502.35      0.00      0.00
