Linux 7.0.11-arch1-1 (archlinux) 	06/05/2026 	_x86_64_	(4 CPU)

12:34:48 PM  %smem-10  %smem-60 %smem-300     %smem  %fmem-10  %fmem-60 %fmem-300     %fmem
12:34:53 PM      0.00      0.00      0.00      0.00      0.00      0.00      0.00      0.00
12:34:58 PM      0.00      0.00      0.00      0.00      0.00      0.00      0.00      0.00
12:35:03 PM      0.00      0.00      0.00      0.00      0.00      0.00      0.00      0.00
12:35:08 PM      0.00      0.00      0.00      0.00      0.00      0.00      0.00      0.00
12:35:13 PM      0.00      0.00      0.00      0.00      0.00      0.00      0.00      0.00
12:35:18 PM      0.00      0.00      0.00      0.00      0.00      0.00      0.00      0.00
12:35:23 PM      0.00      0.00      0.00      0.00      0.00      0.00      0.00      0.00
12:35:28 PM      0.00      0.00      0.00      0.00      0.00      0.00      0.00      0.00
12:35:33 PM      0.00      0.00      0.00      0.00      0.00      0.00      0.00      0.00
12:35:38 PM      0.00      0.00      0.00      0.00      0.00      0.00      0.00      0.00
12:35:43 PM      0.00      0.00      0.00      0.00      0.00      0.00      0.00      0.00
12:35:48 PM      0.00      0.00      0.00      0.00      0.00      0.00      0.00      0.00
12:35:53 PM      0.00      0.00      0.00      0.00      0.00      0.00      0.00      0.00
12:35:58 PM      0.00      0.00      0.00      0.00      0.00      0.00      0.00      0.00
12:36:03 PM      0.00      0.00      0.00      0.00      0.00      0.00      0.00      0.00
12:36:08 PM      0.00      0.00      0.00      0.00      0.00      0.00      0.00      0.00
12:36:13 PM      0.00      0.00      0.00      0.00      0.00      0.00      0.00      0.00
12:36:18 PM      0.00      0.00      0.00      0.00      0.00      0.00      0.00      0.00
12:36:23 PM      0.00      0.00      0.00      0.00      0.00      0.00      0.00      0.00
12:36:28 PM      0.00      0.00      0.00      0.00      0.00      0.00      0.00      0.00
12:36:33 PM      0.00      0.00      0.00      0.00      0.00      0.00      0.00      0.00
12:36:38 PM      0.00      0.00      0.00      0.00      0.00      0.00      0.00      0.00
12:36:43 PM      0.00      0.00      0.00      0.00      0.00      0.00      0.00      0.00
12:36:48 PM      0.00      0.00      0.00      0.00      0.00      0.00      0.00      0.00
12:36:53 PM      0.00      0.00      0.00      0.00      0.00      0.00      0.00      0.00
12:36:58 PM      0.00      0.00      0.00      0.00      0.00      0.00      0.00      0.00
12:37:03 PM      0.00      0.00      0.00      0.00      0.00      0.00      0.00      0.00
12:37:08 PM      0.00      0.00      0.00      0.00      0.00      0.00      0.00      0.00
12:37:13 PM      0.00      0.00      0.00      0.00      0.00      0.00      0.00      0.00
12:37:18 PM      0.00      0.00      0.00      0.00      0.00      0.00      0.00      0.00
12:37:23 PM      0.00      0.00      0.00      0.00      0.00      0.00      0.00      0.00
12:37:28 PM      0.00      0.00      0.00      0.00      0.00      0.00      0.00      0.00
12:37:33 PM      0.00      0.00      0.00      0.00      0.00      0.00      0.00      0.00
12:37:38 PM      0.00      0.00      0.00      0.00      0.00      0.00      0.00      0.00
12:37:43 PM      0.00      0.00      0.00      0.00      0.00      0.00      0.00      0.00
12:37:48 PM      0.00      0.00      0.00      0.00      0.00      0.00      0.00      0.00
12:37:53 PM      0.00      0.00      0.00      0.00      0.00      0.00      0.00      0.00
12:37:58 PM      0.00      0.00      0.00      0.00      0.00      0.00      0.00      0.00
12:38:03 PM      0.00      0.00      0.00      0.00      0.00      0.00      0.00      0.00
12:38:08 PM      0.00      0.00      0.00      0.00      0.00      0.00      0.00      0.00
12:38:13 PM      0.00      0.00      0.00      0.00      0.00      0.00      0.00      0.00
12:38:18 PM      0.00      0.00      0.00      0.00      0.00      0.00      0.00      0.00
12:38:23 PM      0.00      0.00      0.00      0.00      0.00      0.00      0.00      0.00
12:38:28 PM      0.00      0.00      0.00      0.00      0.00      0.00      0.00      0.00
12:38:33 PM      0.00      0.00      0.00      0.00      0.00      0.00      0.00      0.00
12:38:38 PM      0.00      0.00      0.00      0.00      0.00      0.00      0.00      0.00
12:38:43 PM      0.00      0.00      0.00      0.00      0.00      0.00      0.00      0.00
12:38:48 PM      0.00      0.00      0.00      0.00      0.00      0.00      0.00      0.00
12:38:53 PM      0.00      0.00      0.00      0.00      0.00      0.00      0.00      0.00
12:38:58 PM      0.00      0.00      0.00      0.00      0.00      0.00      0.00      0.00
12:39:03 PM      0.00      0.00      0.00      0.00      0.00      0.00      0.00      0.00
12:39:08 PM      0.00      0.00      0.00      0.00      0.00      0.00      0.00      0.00
12:39:13 PM      0.00      0.00      0.00      0.00      0.00      0.00      0.00      0.00
12:39:18 PM      0.00      0.00      0.00      0.00      0.00      0.00      0.00      0.00
12:39:23 PM      0.00      0.00      0.00      0.00      0.00      0.00      0.00      0.00
12:39:28 PM      0.00      0.00      0.00      0.00      0.00      0.00      0.00      0.00
12:39:33 PM      0.00      0.00      0.00      0.00      0.00      0.00      0.00      0.00
12:39:38 PM      0.00      0.00      0.00      0.00      0.00      0.00      0.00      0.00
12:39:43 PM      0.00      0.00      0.00      0.00      0.00      0.00      0.00      0.00
12:39:48 PM      0.00      0.00      0.00      0.00      0.00      0.00      0.00      0.00
12:39:53 PM      0.00      0.00      0.00      0.00      0.00      0.00      0.00      0.00
12:39:58 PM      0.00      0.00      0.00      0.00      0.00      0.00      0.00      0.00
12:40:03 PM      0.00      0.00      0.00      0.00      0.00      0.00      0.00      0.00
12:40:08 PM      0.00      0.00      0.00      0.00      0.00      0.00      0.00      0.00
12:40:13 PM      0.00      0.00      0.00      0.00      0.00      0.00      0.00      0.00
12:40:18 PM      0.00      0.00      0.00      0.00      0.00      0.00      0.00      0.00
12:40:23 PM      0.00      0.00      0.00      0.00      0.00      0.00      0.00      0.00
12:40:28 PM      0.00      0.00      0.00      0.00      0.00      0.00      0.00      0.00
12:40:33 PM      0.00      0.00      0.00      0.00      0.00      0.00      0.00      0.00
12:40:38 PM      0.00      0.00      0.00      0.00      0.00      0.00      0.00      0.00
12:40:43 PM      0.00      0.00      0.00      0.00      0.00      0.00      0.00      0.00
12:40:48 PM      0.00      0.00      0.00      0.00      0.00      0.00      0.00      0.00
12:40:53 PM      0.00      0.00      0.00      0.00      0.00      0.00      0.00      0.00
12:40:58 PM      0.00      0.00      0.00      0.00      0.00      0.00      0.00      0.00
12:41:03 PM      0.00      0.00      0.00      0.00      0.00      0.00      0.00      0.00
12:41:08 PM      0.00      0.00      0.00      0.00      0.00      0.00      0.00      0.00
12:41:13 PM      0.00      0.00      0.00      0.00      0.00      0.00      0.00      0.00
12:41:18 PM      0.00      0.00      0.00      0.00      0.00      0.00      0.00      0.00
12:41:23 PM      0.00      0.00      0.00      0.00      0.00      0.00      0.00      0.00
12:41:28 PM      0.00      0.00      0.00      0.00      0.00      0.00      0.00      0.00
12:41:33 PM      0.00      0.00      0.00      0.00      0.00      0.00      0.00      0.00
12:41:38 PM      0.00      0.00      0.00      0.00      0.00      0.00      0.00      0.00
12:41:43 PM      0.00      0.00      0.00      0.00      0.00      0.00      0.00      0.00
12:41:48 PM      0.00      0.00      0.00      0.00      0.00      0.00      0.00      0.00
12:41:53 PM      0.00      0.00      0.00      0.00      0.00      0.00      0.00      0.00
12:41:58 PM      0.00      0.00      0.00      0.00      0.00      0.00      0.00      0.00
12:42:03 PM      0.00      0.00      0.00      0.00      0.00      0.00      0.00      0.00
12:42:08 PM      0.00      0.00      0.00      0.00      0.00      0.00      0.00      0.00
12:42:13 PM      0.00      0.00      0.00      0.00      0.00      0.00      0.00      0.00
12:42:18 PM      0.00      0.00      0.00      0.00      0.00      0.00      0.00      0.00
12:42:23 PM      0.00      0.00      0.00      0.00      0.00      0.00      0.00      0.00
12:42:28 PM      0.00      0.00      0.00      0.00      0.00      0.00      0.00      0.00
12:42:33 PM      0.00      0.00      0.00      0.00      0.00      0.00      0.00      0.00
12:42:38 PM      0.00      0.00      0.00      0.00      0.00      0.00      0.00      0.00
12:42:43 PM      0.00      0.00      0.00      0.00      0.00      0.00      0.00      0.00
12:42:48 PM      0.00      0.00      0.00      0.00      0.00      0.00      0.00      0.00
12:42:53 PM      0.00      0.00      0.00      0.00      0.00      0.00      0.00      0.00
12:42:58 PM      0.00      0.00      0.00      0.00      0.00      0.00      0.00      0.00
12:43:03 PM      0.00      0.00      0.00      0.00      0.00      0.00      0.00      0.00
12:43:08 PM      0.00      0.00      0.00      0.00      0.00      0.00      0.00      0.00
12:43:13 PM      0.00      0.00      0.00      0.00      0.00      0.00      0.00      0.00
12:43:18 PM      0.00      0.00      0.00      0.00      0.00      0.00      0.00      0.00
12:43:23 PM      0.00      0.00      0.00      0.00      0.00      0.00      0.00      0.00
12:43:28 PM      0.00      0.00      0.00      0.00      0.00      0.00      0.00      0.00
12:43:33 PM      0.00      0.00      0.00      0.00      0.00      0.00      0.00      0.00
12:43:38 PM      0.00      0.00      0.00      0.00      0.00      0.00      0.00      0.00
12:43:43 PM      0.00      0.00      0.00      0.00      0.00      0.00      0.00      0.00
12:43:48 PM      0.00      0.00      0.00      0.00      0.00      0.00      0.00      0.00
12:43:53 PM      0.00      0.00      0.00      0.00      0.00      0.00      0.00      0.00
12:43:58 PM      0.00      0.00      0.00      0.00      0.00      0.00      0.00      0.00
12:44:03 PM      0.00      0.00      0.00      0.00      0.00      0.00      0.00      0.00
12:44:08 PM      0.00      0.00      0.00      0.00      0.00      0.00      0.00      0.00
12:44:13 PM      0.00      0.00      0.00      0.00      0.00      0.00      0.00      0.00
12:44:18 PM      0.00      0.00      0.00      0.00      0.00      0.00      0.00      0.00
12:44:23 PM      0.00      0.00      0.00      0.00      0.00      0.00      0.00      0.00
12:44:28 PM      0.00      0.00      0.00      0.00      0.00      0.00      0.00      0.00
12:44:33 PM      0.00      0.00      0.00      0.00      0.00      0.00      0.00      0.00
12:44:38 PM      0.00      0.00      0.00      0.00      0.00      0.00      0.00      0.00
12:44:43 PM      0.00      0.00      0.00      0.00      0.00      0.00      0.00      0.00
12:44:48 PM      0.00      0.00      0.00      0.00      0.00      0.00      0.00      0.00
12:44:53 PM      0.00      0.00      0.00      0.00      0.00      0.00      0.00      0.00
12:44:58 PM      0.00      0.00      0.00      0.00      0.00      0.00      0.00      0.00
12:45:03 PM      0.00      0.00      0.00      0.00      0.00      0.00      0.00      0.00
12:45:08 PM      0.00      0.00      0.00      0.00      0.00      0.00      0.00      0.00
12:45:13 PM      0.00      0.00      0.00      0.00      0.00      0.00      0.00      0.00
12:45:18 PM      0.00      0.00      0.00      0.00      0.00      0.00      0.00      0.00
12:45:23 PM      0.00      0.00      0.00      0.00      0.00      0.00      0.00      0.00
12:45:28 PM      0.00      0.00      0.00      0.00      0.00      0.00      0.00      0.00
12:45:33 PM      0.00      0.00      0.00      0.00      0.00      0.00      0.00      0.00
12:45:38 PM      0.00      0.00      0.00      0.00      0.00      0.00      0.00      0.00
12:45:43 PM      0.00      0.00      0.00      0.00      0.00      0.00      0.00      0.00
12:45:48 PM      0.00      0.00      0.00      0.00      0.00      0.00      0.00      0.00
12:45:53 PM      0.00      0.00      0.00      0.00      0.00      0.00      0.00      0.00
12:45:58 PM      0.00      0.00      0.00      0.00      0.00      0.00      0.00      0.00
12:46:03 PM      0.00      0.00      0.00      0.00      0.00      0.00      0.00      0.00
12:46:08 PM      0.00      0.00      0.00      0.00      0.00      0.00      0.00      0.00
12:46:13 PM      0.00      0.00      0.00      0.00      0.00      0.00      0.00      0.00
12:46:18 PM      0.00      0.00      0.00      0.00      0.00      0.00      0.00      0.00
12:46:23 PM      0.00      0.00      0.00      0.00      0.00      0.00      0.00      0.00
12:46:28 PM      0.00      0.00      0.00      0.00      0.00      0.00      0.00      0.00
12:46:33 PM      0.00      0.00      0.00      0.00      0.00      0.00      0.00      0.00
12:46:38 PM      0.00      0.00      0.00      0.00      0.00      0.00      0.00      0.00
12:46:43 PM      0.00      0.00      0.00      0.00      0.00      0.00      0.00      0.00
12:46:48 PM      0.00      0.00      0.00      0.00      0.00      0.00      0.00      0.00
12:46:53 PM      0.00      0.00      0.00      0.00      0.00      0.00      0.00      0.00
12:46:58 PM      0.00      0.00      0.00      0.00      0.00      0.00      0.00      0.00
12:47:03 PM      0.00      0.00      0.00      0.00      0.00      0.00      0.00      0.00
12:47:08 PM      0.00      0.00      0.00      0.00      0.00      0.00      0.00      0.00
12:47:13 PM      0.00      0.00      0.00      0.00      0.00      0.00      0.00      0.00
12:47:18 PM      0.00      0.00      0.00      0.00      0.00      0.00      0.00      0.00
12:47:23 PM      0.00      0.00      0.00      0.00      0.00      0.00      0.00      0.00
12:47:28 PM      0.00      0.00      0.00      0.00      0.00      0.00      0.00      0.00
12:47:33 PM      0.00      0.00      0.00      0.00      0.00      0.00      0.00      0.00
12:47:38 PM      0.00      0.00      0.00      0.00      0.00      0.00      0.00      0.00
12:47:43 PM      0.00      0.00      0.00      0.00      0.00      0.00      0.00      0.00
12:47:48 PM      0.00      0.00      0.00      0.00      0.00      0.00      0.00      0.00
12:47:53 PM      0.00      0.00      0.00      0.00      0.00      0.00      0.00      0.00
12:47:58 PM      0.00      0.00      0.00      0.00      0.00      0.00      0.00      0.00
12:48:03 PM      0.00      0.00      0.00      0.00      0.00      0.00      0.00      0.00
12:48:08 PM      0.00      0.00      0.00      0.00      0.00      0.00      0.00      0.00
12:48:13 PM      0.00      0.00      0.00      0.00      0.00      0.00      0.00      0.00
12:48:18 PM      0.00      0.00      0.00      0.00      0.00      0.00      0.00      0.00
12:48:23 PM      0.00      0.00      0.00      0.00      0.00      0.00      0.00      0.00
12:48:28 PM      0.00      0.00      0.00      0.00      0.00      0.00      0.00      0.00
12:48:33 PM      0.00      0.00      0.00      0.00      0.00      0.00      0.00      0.00
12:48:38 PM      0.00      0.00      0.00      0.00      0.00      0.00      0.00      0.00
12:48:43 PM      0.00      0.00      0.00      0.00      0.00      0.00      0.00      0.00
12:48:48 PM      0.00      0.00      0.00      0.00      0.00      0.00      0.00      0.00
12:48:53 PM      0.00      0.00      0.00      0.00      0.00      0.00      0.00      0.00
12:48:58 PM      0.00      0.00      0.00      0.00      0.00      0.00      0.00      0.00
12:49:03 PM      0.00      0.00      0.00      0.00      0.00      0.00      0.00      0.00
12:49:08 PM      0.00      0.00      0.00      0.00      0.00      0.00      0.00      0.00
12:49:13 PM      0.00      0.00      0.00      0.00      0.00      0.00      0.00      0.00
12:49:18 PM      0.00      0.00      0.00      0.00      0.00      0.00      0.00      0.00
12:49:23 PM      0.00      0.00      0.00      0.00      0.00      0.00      0.00      0.00
12:49:28 PM      0.00      0.00      0.00      0.00      0.00      0.00      0.00      0.00
12:49:33 PM      0.00      0.00      0.00      0.00      0.00      0.00      0.00      0.00
12:49:38 PM      0.00      0.00      0.00      0.00      0.00      0.00      0.00      0.00
12:49:43 PM      0.00      0.00      0.00      0.00      0.00      0.00      0.00      0.00
12:49:48 PM      0.00      0.00      0.00      0.00      0.00      0.00      0.00      0.00
12:49:53 PM      0.00      0.00      0.00      0.00      0.00      0.00      0.00      0.00
12:49:58 PM      0.00      0.00      0.00      0.00      0.00      0.00      0.00      0.00
12:50:03 PM      0.00      0.00      0.00      0.00      0.00      0.00      0.00      0.00
12:50:08 PM      0.00      0.00      0.00      0.00      0.00      0.00      0.00      0.00
12:50:13 PM      0.00      0.00      0.00      0.00      0.00      0.00      0.00      0.00
12:50:18 PM      0.00      0.00      0.00      0.00      0.00      0.00      0.00      0.00
12:50:23 PM      0.00      0.00      0.00      0.00      0.00      0.00      0.00      0.00
12:50:28 PM      0.00      0.00      0.00      0.00      0.00      0.00      0.00      0.00
12:50:33 PM      0.00      0.00      0.00      0.00      0.00      0.00      0.00      0.00
12:50:38 PM      0.00      0.00      0.00      0.00      0.00      0.00      0.00      0.00
12:50:43 PM      0.00      0.00      0.00      0.00      0.00      0.00      0.00      0.00
12:50:48 PM      0.00      0.00      0.00      0.00      0.00      0.00      0.00      0.00
12:50:53 PM      0.00      0.00      0.00      0.00      0.00      0.00      0.00      0.00
12:50:58 PM      0.00      0.00      0.00      0.00      0.00      0.00      0.00      0.00
12:51:03 PM      0.00      0.00      0.00      0.00      0.00      0.00      0.00      0.00
12:51:08 PM      0.00      0.00      0.00      0.00      0.00      0.00      0.00      0.00
12:51:13 PM      0.00      0.00      0.00      0.00      0.00      0.00      0.00      0.00
12:51:18 PM      0.00      0.00      0.00      0.00      0.00      0.00      0.00      0.00
12:51:23 PM      0.00      0.00      0.00      0.00      0.00      0.00      0.00      0.00
12:51:28 PM      0.00      0.00      0.00      0.00      0.00      0.00      0.00      0.00
12:51:33 PM      0.00      0.00      0.00      0.00      0.00      0.00      0.00      0.00
12:51:38 PM      0.00      0.00      0.00      0.00      0.00      0.00      0.00      0.00
12:51:43 PM      0.00      0.00      0.00      0.00      0.00      0.00      0.00      0.00
12:51:48 PM      0.00      0.00      0.00      0.00      0.00      0.00      0.00      0.00
12:51:53 PM      0.00      0.00      0.00      0.00      0.00      0.00      0.00      0.00
12:51:58 PM      0.00      0.00      0.00      0.00      0.00      0.00      0.00      0.00
12:52:03 PM      0.00      0.00      0.00      0.00      0.00      0.00      0.00      0.00
12:52:08 PM      0.00      0.00      0.00      0.00      0.00      0.00      0.00      0.00
12:52:13 PM      0.00      0.00      0.00      0.00      0.00      0.00      0.00      0.00
12:52:18 PM      0.00      0.00      0.00      0.00      0.00      0.00      0.00      0.00
12:52:23 PM      0.00      0.00      0.00      0.00      0.00      0.00      0.00      0.00
12:52:28 PM      0.00      0.00      0.00      0.00      0.00      0.00      0.00      0.00
12:52:33 PM      0.00      0.00      0.00      0.00      0.00      0.00      0.00      0.00
12:52:38 PM      0.00      0.00      0.00      0.00      0.00      0.00      0.00      0.00
12:52:43 PM      0.00      0.00      0.00      0.00      0.00      0.00      0.00      0.00
12:52:48 PM      0.00      0.00      0.00      0.00      0.00      0.00      0.00      0.00
12:52:53 PM      0.00      0.00      0.00      0.00      0.00      0.00      0.00      0.00
12:52:58 PM      0.00      0.00      0.00      0.00      0.00      0.00      0.00      0.00
12:53:03 PM      0.00      0.00      0.00      0.00      0.00      0.00      0.00      0.00
12:53:08 PM      0.00      0.00      0.00      0.00      0.00      0.00      0.00      0.00
12:53:13 PM      0.00      0.00      0.00      0.00      0.00      0.00      0.00      0.00
12:53:18 PM      0.00      0.00      0.00      0.00      0.00      0.00      0.00      0.00
12:53:23 PM      0.00      0.00      0.00      0.00      0.00      0.00      0.00      0.00
12:53:28 PM      0.00      0.00      0.00      0.00      0.00      0.00      0.00      0.00
12:53:33 PM      0.00      0.00      0.00      0.00      0.00      0.00      0.00      0.00
12:53:38 PM      0.00      0.00      0.00      0.00      0.00      0.00      0.00      0.00
12:53:43 PM      0.00      0.00      0.00      0.00      0.00      0.00      0.00      0.00
12:53:48 PM      0.00      0.00      0.00      0.00      0.00      0.00      0.00      0.00
12:53:53 PM      0.00      0.00      0.00      0.00      0.00      0.00      0.00      0.00
12:53:58 PM      0.00      0.00      0.00      0.00      0.00      0.00      0.00      0.00
12:54:03 PM      0.00      0.00      0.00      0.00      0.00      0.00      0.00      0.00
12:54:08 PM      0.00      0.00      0.00      0.00      0.00      0.00      0.00      0.00
12:54:13 PM      0.00      0.00      0.00      0.00      0.00      0.00      0.00      0.00
12:54:18 PM      0.00      0.00      0.00      0.00      0.00      0.00      0.00      0.00
12:54:23 PM      0.00      0.00      0.00      0.00      0.00      0.00      0.00      0.00
12:54:28 PM      0.00      0.00      0.00      0.00      0.00      0.00      0.00      0.00
12:54:33 PM      0.00      0.00      0.00      0.00      0.00      0.00      0.00      0.00
12:54:38 PM      0.00      0.00      0.00      0.00      0.00      0.00      0.00      0.00
12:54:43 PM      0.00      0.00      0.00      0.00      0.00      0.00      0.00      0.00
12:54:48 PM      0.00      0.00      0.00      0.00      0.00      0.00      0.00      0.00
12:54:53 PM      0.00      0.00      0.00      0.00      0.00      0.00      0.00      0.00
12:54:58 PM      0.00      0.00      0.00      0.00      0.00      0.00      0.00      0.00
12:55:03 PM      0.00      0.00      0.00      0.00      0.00      0.00      0.00      0.00
12:55:08 PM      0.00      0.00      0.00      0.00      0.00      0.00      0.00      0.00
12:55:13 PM      0.00      0.00      0.00      0.00      0.00      0.00      0.00      0.00
12:55:18 PM      0.00      0.00      0.00      0.00      0.00      0.00      0.00      0.00
12:55:23 PM      0.00      0.00      0.00      0.00      0.00      0.00      0.00      0.00
12:55:28 PM      0.00      0.00      0.00      0.00      0.00      0.00      0.00      0.00
12:55:33 PM      0.00      0.00      0.00      0.00      0.00      0.00      0.00      0.00
12:55:38 PM      0.00      0.00      0.00      0.00      0.00      0.00      0.00      0.00
12:55:43 PM      0.00      0.00      0.00      0.00      0.00      0.00      0.00      0.00
12:55:48 PM      0.00      0.00      0.00      0.00      0.00      0.00      0.00      0.00
12:55:53 PM      0.00      0.00      0.00      0.00      0.00      0.00      0.00      0.00
12:55:58 PM      0.00      0.00      0.00      0.00      0.00      0.00      0.00      0.00
12:56:03 PM      0.00      0.00      0.00      0.00      0.00      0.00      0.00      0.00
12:56:08 PM      0.00      0.00      0.00      0.00      0.00      0.00      0.00      0.00
12:56:13 PM      0.00      0.00      0.00      0.00      0.00      0.00      0.00      0.00
12:56:18 PM      0.00      0.00      0.00      0.00      0.00      0.00      0.00      0.00
12:56:23 PM      0.00      0.00      0.00      0.00      0.00      0.00      0.00      0.00
12:56:28 PM      0.00      0.00      0.00      0.00      0.00      0.00      0.00      0.00
12:56:33 PM      0.00      0.00      0.00      0.00      0.00      0.00      0.00      0.00
12:56:38 PM      0.00      0.00      0.00      0.00      0.00      0.00      0.00      0.00
12:56:43 PM      0.00      0.00      0.00      0.00      0.00      0.00      0.00      0.00
12:56:48 PM      0.00      0.00      0.00      0.00      0.00      0.00      0.00      0.00
12:56:53 PM      0.00      0.00      0.00      0.00      0.00      0.00      0.00      0.00
12:56:58 PM      0.00      0.00      0.00      0.00      0.00      0.00      0.00      0.00
12:57:03 PM      0.00      0.00      0.00      0.00      0.00      0.00      0.00      0.00
12:57:08 PM      0.00      0.00      0.00      0.00      0.00      0.00      0.00      0.00
12:57:13 PM      0.00      0.00      0.00      0.00      0.00      0.00      0.00      0.00
12:57:18 PM      0.00      0.00      0.00      0.00      0.00      0.00      0.00      0.00
12:57:23 PM      0.00      0.00      0.00      0.00      0.00      0.00      0.00      0.00
12:57:28 PM      0.00      0.00      0.00      0.00      0.00      0.00      0.00      0.00
12:57:33 PM      0.00      0.00      0.00      0.00      0.00      0.00      0.00      0.00
12:57:38 PM      0.00      0.00      0.00      0.00      0.00      0.00      0.00      0.00
12:57:43 PM      0.00      0.00      0.00      0.00      0.00      0.00      0.00      0.00
12:57:48 PM      0.00      0.00      0.00      0.00      0.00      0.00      0.00      0.00
12:57:53 PM      0.00      0.00      0.00      0.00      0.00      0.00      0.00      0.00
12:57:58 PM      0.00      0.00      0.00      0.00      0.00      0.00      0.00      0.00
12:58:03 PM      0.00      0.00      0.00      0.00      0.00      0.00      0.00      0.00
12:58:08 PM      0.00      0.00      0.00      0.00      0.00      0.00      0.00      0.00
12:58:13 PM      0.00      0.00      0.00      0.00      0.00      0.00      0.00      0.00
12:58:18 PM      0.00      0.00      0.00      0.00      0.00      0.00      0.00      0.00
12:58:23 PM      0.00      0.00      0.00      0.00      0.00      0.00      0.00      0.00
12:58:28 PM      0.00      0.00      0.00      0.00      0.00      0.00      0.00      0.00
12:58:33 PM      0.00      0.00      0.00      0.00      0.00      0.00      0.00      0.00
12:58:38 PM      0.00      0.00      0.00      0.00      0.00      0.00      0.00      0.00
12:58:43 PM      0.00      0.00      0.00      0.00      0.00      0.00      0.00      0.00
12:58:48 PM      0.00      0.00      0.00      0.00      0.00      0.00      0.00      0.00
12:58:53 PM      0.00      0.00      0.00      0.00      0.00      0.00      0.00      0.00
12:58:58 PM      0.00      0.00      0.00      0.00      0.00      0.00      0.00      0.00
12:59:03 PM      0.00      0.00      0.00      0.00      0.00      0.00      0.00      0.00
12:59:08 PM      0.00      0.00      0.00      0.00      0.00      0.00      0.00      0.00
12:59:13 PM      0.00      0.00      0.00      0.00      0.00      0.00      0.00      0.00
12:59:18 PM      0.00      0.00      0.00      0.00      0.00      0.00      0.00      0.00
12:59:23 PM      0.00      0.00      0.00      0.00      0.00      0.00      0.00      0.00
12:59:28 PM      0.00      0.00      0.00      0.00      0.00      0.00      0.00      0.00
12:59:33 PM      0.00      0.00      0.00      0.00      0.00      0.00      0.00      0.00
12:59:38 PM      0.00      0.00      0.00      0.00      0.00      0.00      0.00      0.00
12:59:43 PM      0.00      0.00      0.00      0.00      0.00      0.00      0.00      0.00
12:59:48 PM      0.00      0.00      0.00      0.00      0.00      0.00      0.00      0.00
12:59:53 PM      0.00      0.00      0.00      0.00      0.00      0.00      0.00      0.00
12:59:58 PM      0.00      0.00      0.00      0.00      0.00      0.00      0.00      0.00
01:00:03 PM      0.00      0.00      0.00      0.00      0.00      0.00      0.00      0.00
01:00:08 PM      0.00      0.00      0.00      0.00      0.00      0.00      0.00      0.00
01:00:13 PM      0.00      0.00      0.00      0.00      0.00      0.00      0.00      0.00
01:00:18 PM      0.00      0.00      0.00      0.00      0.00      0.00      0.00      0.00
01:00:23 PM      0.00      0.00      0.00      0.00      0.00      0.00      0.00      0.00
01:00:28 PM      0.00      0.00      0.00      0.00      0.00      0.00      0.00      0.00
01:00:33 PM      0.00      0.00      0.00      0.00      0.00      0.00      0.00      0.00
01:00:38 PM      0.00      0.00      0.00      0.00      0.00      0.00      0.00      0.00
01:00:43 PM      0.00      0.00      0.00      0.00      0.00      0.00      0.00      0.00
01:00:48 PM      0.00      0.00      0.00      0.00      0.00      0.00      0.00      0.00
01:00:53 PM      0.00      0.00      0.00      0.00      0.00      0.00      0.00      0.00
01:00:58 PM      0.00      0.00      0.00      0.00      0.00      0.00      0.00      0.00
01:01:03 PM      0.00      0.00      0.00      0.00      0.00      0.00      0.00      0.00
01:01:08 PM      0.00      0.00      0.00      0.00      0.00      0.00      0.00      0.00
01:01:13 PM      0.00      0.00      0.00      0.00      0.00      0.00      0.00      0.00
01:01:18 PM      0.00      0.00      0.00      0.00      0.00      0.00      0.00      0.00
01:01:23 PM      0.00      0.00      0.00      0.00      0.00      0.00      0.00      0.00
01:01:28 PM      0.00      0.00      0.00      0.00      0.00      0.00      0.00      0.00
01:01:33 PM      0.00      0.00      0.00      0.00      0.00      0.00      0.00      0.00
01:01:38 PM      0.00      0.00      0.00      0.00      0.00      0.00      0.00      0.00
01:01:43 PM      0.00      0.00      0.00      0.00      0.00      0.00      0.00      0.00
01:01:48 PM      0.00      0.00      0.00      0.00      0.00      0.00      0.00      0.00
01:01:53 PM      0.00      0.00      0.00      0.00      0.00      0.00      0.00      0.00
01:01:58 PM      0.00      0.00      0.00      0.00      0.00      0.00      0.00      0.00
01:02:03 PM      0.00      0.00      0.00      0.00      0.00      0.00      0.00      0.00
01:02:08 PM      0.00      0.00      0.00      0.00      0.00      0.00      0.00      0.00
01:02:13 PM      0.00      0.00      0.00      0.00      0.00      0.00      0.00      0.00
01:02:18 PM      0.00      0.00      0.00      0.00      0.00      0.00      0.00      0.00
01:02:23 PM      0.00      0.00      0.00      0.00      0.00      0.00      0.00      0.00
01:02:28 PM      0.00      0.00      0.00      0.00      0.00      0.00      0.00      0.00
01:02:33 PM      0.00      0.00      0.00      0.00      0.00      0.00      0.00      0.00
01:02:38 PM      0.00      0.00      0.00      0.00      0.00      0.00      0.00      0.00
01:02:43 PM      0.00      0.00      0.00      0.00      0.00      0.00      0.00      0.00
01:02:48 PM      0.00      0.00      0.00      0.00      0.00      0.00      0.00      0.00
01:02:53 PM      0.00      0.00      0.00      0.00      0.00      0.00      0.00      0.00
01:02:58 PM      0.00      0.00      0.00      0.00      0.00      0.00      0.00      0.00
01:03:03 PM      0.00      0.00      0.00      0.00      0.00      0.00      0.00      0.00
01:03:08 PM      0.00      0.00      0.00      0.00      0.00      0.00      0.00      0.00
01:03:13 PM      0.00      0.00      0.00      0.00      0.00      0.00      0.00      0.00
01:03:18 PM      0.00      0.00      0.00      0.00      0.00      0.00      0.00      0.00
01:03:23 PM      0.00      0.00      0.00      0.00      0.00      0.00      0.00      0.00
01:03:28 PM      0.00      0.00      0.00      0.00      0.00      0.00      0.00      0.00
01:03:33 PM      0.00      0.00      0.00      0.00      0.00      0.00      0.00      0.00
01:03:38 PM      0.00      0.00      0.00      0.00      0.00      0.00      0.00      0.00
01:03:43 PM      0.00      0.00      0.00      0.00      0.00      0.00      0.00      0.00
01:03:48 PM      0.00      0.00      0.00      0.00      0.00      0.00      0.00      0.00
01:03:53 PM      0.00      0.00      0.00      0.00      0.00      0.00      0.00      0.00
01:03:58 PM      0.00      0.00      0.00      0.00      0.00      0.00      0.00      0.00
01:04:03 PM      0.00      0.00      0.00      0.00      0.00      0.00      0.00      0.00
01:04:08 PM      0.00      0.00      0.00      0.00      0.00      0.00      0.00      0.00
01:04:13 PM      0.00      0.00      0.00      0.00      0.00      0.00      0.00      0.00
01:04:18 PM      0.00      0.00      0.00      0.00      0.00      0.00      0.00      0.00
01:04:23 PM      0.00      0.00      0.00      0.00      0.00      0.00      0.00      0.00
01:04:28 PM      0.00      0.00      0.00      0.00      0.00      0.00      0.00      0.00
01:04:33 PM      0.00      0.00      0.00      0.00      0.00      0.00      0.00      0.00
01:04:38 PM      0.00      0.00      0.00      0.00      0.00      0.00      0.00      0.00
01:04:43 PM      0.00      0.00      0.00      0.00      0.00      0.00      0.00      0.00
01:04:48 PM      0.00      0.00      0.00      0.00      0.00      0.00      0.00      0.00
01:04:53 PM      0.00      0.00      0.00      0.00      0.00      0.00      0.00      0.00
01:04:58 PM      0.00      0.00      0.00      0.00      0.00      0.00      0.00      0.00
01:05:03 PM      0.00      0.00      0.00      0.00      0.00      0.00      0.00      0.00
01:05:08 PM      0.00      0.00      0.00      0.00      0.00      0.00      0.00      0.00
01:05:13 PM      0.00      0.00      0.00      0.00      0.00      0.00      0.00      0.00
01:05:18 PM      0.00      0.00      0.00      0.00      0.00      0.00      0.00      0.00
01:05:23 PM      0.00      0.00      0.00      0.00      0.00      0.00      0.00      0.00
01:05:28 PM      0.00      0.00      0.00      0.00      0.00      0.00      0.00      0.00
01:05:33 PM      0.00      0.00      0.00      0.00      0.00      0.00      0.00      0.00
01:05:38 PM      0.00      0.00      0.00      0.00      0.00      0.00      0.00      0.00
01:05:43 PM      0.00      0.00      0.00      0.00      0.00      0.00      0.00      0.00
01:05:48 PM      0.00      0.00      0.00      0.00      0.00      0.00      0.00      0.00
01:05:53 PM      0.00      0.00      0.00      0.00      0.00      0.00      0.00      0.00
01:05:58 PM      0.00      0.00      0.00      0.00      0.00      0.00      0.00      0.00
01:06:03 PM      0.00      0.00      0.00      0.00      0.00      0.00      0.00      0.00
01:06:08 PM      0.00      0.00      0.00      0.00      0.00      0.00      0.00      0.00
01:06:13 PM      0.00      0.00      0.00      0.00      0.00      0.00      0.00      0.00
01:06:18 PM      0.00      0.00      0.00      0.00      0.00      0.00      0.00      0.00
01:06:23 PM      0.00      0.00      0.00      0.00      0.00      0.00      0.00      0.00
01:06:28 PM      1.18      0.25      0.05      3.47      1.18      0.25      0.05      3.47
01:06:33 PM      0.65      0.22      0.05      0.23      0.65      0.22      0.05      0.23
01:06:38 PM      0.43      0.21      0.05      0.00      0.43      0.21      0.05      0.00
01:06:43 PM      0.23      0.19      0.05      0.00      0.23      0.19      0.05      0.00
01:06:48 PM      0.15      0.17      0.04      0.00      0.15      0.17      0.04      0.00
01:06:53 PM      0.08      0.16      0.04      0.00      0.08      0.16      0.04      0.00
01:06:58 PM      0.05      0.15      0.04      0.02      0.05      0.15      0.04      0.02
01:07:03 PM      0.03      0.13      0.04      0.00      0.03      0.13      0.04      0.00
01:07:08 PM      0.02      0.12      0.04      0.00      0.02      0.12      0.04      0.00
01:07:13 PM      0.01      0.11      0.04      0.00      0.01      0.11      0.04      0.00
01:07:18 PM      0.00      0.10      0.04      0.00      0.00      0.10      0.04      0.00
01:07:23 PM      0.00      0.09      0.04      0.00      0.00      0.09      0.04      0.00
01:07:28 PM      0.29      0.15      0.05      1.35      0.29      0.15      0.05      1.35
01:07:33 PM      0.16      0.13      0.05      0.00      0.16      0.13      0.05      0.00
01:07:38 PM      0.10      0.12      0.05      0.00      0.10      0.12      0.05      0.00
01:07:43 PM      0.05      0.11      0.04      0.00      0.05      0.11      0.04      0.00
01:07:48 PM      0.03      0.10      0.04      0.00      0.03      0.10      0.04      0.00
01:07:53 PM      0.02      0.09      0.04      0.00      0.02      0.09      0.04      0.00
01:07:58 PM      1.69      0.41      0.11      4.51      1.69      0.41      0.11      4.51
01:08:03 PM      0.93      0.37      0.11      0.00      0.93      0.37      0.11      0.00
01:08:08 PM      0.62      0.34      0.11      0.00      0.62      0.34      0.11      0.00
01:08:13 PM      0.34      0.31      0.10      0.00      0.34      0.31      0.10      0.00
01:08:18 PM      0.22      0.29      0.10      0.30      0.22      0.29      0.10      0.30
01:08:23 PM      0.12      0.26      0.10      0.00      0.12      0.26      0.10      0.00
01:08:28 PM      2.19      0.63      0.18      5.51      2.19      0.63      0.18      5.51
01:08:33 PM      1.20      0.57      0.17      0.00      1.20      0.57      0.17      0.00
01:08:38 PM      0.80      0.54      0.17      0.39      0.80      0.54      0.17      0.39
01:08:43 PM      0.44      0.48      0.17      0.00      0.44      0.48      0.17      0.00
01:08:48 PM      0.29      0.45      0.16      0.00      0.29      0.45      0.16      0.00
01:08:53 PM      0.16      0.41      0.16      0.00      0.16      0.41      0.16      0.00
01:08:58 PM      0.10      0.38      0.16      0.00      0.10      0.38      0.16      0.00
01:09:03 PM      0.05      0.34      0.15      0.00      0.05      0.34      0.15      0.00
01:09:08 PM      0.03      0.32      0.15      0.00      0.03      0.32      0.15      0.00
01:09:13 PM      0.02      0.29      0.14      0.00      0.02      0.29      0.14      0.00
01:09:18 PM      0.01      0.27      0.14      0.00      0.01      0.27      0.14      0.00
01:09:23 PM      0.00      0.24      0.14      0.00      0.00      0.24      0.14      0.00
01:09:28 PM      1.78      0.55      0.20      4.51      1.78      0.55      0.20      4.51
01:09:33 PM      0.97      0.50      0.20      0.00      0.97      0.50      0.20      0.00
01:09:38 PM      0.65      0.47      0.20      0.00      0.65      0.47      0.20      0.00
01:09:43 PM      0.35      0.42      0.19      0.00      0.35      0.42      0.19      0.00
01:09:48 PM      0.24      0.39      0.19      0.00      0.24      0.39      0.19      0.00
01:09:53 PM      0.13      0.36      0.19      0.00      0.13      0.36      0.19      0.00
01:09:58 PM      2.44      0.76      0.27      5.81      2.44      0.76      0.27      5.81
01:10:03 PM      1.34      0.68      0.27      0.00      1.34      0.68      0.27      0.00
01:10:08 PM      0.89      0.64      0.26      0.00      0.89      0.64      0.26      0.00
01:10:13 PM      0.49      0.58      0.26      0.00      0.49      0.58      0.26      0.00
01:10:18 PM      0.33      0.54      0.25      0.00      0.33      0.54      0.25      0.00
01:10:23 PM      0.18      0.49      0.25      0.00      0.18      0.49      0.25      0.00
01:10:28 PM      3.01      0.98      0.35      6.97      3.01      0.98      0.35      6.96
01:10:33 PM      1.65      0.89      0.34      0.00      1.65      0.89      0.34      0.00
01:10:38 PM      1.11      0.83      0.34      0.00      1.11      0.83      0.34      0.00
01:10:43 PM      0.60      0.75      0.33      0.00      0.60      0.75      0.33      0.00
01:10:48 PM      0.40      0.70      0.33      0.00      0.40      0.70      0.33      0.00
01:10:53 PM      0.22      0.63      0.32      0.00      0.22      0.63      0.32      0.00
01:10:58 PM      0.14      0.59      0.32      0.00      0.14      0.59      0.32      0.00
01:11:03 PM      0.08      0.53      0.31      0.00      0.08      0.53      0.31      0.00
01:11:08 PM      0.05      0.50      0.30      0.00      0.05      0.50      0.30      0.00
01:11:13 PM      0.02      0.45      0.30      0.00      0.02      0.45      0.30      0.00
01:11:18 PM      0.01      0.42      0.29      0.00      0.01      0.42      0.29      0.00
01:11:23 PM      0.00      0.38      0.28      0.00      0.00      0.38      0.28      0.00
01:11:28 PM      2.72      0.84      0.38      6.13      2.72      0.84      0.38      6.13
01:11:33 PM      1.49      0.76      0.37      0.00      1.49      0.76      0.37      0.00
01:11:38 PM      1.00      0.71      0.37      0.00      1.00      0.71      0.37      0.00
01:11:43 PM      0.54      0.64      0.36      0.00      0.54      0.64      0.36      0.00
01:11:48 PM      0.36      0.60      0.35      0.00      0.36      0.60      0.35      0.00
01:11:53 PM      0.20      0.54      0.34      0.00      0.20      0.54      0.34      0.00
01:11:58 PM      4.48      1.29      0.50      9.75      4.48      1.29      0.50      9.74
01:12:03 PM      2.46      1.17      0.49      0.00      2.46      1.17      0.49      0.00
01:12:08 PM      1.64      1.09      0.49      0.00      1.64      1.09      0.49      0.00
01:12:13 PM      0.90      0.99      0.48      0.00      0.90      0.99      0.48      0.00
01:12:18 PM      0.60      0.92      0.47      0.00      0.60      0.92      0.47      0.00
01:12:23 PM      0.33      0.83      0.46      0.00      0.33      0.83      0.46      0.00
01:12:28 PM      3.12      1.30      0.56      6.38      3.12      1.30      0.56      6.38
01:12:33 PM      1.71      1.18      0.55      0.00      1.71      1.18      0.55      0.00
01:12:38 PM      1.14      1.10      0.54      0.00      1.14      1.10      0.54      0.00
01:12:43 PM      0.62      1.00      0.53      0.00      0.62      1.00      0.53      0.00
01:12:48 PM      0.42      0.93      0.52      0.00      0.42      0.93      0.52      0.00
01:12:53 PM      0.23      0.84      0.51      0.00      0.23      0.84      0.51      0.00
01:12:58 PM      0.15      0.79      0.50      0.00      0.15      0.79      0.50      0.00
01:13:03 PM      0.08      0.71      0.49      0.00      0.08      0.71      0.49      0.00
01:13:08 PM      0.05      0.66      0.48      0.00      0.05      0.66      0.48      0.00
01:13:13 PM      0.03      0.60      0.47      0.00      0.03      0.60      0.47      0.00
01:13:18 PM      0.01      0.56      0.47      0.00      0.01      0.56      0.47      0.00
01:13:23 PM      0.01      0.51      0.46      0.00      0.01      0.51      0.46      0.00
01:13:28 PM      3.81      1.16      0.59      8.50      3.81      1.16      0.59      8.50
01:13:33 PM      2.09      1.05      0.58      0.00      2.09      1.05      0.58      0.00
01:13:38 PM      1.40      0.98      0.57      0.00      1.40      0.98      0.57      0.00
01:13:43 PM      0.76      0.89      0.56      0.00      0.76      0.89      0.56      0.00
01:13:48 PM      0.51      0.83      0.55      0.00      0.51      0.83      0.55      0.00
01:13:53 PM      0.28      0.75      0.54      0.00      0.28      0.75      0.54      0.00
01:13:58 PM      2.72      1.16      0.63      5.82      2.72      1.16      0.63      5.82
01:14:03 PM      1.49      1.05      0.62      0.00      1.49      1.05      0.62      0.00
01:14:08 PM      1.00      0.98      0.61      0.00      1.00      0.98      0.61      0.00
01:14:13 PM      0.54      0.89      0.59      0.00      0.54      0.89      0.59      0.00
01:14:18 PM      0.36      0.83      0.58      0.00      0.36      0.83      0.58      0.00
01:14:23 PM      0.20      0.75      0.57      0.00      0.20      0.75      0.57      0.00
01:14:28 PM      0.67      0.80      0.58      1.23      0.67      0.80      0.58      1.23
01:14:33 PM      0.37      0.72      0.57      0.00      0.37      0.72      0.57      0.00
01:14:38 PM      0.24      0.67      0.56      0.00      0.24      0.67      0.56      0.00
01:14:43 PM      0.13      0.61      0.55      0.00      0.13      0.61      0.55      0.00
01:14:48 PM      0.09      0.57      0.54      0.00      0.09      0.57      0.54      0.00
01:14:53 PM      0.04      0.51      0.53      0.00      0.04      0.51      0.53      0.00
01:14:58 PM      2.02      0.84      0.60      4.45      2.02      0.84      0.60      4.45
01:15:03 PM      1.11      0.76      0.59      0.00      1.11      0.76      0.59      0.00
01:15:08 PM      0.74      0.71      0.58      0.00      0.74      0.71      0.58      0.00
01:15:13 PM      0.40      0.64      0.56      0.00      0.40      0.64      0.56      0.00
01:15:18 PM      0.27      0.60      0.56      0.00      0.27      0.60      0.56      0.00
01:15:23 PM      0.14      0.54      0.54      0.00      0.14      0.54      0.54      0.00
01:15:28 PM      1.73      0.80      0.60      3.89      1.73      0.80      0.60      3.89
01:15:33 PM      0.94      0.72      0.59      0.00      0.94      0.72      0.59      0.00
01:15:38 PM      0.63      0.68      0.58      0.00      0.63      0.68      0.58      0.00
01:15:43 PM      0.34      0.61      0.56      0.00      0.34      0.61      0.56      0.00
01:15:48 PM      0.23      0.57      0.56      0.00      0.23      0.57      0.56      0.00
01:15:53 PM      0.12      0.51      0.54      0.00      0.12      0.51      0.54      0.00
01:15:58 PM      0.08      0.48      0.54      0.00      0.08      0.48      0.54      0.00
01:16:03 PM      0.04      0.43      0.52      0.00      0.04      0.43      0.52      0.00
01:16:08 PM      0.03      0.41      0.52      0.00      0.03      0.41      0.52      0.00
01:16:13 PM      0.01      0.37      0.50      0.00      0.01      0.37      0.50      0.00
01:16:18 PM      0.01      0.34      0.50      0.00      0.01      0.34      0.50      0.00
01:16:23 PM      0.00      0.31      0.49      0.05      0.00      0.31      0.49      0.05
01:16:28 PM      1.45      0.55      0.53      3.41      1.45      0.55      0.53      3.41
01:16:33 PM      0.79      0.50      0.52      0.00      0.79      0.50      0.52      0.00
01:16:38 PM      0.53      0.46      0.52      0.00      0.53      0.46      0.52      0.00
01:16:43 PM      0.47      0.45      0.51      0.52      0.47      0.45      0.51      0.52
01:16:48 PM      0.31      0.42      0.50      0.00      0.31      0.42      0.50      0.00
01:16:53 PM      0.17      0.38      0.49      0.00      0.17      0.38      0.49      0.00
01:16:58 PM      1.02      0.52      0.52      2.30      1.02      0.52      0.52      2.30
01:17:03 PM      0.56      0.47      0.51      0.00      0.56      0.47      0.51      0.00
01:17:08 PM      0.37      0.44      0.50      0.00      0.37      0.44      0.50      0.00
01:17:13 PM      0.20      0.40      0.49      0.00      0.20      0.40      0.49      0.00
01:17:18 PM      0.13      0.37      0.48      0.00      0.13      0.37      0.48      0.00
01:17:23 PM      0.07      0.33      0.47      0.00      0.07      0.33      0.47      0.00
01:17:28 PM      2.04      0.67      0.54      4.62      2.04      0.67      0.54      4.62
01:17:33 PM      1.12      0.61      0.53      0.00      1.12      0.61      0.53      0.00
01:17:38 PM      0.75      0.57      0.52      0.00      0.75      0.57      0.52      0.00
01:17:43 PM      0.41      0.51      0.51      0.00      0.41      0.51      0.51      0.00
01:17:48 PM      0.27      0.48      0.50      0.00      0.27      0.48      0.50      0.00
01:17:53 PM      0.18      0.45      0.49      0.00      0.18      0.45      0.49      0.00
01:17:58 PM      2.63      0.86      0.58      6.32      2.63      0.86      0.58      6.32
01:18:03 PM      1.91      0.84      0.58      0.00      1.91      0.84      0.58      0.00
01:18:08 PM      1.05      0.76      0.56      0.00      1.05      0.76      0.56      0.00
01:18:13 PM      0.70      0.71      0.56      0.00      0.70      0.71      0.56      0.00
01:18:18 PM      0.38      0.64      0.55      0.00      0.38      0.64      0.55      0.00
01:18:23 PM      0.25      0.60      0.54      0.00      0.25      0.60      0.54      0.00
01:18:28 PM      3.04      1.06      0.64      9.43      3.04      1.06      0.64      9.42
01:18:33 PM      2.92      1.18      0.67      0.00      2.92      1.18      0.67      0.00
01:18:38 PM      1.60      1.07      0.65      0.00      1.60      1.07      0.65      0.00
01:18:43 PM      1.07      1.00      0.64      0.00      1.07      1.00      0.64      0.00
01:18:48 PM      0.59      0.90      0.63      0.00      0.59      0.90      0.63      0.00
01:18:53 PM      0.39      0.85      0.62      0.00      0.39      0.85      0.62      0.00
01:18:58 PM      0.21      0.76      0.61      0.03      0.21      0.76      0.61      0.03
01:19:03 PM      0.14      0.71      0.60      0.12      0.14      0.71      0.60      0.11
01:19:08 PM      0.07      0.64      0.59      0.00      0.07      0.64      0.59      0.00
01:19:13 PM      0.05      0.60      0.58      0.00      0.05      0.60      0.58      0.00
01:19:18 PM      0.02      0.54      0.56      0.00      0.02      0.54      0.56      0.00
01:19:23 PM      0.01      0.51      0.56      0.00      0.01      0.51      0.56      0.00
01:19:28 PM      0.91      0.62      0.58      2.04      0.91      0.62      0.58      2.04
01:19:33 PM      0.61      0.58      0.57      0.00      0.61      0.58      0.57      0.00
01:19:38 PM      0.33      0.52      0.56      0.00      0.33      0.52      0.56      0.00
01:19:43 PM      0.22      0.49      0.55      0.00      0.22      0.49      0.55      0.00
01:19:48 PM      0.12      0.44      0.54      0.00      0.12      0.44      0.54      0.00
01:19:53 PM      0.08      0.41      0.53      0.00      0.08      0.41      0.53      0.00
01:19:58 PM      0.76      0.50      0.55      2.04      0.76      0.50      0.55      2.03
01:20:03 PM      0.51      0.47      0.54      0.00      0.51      0.47      0.54      0.00
01:20:08 PM      0.28      0.43      0.53      0.00      0.28      0.43      0.53      0.00
01:20:13 PM      0.18      0.40      0.52      0.00      0.18      0.40      0.52      0.00
01:20:18 PM      0.10      0.36      0.51      0.00      0.10      0.36      0.51      0.00
01:20:23 PM      0.06      0.33      0.50      0.00      0.06      0.33      0.50      0.00
01:20:28 PM      0.39      0.37      0.50      1.27      0.39      0.37      0.50      1.27
01:20:33 PM      0.26      0.34      0.49      0.00      0.26      0.34      0.49      0.00
01:20:38 PM      0.14      0.31      0.48      0.00      0.14      0.31      0.48      0.00
01:20:43 PM      0.09      0.29      0.48      0.00      0.09      0.29      0.48      0.00
01:20:48 PM      0.05      0.26      0.47      0.00      0.05      0.26      0.47      0.00
01:20:53 PM      0.03      0.24      0.46      0.00      0.03      0.24      0.46      0.00
01:20:58 PM      1.10      0.41      0.49      3.09      1.10      0.41      0.49      3.09
01:21:03 PM      0.88      0.42      0.49      0.00      0.88      0.42      0.49      0.00
01:21:08 PM      0.48      0.38      0.48      0.00      0.48      0.38      0.48      0.00
01:21:13 PM      0.32      0.35      0.47      0.00      0.32      0.35      0.47      0.00
01:21:18 PM      0.17      0.32      0.46      0.00      0.17      0.32      0.46      0.00
01:21:23 PM      0.11      0.30      0.46      0.00      0.11      0.30      0.46      0.00
01:21:28 PM      0.06      0.27      0.45      0.01      0.06      0.27      0.45      0.01
01:21:33 PM      0.04      0.25      0.44      0.00      0.04      0.25      0.44      0.00
01:21:38 PM      0.02      0.22      0.43      0.00      0.02      0.22      0.43      0.00
01:21:43 PM      0.01      0.21      0.42      0.00      0.01      0.21      0.42      0.00
01:21:48 PM      0.00      0.19      0.41      0.00      0.00      0.19      0.41      0.00
01:21:53 PM      0.00      0.18      0.41      0.00      0.00      0.18      0.41      0.00
01:21:58 PM      0.00      0.16      0.40      0.53      0.00      0.16      0.40      0.53
01:22:03 PM      0.00      0.15      0.39      0.00      0.00      0.15      0.39      0.00
01:22:08 PM      0.00      0.13      0.39      0.00      0.00      0.13      0.39      0.00
01:22:13 PM      0.00      0.12      0.38      0.00      0.00      0.12      0.38      0.00
01:22:18 PM      0.00      0.11      0.37      0.00      0.00      0.11      0.37      0.00
01:22:23 PM      0.00      0.10      0.36      0.00      0.00      0.10      0.36      0.00
01:22:28 PM      0.36      0.16      0.37      6.53      0.36      0.16      0.37      6.53
01:22:33 PM      2.17      0.56      0.45      0.00      2.17      0.56      0.45      0.00
01:22:38 PM      1.19      0.50      0.44      0.00      1.19      0.50      0.44      0.00
01:22:43 PM      0.79      0.47      0.44      0.00      0.79      0.47      0.44      0.00
01:22:48 PM      0.43      0.43      0.43      0.00      0.43      0.43      0.43      0.00
01:22:53 PM      0.29      0.40      0.42      0.00      0.29      0.40      0.42      0.00
01:22:58 PM      0.16      0.36      0.41      1.82      0.16      0.36      0.41      1.82
01:23:03 PM      0.70      0.46      0.43      0.00      0.70      0.46      0.43      0.00
01:23:08 PM      0.38      0.42      0.42      0.00      0.38      0.42      0.42      0.00
01:23:13 PM      0.25      0.39      0.42      0.00      0.25      0.39      0.42      0.00
01:23:18 PM      0.14      0.35      0.41      0.08      0.14      0.35      0.41      0.08
01:23:23 PM      0.09      0.33      0.40      0.00      0.09      0.33      0.40      0.00
01:23:28 PM      0.05      0.29      0.39      3.08      0.05      0.29      0.39      3.08
01:23:33 PM      0.92      0.47      0.43      0.00      0.92      0.47      0.43      0.00
01:23:38 PM      0.50      0.42      0.42      0.00      0.50      0.42      0.42      0.00
01:23:43 PM      0.33      0.39      0.41      0.00      0.33      0.39      0.41      0.00
01:23:48 PM      0.18      0.35      0.40      0.00      0.18      0.35      0.40      0.00
01:23:53 PM      0.12      0.33      0.40      0.00      0.12      0.33      0.40      0.00
01:23:58 PM      0.06      0.30      0.39      5.50      0.06      0.30      0.39      5.50
01:24:03 PM      2.12      0.72      0.48      0.32      2.12      0.72      0.48      0.32
01:24:08 PM      1.16      0.65      0.47      0.00      1.16      0.65      0.47      0.00
01:24:13 PM      0.78      0.61      0.46      0.00      0.78      0.61      0.46      0.00
01:24:18 PM      0.42      0.55      0.45      0.00      0.42      0.55      0.45      0.00
01:24:23 PM      0.28      0.51      0.44      0.00      0.28      0.51      0.44      0.00
01:24:28 PM      0.15      0.46      0.43      5.15      0.15      0.46      0.43      5.15
01:24:33 PM      2.33      0.91      0.53      0.86      2.33      0.91      0.53      0.86
01:24:38 PM      1.27      0.82      0.52      0.00      1.27      0.82      0.52      0.00
01:24:43 PM      0.85      0.77      0.51      0.00      0.85      0.77      0.51      0.00
01:24:48 PM      0.46      0.69      0.50      0.00      0.46      0.69      0.50      0.00
01:24:53 PM      0.31      0.65      0.49      0.00      0.31      0.65      0.49      0.00
01:24:58 PM      0.17      0.58      0.48      0.95      0.17      0.58      0.48      0.95
01:25:03 PM      0.41      0.61      0.49      0.00      0.41      0.61      0.49      0.00
01:25:08 PM      0.22      0.55      0.48      0.00      0.22      0.55      0.48      0.00
01:25:13 PM      0.15      0.51      0.47      0.00      0.15      0.51      0.47      0.00
01:25:18 PM      0.08      0.46      0.46      0.00      0.08      0.46      0.46      0.00
01:25:23 PM      0.05      0.43      0.45      0.00      0.05      0.43      0.45      0.00
01:25:28 PM      0.02      0.39      0.44      3.81      0.02      0.39      0.44      3.81
01:25:33 PM      1.50      0.68      0.51      0.44      1.50      0.68      0.51      0.44
01:25:38 PM      0.82      0.62      0.49      0.00      0.82      0.62      0.49      0.00
01:25:43 PM      0.55      0.58      0.49      0.00      0.55      0.58      0.49      0.00
01:25:48 PM      0.30      0.52      0.48      0.00      0.30      0.52      0.48      0.00
01:25:53 PM      0.20      0.49      0.47      0.00      0.20      0.49      0.47      0.00
01:25:58 PM      0.11      0.44      0.46      1.27      0.11      0.44      0.46      1.27
01:26:03 PM      0.66      0.54      0.48      0.55      0.66      0.54      0.48      0.55
01:26:08 PM      0.36      0.48      0.47      0.00      0.36      0.48      0.47      0.00
01:26:13 PM      0.24      0.45      0.46      0.00      0.24      0.45      0.46      0.00
01:26:18 PM      0.13      0.41      0.45      0.00      0.13      0.41      0.45      0.00
01:26:23 PM      0.08      0.38      0.45      0.00      0.08      0.38      0.45      0.00
01:26:28 PM      0.04      0.34      0.44      1.33      0.04      0.34      0.44      1.33
01:26:33 PM      0.62      0.45      0.46      0.45      0.62      0.45      0.46      0.45
01:26:38 PM      0.34      0.40      0.45      0.00      0.34      0.40      0.45      0.00
01:26:43 PM      0.22      0.38      0.44      0.00      0.22      0.38      0.44      0.00
01:26:48 PM      0.12      0.34      0.43      0.00      0.12      0.34      0.43      0.00
01:26:53 PM      0.08      0.32      0.42      0.00      0.08      0.32      0.42      0.00
01:26:58 PM      0.04      0.29      0.41      0.87      0.04      0.29      0.41      0.87
01:27:03 PM      0.32      0.33      0.42      0.21      0.32      0.33      0.42      0.21
01:27:08 PM      0.17      0.30      0.41      0.00      0.17      0.30      0.41      0.00
01:27:13 PM      0.11      0.28      0.41      0.00      0.11      0.28      0.41      0.00
01:27:18 PM      0.06      0.25      0.40      0.00      0.06      0.25      0.40      0.00
01:27:23 PM      0.04      0.23      0.39      0.00      0.04      0.23      0.39      0.00
01:27:28 PM      0.02      0.21      0.38      0.07      0.02      0.21      0.38      0.07
01:27:33 PM      0.16      0.23      0.39      0.40      0.16      0.23      0.39      0.40
01:27:38 PM      0.08      0.21      0.38      0.00      0.08      0.21      0.38      0.00
01:27:43 PM      0.05      0.19      0.37      0.00      0.05      0.19      0.37      0.00
01:27:48 PM      0.03      0.17      0.36      0.00      0.03      0.17      0.36      0.00
01:27:53 PM      0.02      0.16      0.36      0.00      0.02      0.16      0.36      0.00
01:27:58 PM      0.01      0.14      0.35      0.00      0.01      0.14      0.35      0.00
01:28:03 PM      0.89      0.32      0.38      2.63      0.89      0.32      0.38      2.63
01:28:08 PM      0.49      0.29      0.37      0.00      0.49      0.29      0.37      0.00
01:28:13 PM      0.32      0.27      0.37      0.00      0.32      0.27      0.37      0.00
01:28:18 PM      0.18      0.25      0.36      0.19      0.18      0.25      0.36      0.19
01:28:23 PM      0.12      0.23      0.35      0.00      0.12      0.23      0.35      0.00
01:28:28 PM      0.06      0.21      0.35      0.00      0.06      0.21      0.35      0.00
01:28:33 PM      1.23      0.45      0.40      3.28      1.23      0.45      0.40      3.28
01:28:38 PM      0.67      0.40      0.39      0.00      0.67      0.40      0.39      0.00
01:28:43 PM      0.45      0.37      0.38      0.00      0.45      0.37      0.38      0.00
01:28:48 PM      0.24      0.34      0.37      0.00      0.24      0.34      0.37      0.00
01:28:53 PM      0.16      0.32      0.37      0.00      0.16      0.32      0.37      0.00
01:28:58 PM      0.09      0.28      0.36      0.00      0.09      0.28      0.36      0.00
01:29:03 PM      0.20      0.30      0.36      0.73      0.20      0.30      0.36      0.73
01:29:08 PM      0.11      0.27      0.35      0.00      0.11      0.27      0.35      0.00
01:29:13 PM      0.07      0.25      0.35      0.00      0.07      0.25      0.35      0.00
01:29:18 PM      0.04      0.22      0.34      0.00      0.04      0.22      0.34      0.00
01:29:23 PM      0.02      0.21      0.33      0.00      0.02      0.21      0.33      0.00
01:29:28 PM      0.01      0.19      0.33      0.00      0.01      0.19      0.33      0.00
01:29:33 PM      0.45      0.27      0.34      1.38      0.45      0.27      0.34      1.38
01:29:38 PM      0.24      0.24      0.34      0.00      0.24      0.24      0.34      0.00
01:29:43 PM      0.16      0.23      0.33      0.00      0.16      0.23      0.33      0.00
01:29:48 PM      0.09      0.20      0.32      0.00      0.09      0.20      0.32      0.00
01:29:53 PM      0.06      0.19      0.32      0.00      0.06      0.19      0.32      0.00
01:29:58 PM      0.03      0.17      0.31      0.00      0.03      0.17      0.31      0.00
01:30:03 PM      1.65      0.51      0.38      4.66      1.65      0.51      0.38      4.66
01:30:08 PM      0.90      0.46      0.37      0.23      0.90      0.46      0.37      0.23
01:30:13 PM      0.60      0.43      0.37      0.00      0.60      0.43      0.37      0.00
01:30:18 PM      0.33      0.39      0.36      0.00      0.33      0.39      0.36      0.00
01:30:23 PM      0.22      0.36      0.35      0.00      0.22      0.36      0.35      0.00
01:30:28 PM      0.12      0.32      0.34      0.00      0.12      0.32      0.34      0.00
01:30:33 PM      0.37      0.37      0.35      1.01      0.37      0.37      0.35      1.01
01:30:38 PM      0.20      0.33      0.35      0.00      0.20      0.33      0.35      0.00
01:30:43 PM      0.13      0.31      0.34      0.00      0.13      0.31      0.34      0.00
01:30:48 PM      0.07      0.28      0.33      0.00      0.07      0.28      0.33      0.00
01:30:53 PM      0.05      0.26      0.33      0.00      0.05      0.26      0.33      0.00
01:30:58 PM      0.02      0.23      0.32      0.00      0.02      0.23      0.32      0.00
01:31:03 PM      0.01      0.22      0.32      0.38      0.01      0.22      0.32      0.38
01:31:08 PM      0.00      0.20      0.31      0.00      0.00      0.20      0.31      0.00
01:31:13 PM      0.00      0.18      0.30      0.00      0.00      0.18      0.30      0.00
01:31:18 PM      0.00      0.16      0.30      0.00      0.00      0.16      0.30      0.00
01:31:23 PM      0.00      0.15      0.29      0.00      0.00      0.15      0.29      0.00
01:31:28 PM      0.00      0.14      0.28      0.00      0.00      0.14      0.28      0.00
01:31:33 PM      1.63      0.48      0.35      4.41      1.63      0.48      0.35      4.41
01:31:38 PM      0.89      0.43      0.35      0.00      0.89      0.43      0.35      0.00
01:31:43 PM      0.59      0.40      0.34      0.54      0.59      0.40      0.34      0.54
01:31:48 PM      0.45      0.39      0.34      0.00      0.45      0.39      0.34      0.00
01:31:53 PM      0.30      0.37      0.34      0.00      0.30      0.37      0.34      0.00
01:31:58 PM      0.16      0.33      0.33      0.00      0.16      0.33      0.33      0.00
01:32:03 PM      1.14      0.53      0.37      3.05      1.14      0.53      0.37      3.05
01:32:08 PM      0.63      0.48      0.36      0.00      0.63      0.48      0.36      0.00
01:32:13 PM      0.42      0.45      0.36      0.00      0.42      0.45      0.36      0.00
01:32:18 PM      0.23      0.40      0.35      0.00      0.23      0.40      0.35      0.00
01:32:23 PM      0.15      0.38      0.34      0.00      0.15      0.38      0.34      0.00
01:32:28 PM      0.08      0.34      0.34      0.00      0.08      0.34      0.34      0.00
01:32:33 PM      1.42      0.60      0.39      3.97      1.42      0.60      0.39      3.97
01:32:38 PM      0.78      0.54      0.39      0.00      0.78      0.54      0.39      0.00
01:32:43 PM      0.52      0.51      0.38      0.00      0.52      0.51      0.38      0.00
01:32:48 PM      0.28      0.46      0.37      0.00      0.28      0.46      0.37      0.00
01:32:53 PM      0.19      0.43      0.37      0.00      0.19      0.43      0.37      0.00
01:32:58 PM      0.10      0.39      0.36      0.00      0.10      0.39      0.36      0.00
01:33:03 PM      0.06      0.36      0.35      0.23      0.06      0.36      0.35      0.23
01:33:08 PM      0.03      0.33      0.34      0.00      0.03      0.33      0.34      0.00
01:33:13 PM      0.02      0.30      0.34      0.00      0.02      0.30      0.34      0.00
01:33:18 PM      0.01      0.27      0.33      0.15      0.01      0.27      0.33      0.15
01:33:23 PM      0.00      0.25      0.33      0.00      0.00      0.25      0.33      0.00
01:33:28 PM      0.00      0.23      0.32      0.00      0.00      0.23      0.32      0.00
01:33:33 PM      0.44      0.31      0.33      1.38      0.44      0.31      0.33      1.38
01:33:38 PM      0.24      0.28      0.33      0.00      0.24      0.28      0.33      0.00
01:33:43 PM      0.16      0.26      0.32      0.00      0.16      0.26      0.32      0.00
01:33:48 PM      0.08      0.23      0.32      0.00      0.08      0.23      0.32      0.00
01:33:53 PM      0.05      0.22      0.31      0.00      0.05      0.22      0.31      0.00
01:33:58 PM      0.03      0.20      0.30      0.00      0.03      0.20      0.30      0.00
01:34:03 PM      0.02      0.18      0.30      0.37      0.02      0.18      0.30      0.37
01:34:08 PM      0.01      0.16      0.29      0.00      0.01      0.16      0.29      0.00
01:34:13 PM      0.00      0.15      0.29      0.00      0.00      0.15      0.29      0.00
01:34:18 PM      0.00      0.14      0.28      0.00      0.00      0.14      0.28      0.00
01:34:23 PM      0.00      0.13      0.27      0.08      0.00      0.13      0.27      0.08
01:34:28 PM      0.00      0.11      0.27      0.00      0.00      0.11      0.27      0.00
01:34:33 PM      0.14      0.14      0.27      0.42      0.14      0.14      0.27      0.42
01:34:38 PM      0.08      0.12      0.27      0.00      0.08      0.12      0.27      0.00
01:34:43 PM      0.05      0.12      0.26      0.00      0.05      0.12      0.26      0.00
01:34:48 PM      0.02      0.10      0.26      0.00      0.02      0.10      0.26      0.00
Average:         0.23      0.22      0.19      0.25      0.23      0.22      0.19      0.25
