Linux 7.0.10-arch1-1 (archlinux) 	06/04/2026 	_x86_64_	(4 CPU)

12:55:11 PM  pgpgin/s pgpgout/s   fault/s  majflt/s  pgfree/s pgscank/s pgscand/s pgsteal/s  pgprom/s   pgdem/s
12:55:16 PM      0.00      1.60   1152.30      0.00     60.48      0.00      0.00      0.00      0.00      0.00
12:55:21 PM      0.00      0.00      0.80      0.00      4.40      0.00      0.00      0.00      0.00      0.00
12:55:26 PM      0.00     74.40      0.80      0.00      4.40      0.00      0.00      0.00      0.00      0.00
12:55:31 PM      0.00      0.00      0.00      0.00      3.80      0.00      0.00      0.00      0.00      0.00
12:55:36 PM      0.00      0.00      0.40      0.00      4.20      0.00      0.00      0.00      0.00      0.00
12:55:41 PM      3.20    296.80      3.40      0.00      3.20      0.00      0.00      0.00      0.00      0.00
12:55:46 PM      0.00      4.00      7.00      0.00     12.00      0.00      0.00      0.00      0.00      0.00
12:55:51 PM    123.20     29.60      1.20      0.60     48.80      0.00      0.00      0.00      0.00      0.00
12:55:56 PM      8.80      0.00      0.60      0.40      5.60      0.00      0.00      0.00      0.00      0.00
12:56:01 PM      0.00      0.00      0.00      0.00      4.40      0.00      0.00      0.00      0.00      0.00
12:56:06 PM      7.20      0.00      0.40      0.40      5.00      0.00      0.00      0.00      0.00      0.00
12:56:11 PM      0.00      4.00      0.00      0.00     17.00      0.00      0.00      0.00      0.00      0.00
12:56:16 PM    256.00    199.20      8.00      1.60     23.20      0.00      0.00      0.00      0.00      0.00
12:56:21 PM      0.00      0.00      0.00      0.00      4.00      0.00      0.00      0.00      0.00      0.00
12:56:26 PM      1.60      0.00      1.20      0.40      5.60      0.00      0.00      0.00      0.00      0.00
12:56:31 PM      0.80      0.00      0.60      0.20    311.40      0.00      0.00      0.00      0.00      0.00
12:56:36 PM     12.00      0.80      0.20      0.20      4.40      0.00      0.00      0.00      0.00      0.00
12:56:41 PM      0.00      0.00      0.40      0.00      0.40      0.00      0.00      0.00      0.00      0.00
12:56:46 PM      0.00    112.80      0.00      0.00      4.20      0.00      0.00      0.00      0.00      0.00
12:56:51 PM      4.00      0.00      5.00      1.00      7.40      0.00      0.00      0.00      0.00      0.00
12:56:56 PM      0.00      0.80      0.00      0.00      6.00      0.00      0.00      0.00      0.00      0.00
12:57:01 PM      8.00      0.00      6.00      0.20      4.20      0.00      0.00      0.00      0.00      0.00
12:57:06 PM      0.00      0.00      0.20      0.00      4.40      0.00      0.00      0.00      0.00      0.00
12:57:11 PM      0.00      0.00      0.40      0.00      1.00      0.00      0.00      0.00      0.00      0.00
12:57:16 PM      0.00    112.00      0.00      0.00     10.80      0.00      0.00      0.00      0.00      0.00
12:57:21 PM      0.80      0.00      0.20      0.20      4.40      0.00      0.00      0.00      0.00      0.00
12:57:26 PM      0.00     32.00      0.00      0.00      4.00      0.00      0.00      0.00      0.00      0.00
12:57:31 PM      0.00     21.60      0.00      0.00      4.00      0.00      0.00      0.00      0.00      0.00
12:57:36 PM      0.00      0.00      0.00      0.00      3.80      0.00      0.00      0.00      0.00      0.00
12:57:41 PM      0.00      0.00      0.00      0.00      1.20      0.00      0.00      0.00      0.00      0.00
12:57:46 PM      0.00      0.80      0.00      0.00      4.80      0.00      0.00      0.00      0.00      0.00
12:57:51 PM      0.00     98.40      0.00      0.00      3.80      0.00      0.00      0.00      0.00      0.00
12:57:56 PM    164.00      0.00      0.60      0.40      4.00      0.00      0.00      0.00      0.00      0.00
12:58:01 PM      0.00      0.00      0.00      0.00      4.00      0.00      0.00      0.00      0.00      0.00
12:58:06 PM      6.40      1.60      0.20      0.20      4.20      0.00      0.00      0.00      0.00      0.00
12:58:11 PM      0.00      0.00      0.00      0.00      0.40      0.00      0.00      0.00      0.00      0.00
12:58:16 PM      0.00      0.00      0.00      0.00      4.20      0.00      0.00      0.00      0.00      0.00
12:58:21 PM      0.00      0.00      0.00      0.00      3.80      0.00      0.00      0.00      0.00      0.00
12:58:26 PM      4.80    143.20      1.00      0.40      5.80      0.00      0.00      0.00      0.00      0.00
12:58:31 PM      0.00      0.80      0.00      0.00      4.40      0.00      0.00      0.00      0.00      0.00
12:58:36 PM      0.00      0.00      0.00      0.00      3.80      0.00      0.00      0.00      0.00      0.00
12:58:41 PM      0.00      3.20      0.00      0.00      5.40      0.00      0.00      0.00      0.00      0.00
12:58:46 PM    176.00      0.00      0.80      0.60      4.00      0.00      0.00      0.00      0.00      0.00
12:58:51 PM      0.00      0.00      0.40      0.00    107.00      0.00      0.00      0.00      0.00      0.00
12:58:56 PM     27.20      0.00      1.20      0.40      5.80      0.00      0.00      0.00      0.00      0.00
12:59:01 PM     40.80      0.00      1.20      0.20      5.60      0.00      0.00      0.00      0.00      0.00
12:59:06 PM      8.80      0.00      6.20      0.40      5.60      0.00      0.00      0.00      0.00      0.00
12:59:11 PM      0.00    207.20      0.00      0.00      0.80      0.00      0.00      0.00      0.00      0.00
12:59:16 PM    136.80      4.00      0.40      0.20      8.00      0.00      0.00      0.00      0.00      0.00
12:59:21 PM      0.00      0.00      0.00      0.00      4.20      0.00      0.00      0.00      0.00      0.00
12:59:26 PM      0.00      0.00      0.00      0.00      4.40      0.00      0.00      0.00      0.00      0.00
12:59:31 PM      0.00      0.00      0.00      0.00      3.80      0.00      0.00      0.00      0.00      0.00
12:59:36 PM      0.00      2.40      0.00      0.00      5.00      0.00      0.00      0.00      0.00      0.00
12:59:41 PM      0.80    129.60      1.20      0.20      5.00      0.00      0.00      0.00      0.00      0.00
12:59:46 PM     36.00    175.20      0.60      0.40      8.40      0.00      0.00      0.00      0.00      0.00
12:59:51 PM    580.80      4.00    287.80      3.20    226.60      0.00      0.00      0.00      0.00      0.00
12:59:56 PM      0.00      0.00      0.00      0.00      3.80      0.00      0.00      0.00      0.00      0.00
01:00:01 PM      0.00     89.60      0.00      0.00     35.60      0.00      0.00      0.00      0.00      0.00
01:00:06 PM     15.20      0.00      0.60      0.40      9.00      0.00      0.00      0.00      0.00      0.00
01:00:11 PM      0.00     32.00      0.00      0.00      0.60      0.00      0.00      0.00      0.00      0.00
01:00:16 PM     50.40     12.80      3.20      3.00     10.20      0.00      0.00      0.00      0.00      0.00
01:00:21 PM      0.00    143.20      0.00      0.00      4.00      0.00      0.00      0.00      0.00      0.00
01:00:26 PM      0.00      4.00      0.40      0.00      3.80      0.00      0.00      0.00      0.00      0.00
01:00:31 PM      0.00      0.00      0.00      0.00      4.00      0.00      0.00      0.00      0.00      0.00
01:00:36 PM      0.00     56.80      0.00      0.00     21.60      0.00      0.00      0.00      0.00      0.00
01:00:41 PM      1.60      0.00      0.40      0.40      1.40      0.00      0.00      0.00      0.00      0.00
01:00:46 PM      0.00      0.00      0.00      0.00      4.20      0.00      0.00      0.00      0.00      0.00
01:00:51 PM      1.60     33.60      0.40      0.40      4.60      0.00      0.00      0.00      0.00      0.00
01:00:56 PM      0.00    104.80      0.00      0.00      4.00      0.00      0.00      0.00      0.00      0.00
01:01:01 PM      0.00     12.00      0.00      0.00      6.80      0.00      0.00      0.00      0.00      0.00
01:01:06 PM     93.60      0.00      2.80      2.80      7.00      0.00      0.00      0.00      0.00      0.00
01:01:11 PM      0.00      0.00      0.00      0.00      0.60      0.00      0.00      0.00      0.00      0.00
01:01:16 PM      0.00     42.40      0.60      0.00     16.80      0.00      0.00      0.00      0.00      0.00
01:01:21 PM      0.00      0.00      0.00      0.00      3.80      0.00      0.00      0.00      0.00      0.00
01:01:26 PM      0.00     32.00      0.00      0.00      3.80      0.00      0.00      0.00      0.00      0.00
01:01:31 PM     16.00    168.80      0.00      0.00      4.00      0.00      0.00      0.00      0.00      0.00
01:01:36 PM      0.00      4.00      0.00      0.00      3.80      0.00      0.00      0.00      0.00      0.00
01:01:41 PM      0.00      0.00      0.00      0.00      0.60      0.00      0.00      0.00      0.00      0.00
01:01:46 PM     11.20      0.00      0.20      0.20      4.00      0.00      0.00      0.00      0.00      0.00
01:01:51 PM      0.00      1.60      0.00      0.00      4.40      0.00      0.00      0.00      0.00      0.00
01:01:56 PM      8.00      9.60      2.00      2.00     10.60      0.00      0.00      0.00      0.00      0.00
01:02:01 PM      0.00     32.80      0.00      0.00      5.20      0.00      0.00      0.00      0.00      0.00
01:02:06 PM     53.60    130.40      1.20      0.80      3.80      0.00      0.00      0.00      0.00      0.00
01:02:11 PM      0.00     10.40      0.00      0.00      2.20      0.00      0.00      0.00      0.00      0.00
01:02:16 PM     15.20      0.00      0.40      0.20      4.20      0.00      0.00      0.00      0.00      0.00
01:02:21 PM     23.20      1.60      2.40      2.20      6.60      0.00      0.00      0.00      0.00      0.00
01:02:26 PM     12.80      0.80      1.40      0.60      6.40      0.00      0.00      0.00      0.00      0.00
01:02:31 PM      0.00      1.60      0.00      0.00      4.20      0.00      0.00      0.00      0.00      0.00
01:02:36 PM      0.00     32.00      0.00      0.00      4.00      0.00      0.00      0.00      0.00      0.00
01:02:41 PM      0.00    144.00      0.00      0.00      1.00      0.00      0.00      0.00      0.00      0.00
01:02:46 PM     42.40      5.60      1.20      1.20      4.40      0.00      0.00      0.00      0.00      0.00
01:02:51 PM     72.80      0.00      2.00      0.60      4.40      0.00      0.00      0.00      0.00      0.00
01:02:56 PM      0.00      0.00      1.20      0.00      3.80      0.00      0.00      0.00      0.00      0.00
01:03:01 PM      0.00      0.00      0.00      0.00      4.40      0.00      0.00      0.00      0.00      0.00
01:03:06 PM     12.80      0.00      0.60      0.60      4.00      0.00      0.00      0.00      0.00      0.00
01:03:11 PM      0.00     32.00      0.00      0.00      1.20      0.00      0.00      0.00      0.00      0.00
01:03:16 PM      1.60    130.40      2.00      0.40      4.80      0.00      0.00      0.00      0.00      0.00
01:03:21 PM      0.00      4.80      0.00      0.00      4.40      0.00      0.00      0.00      0.00      0.00
01:03:26 PM      8.80     14.40      6.80      0.40      5.00      0.00      0.00      0.00      0.00      0.00
01:03:31 PM      0.00      0.00      0.20      0.00      4.20      0.00      0.00      0.00      0.00      0.00
01:03:36 PM      0.00      0.00      0.20      0.00      4.20      0.00      0.00      0.00      0.00      0.00
01:03:41 PM      0.00      0.00      0.20      0.00      1.00      0.00      0.00      0.00      0.00      0.00
01:03:46 PM      0.00     64.00      0.00      0.00      4.20      0.00      0.00      0.00      0.00      0.00
01:03:51 PM      0.00    181.60      0.00      0.00      4.00      0.00      0.00      0.00      0.00      0.00
01:03:56 PM      0.00     28.80      0.00      0.00      4.80      0.00      0.00      0.00      0.00      0.00
01:04:01 PM      0.00      2.40      0.40      0.00      5.40      0.00      0.00      0.00      0.00      0.00
01:04:06 PM     43.20      0.00      1.20      1.00      4.00      0.00      0.00      0.00      0.00      0.00
01:04:11 PM      0.00      0.00      0.00      0.00      0.40      0.00      0.00      0.00      0.00      0.00
01:04:16 PM      0.00      2.40      0.00      0.00      5.80      0.00      0.00      0.00      0.00      0.00
01:04:21 PM      0.00     51.20      0.00      0.00      4.00      0.00      0.00      0.00      0.00      0.00
01:04:26 PM      0.00    149.60      0.60      0.00      3.80      0.00      0.00      0.00      0.00      0.00
01:04:31 PM      0.00      4.80      0.00      0.00      4.00      0.00      0.00      0.00      0.00      0.00
01:04:36 PM      0.00      0.00      0.00      0.00      3.80      0.00      0.00      0.00      0.00      0.00
01:04:41 PM      0.00      0.00      0.00      0.00      0.60      0.00      0.00      0.00      0.00      0.00
01:04:46 PM      1.60      0.80      0.40      0.40      7.60      0.00      0.00      0.00      0.00      0.00
01:04:51 PM    137.60      0.00    293.00      5.40    210.20      0.00      0.00      0.00      0.00      0.00
01:04:56 PM      0.00     32.00      0.00      0.00      3.80      0.00      0.00      0.00      0.00      0.00
01:05:01 PM      0.00    130.40      0.00      0.00      3.80      0.00      0.00      0.00      0.00      0.00
01:05:06 PM      0.00      4.00      0.20      0.00      4.00      0.00      0.00      0.00      0.00      0.00
01:05:11 PM      0.00      0.00      0.00      0.00      0.40      0.00      0.00      0.00      0.00      0.00
01:05:16 PM      0.00     11.20      0.00      0.00      7.60      0.00      0.00      0.00      0.00      0.00
01:05:21 PM      0.00      0.00      0.00      0.00      3.80      0.00      0.00      0.00      0.00      0.00
01:05:26 PM     84.80     87.20      1.40      0.40     27.60      0.00      0.00      0.00      0.00      0.00
01:05:31 PM     28.00     56.80      2.00      0.40     12.60      0.00      0.00      0.00      0.00      0.00
01:05:36 PM      0.00    111.20      1.20      0.00    158.20      0.00      0.00      0.00      0.00      0.00
01:05:41 PM      7.20      4.80      1.80      1.80      3.60      0.00      0.00      0.00      0.00      0.00
01:05:46 PM      0.00      0.00      0.00      0.00      4.00      0.00      0.00      0.00      0.00      0.00
01:05:51 PM      0.00      0.00      0.00      0.00      4.00      0.00      0.00      0.00      0.00      0.00
01:05:56 PM      0.80      0.00      0.40      0.20      4.80      0.00      0.00      0.00      0.00      0.00
01:06:01 PM     11.20     30.40      0.20      0.20     17.20      0.00      0.00      0.00      0.00      0.00
01:06:06 PM      4.80     32.00      1.20      1.20      5.80      0.00      0.00      0.00      0.00      0.00
01:06:11 PM      0.00    130.40      0.00      0.00      0.60      0.00      0.00      0.00      0.00      0.00
01:06:16 PM      0.00      5.60      0.00      0.00      4.20      0.00      0.00      0.00      0.00      0.00
01:06:21 PM      0.00      0.00      0.00      0.00      3.80      0.00      0.00      0.00      0.00      0.00
01:06:26 PM      4.00      0.00      1.00      1.00      4.80      0.00      0.00      0.00      0.00      0.00
01:06:31 PM      0.00      0.00      0.00      0.00      3.80      0.00      0.00      0.00      0.00      0.00
01:06:36 PM      0.00      1.60      0.00      0.00      4.40      0.00      0.00      0.00      0.00      0.00
01:06:41 PM      0.00     32.00      0.00      0.00      0.40      0.00      0.00      0.00      0.00      0.00
01:06:46 PM      0.00    111.20      0.00      0.00      4.20      0.00      0.00      0.00      0.00      0.00
01:06:51 PM      1.60      4.00      0.40      0.40      3.80      0.00      0.00      0.00      0.00      0.00
01:06:56 PM      0.00      0.00      0.00      0.00      4.00      0.00      0.00      0.00      0.00      0.00
01:07:01 PM      0.00      0.00      0.00      0.00      3.80      0.00      0.00      0.00      0.00      0.00
01:07:06 PM      0.80      0.00      0.40      0.20      4.80      0.00      0.00      0.00      0.00      0.00
01:07:11 PM      0.00      0.00      0.00      0.00      0.60      0.00      0.00      0.00      0.00      0.00
01:07:16 PM      0.00     32.00      0.00      0.00      4.20      0.00      0.00      0.00      0.00      0.00
01:07:21 PM      6.40    162.40      0.00      0.00      4.00      0.00      0.00      0.00      0.00      0.00
01:07:26 PM      0.00      4.80      0.00      0.00      3.80      0.00      0.00      0.00      0.00      0.00
01:07:31 PM      0.00      0.00      0.00      0.00      4.00      0.00      0.00      0.00      0.00      0.00
01:07:36 PM      0.00      0.00      0.00      0.00      3.80      0.00      0.00      0.00      0.00      0.00
01:07:41 PM      0.00      0.80      0.00      0.00      1.00      0.00      0.00      0.00      0.00      0.00
01:07:46 PM     48.80      8.00      2.80      2.40      8.80      0.00      0.00      0.00      0.00      0.00
01:07:51 PM      0.00     32.00      0.00      0.00      3.80      0.00      0.00      0.00      0.00      0.00
01:07:56 PM      0.00    122.40      0.00      0.00      5.40      0.00      0.00      0.00      0.00      0.00
01:08:01 PM      0.00      4.00      0.00      0.00      3.80      0.00      0.00      0.00      0.00      0.00
01:08:06 PM      1.60      0.00      0.40      0.40      5.00      0.00      0.00      0.00      0.00      0.00
01:08:11 PM     18.40      1.60      1.20      1.00      2.80      0.00      0.00      0.00      0.00      0.00
01:08:16 PM     28.00      1.60      2.00      1.00      5.60      0.00      0.00      0.00      0.00      0.00
01:08:21 PM      0.80      0.00      0.20      0.20      5.40      0.00      0.00      0.00      0.00      0.00
01:08:26 PM     12.80    113.60      8.00      1.40      5.80      0.00      0.00      0.00      0.00      0.00
01:08:31 PM      0.00    183.20      5.40      0.00      4.40      0.00      0.00      0.00      0.00      0.00
01:08:36 PM      0.00      5.60      0.00      0.00      4.00      0.00      0.00      0.00      0.00      0.00
01:08:41 PM      0.00      0.00      0.00      0.00      1.20      0.00      0.00      0.00      0.00      0.00
01:08:46 PM     11.20      3.20      0.20      0.20      5.20      0.00      0.00      0.00      0.00      0.00
01:08:51 PM      1.60      0.00      0.40      0.40      4.20      0.00      0.00      0.00      0.00      0.00
01:08:56 PM      0.00     20.80      0.00      0.00      3.80      0.00      0.00      0.00      0.00      0.00
01:09:01 PM     26.40    208.80      0.80      0.80      5.00      0.00      0.00      0.00      0.00      0.00
01:09:06 PM      0.80      0.00      1.00      0.20      4.20      0.00      0.00      0.00      0.00      0.00
01:09:11 PM      0.00      4.00      0.00      0.00      0.40      0.00      0.00      0.00      0.00      0.00
01:09:16 PM      0.00      0.00      0.20      0.00      4.20      0.00      0.00      0.00      0.00      0.00
01:09:21 PM      0.00      0.80      0.00      0.00      4.20      0.00      0.00      0.00      0.00      0.00
01:09:26 PM      3.20      4.80      1.00      0.80      7.00      0.00      0.00      0.00      0.00      0.00
01:09:31 PM     13.60      4.00      0.20      0.20      5.40      0.00      0.00      0.00      0.00      0.00
01:09:36 PM     11.20     32.00      0.60      0.20      4.00      0.00      0.00      0.00      0.00      0.00
01:09:41 PM     26.35    134.93      1.60      0.60      2.40      0.00      0.00      0.00      0.00      0.00
01:09:46 PM     15.23      4.01      4.81      0.60      7.62      0.00      0.00      0.00      0.00      0.00
01:09:51 PM    376.80      0.00    575.40     12.60    397.20      0.00      0.00      0.00      0.00      0.00
01:09:56 PM      0.00      0.00      0.00      0.00      3.80      0.00      0.00      0.00      0.00      0.00
01:10:01 PM      0.00      0.00      0.00      0.00      4.40      0.00      0.00      0.00      0.00      0.00
01:10:06 PM      0.80      4.80      0.40      0.20      6.40      0.00      0.00      0.00      0.00      0.00
01:10:11 PM      0.00     51.10      0.00      0.00      0.60      0.00      0.00      0.00      0.00      0.00
01:10:16 PM      0.80    124.00      0.20      0.20      4.00      0.00      0.00      0.00      0.00      0.00
01:10:21 PM      0.00     36.00      0.00      0.00      4.20      0.00      0.00      0.00      0.00      0.00
01:10:26 PM      0.00      0.00      1.80      0.00      3.80      0.00      0.00      0.00      0.00      0.00
01:10:31 PM      0.00     14.40      0.00      0.00      9.60      0.00      0.00      0.00      0.00      0.00
01:10:36 PM      0.80      0.00      0.80      0.20      4.80      0.00      0.00      0.00      0.00      0.00
01:10:41 PM      2.40      0.00      0.60      0.60      1.80      0.00      0.00      0.00      0.00      0.00
01:10:46 PM      0.00     32.00      0.00      0.00      4.20      0.00      0.00      0.00      0.00      0.00
01:10:51 PM      1.60    143.20      0.40      0.40      3.80      0.00      0.00      0.00      0.00      0.00
01:10:56 PM      0.00     77.60      0.00      0.00     28.80      0.00      0.00      0.00      0.00      0.00
01:11:01 PM      0.00      0.00      0.00      0.00    108.00      0.00      0.00      0.00      0.00      0.00
01:11:06 PM      0.80      0.00      0.20      0.20      4.00      0.00      0.00      0.00      0.00      0.00
01:11:11 PM      0.00      0.00      0.00      0.00      0.40      0.00      0.00      0.00      0.00      0.00
01:11:16 PM      0.00      0.00      0.00      0.00      4.20      0.00      0.00      0.00      0.00      0.00
01:11:21 PM      0.00     32.00      0.00      0.00      3.80      0.00      0.00      0.00      0.00      0.00
01:11:26 PM      0.80    111.20      1.00      0.20      4.00      0.00      0.00      0.00      0.00      0.00
01:11:31 PM      0.00      4.00      0.00      0.00      4.00      0.00      0.00      0.00      0.00      0.00
01:11:36 PM      0.00      0.00      0.00      0.00      3.80      0.00      0.00      0.00      0.00      0.00
01:11:41 PM      0.00      0.00      0.00      0.00      0.60      0.00      0.00      0.00      0.00      0.00
01:11:46 PM      0.00      0.00      0.20      0.00      4.00      0.00      0.00      0.00      0.00      0.00
01:11:51 PM      0.00      0.00      0.00      0.00      4.00      0.00      0.00      0.00      0.00      0.00
01:11:56 PM     13.60     60.80      0.60      0.60     15.60      0.00      0.00      0.00      0.00      0.00
01:12:01 PM      0.00    149.60      1.60      0.00      4.00      0.00      0.00      0.00      0.00      0.00
01:12:06 PM      0.80      7.20      0.40      0.20      4.80      0.00      0.00      0.00      0.00      0.00
01:12:11 PM      0.00      0.00      0.00      0.00      0.40      0.00      0.00      0.00      0.00      0.00
01:12:16 PM      0.80      2.40      0.20      0.20      5.00      0.00      0.00      0.00      0.00      0.00
01:12:21 PM      6.40      4.00      1.60      1.60      7.20      0.00      0.00      0.00      0.00      0.00
01:12:26 PM      0.00      0.00      0.00      0.00      4.20      0.00      0.00      0.00      0.00      0.00
01:12:31 PM      0.00     32.00      0.00      0.00      3.80      0.00      0.00      0.00      0.00      0.00
01:12:36 PM      0.00    117.60      0.00      0.00      4.00      0.00      0.00      0.00      0.00      0.00
01:12:41 PM      0.00      8.80      0.00      0.00      1.60      0.00      0.00      0.00      0.00      0.00
01:12:46 PM      5.60      0.80      1.40      1.40      5.20      0.00      0.00      0.00      0.00      0.00
01:12:51 PM      0.00      0.00      0.00      0.00      4.00      0.00      0.00      0.00      0.00      0.00
01:12:56 PM      0.80      0.80      0.20      0.20      5.00      0.00      0.00      0.00      0.00      0.00
01:13:01 PM      0.00      0.00      0.00      0.00      4.00      0.00      0.00      0.00      0.00      0.00
01:13:06 PM     23.20     37.60      0.80      0.60      5.60      0.00      0.00      0.00      0.00      0.00
01:13:11 PM      5.60    136.80      1.40      1.40      2.80      0.00      0.00      0.00      0.00      0.00
01:13:16 PM      1.60      4.80      0.40      0.40      4.80      0.00      0.00      0.00      0.00      0.00
01:13:21 PM      0.00      0.00      0.00      0.00      4.40      0.00      0.00      0.00      0.00      0.00
01:13:26 PM      8.80      0.00      5.80      0.40      4.40      0.00      0.00      0.00      0.00      0.00
01:13:31 PM      0.80     49.60      0.40      0.20      5.00      0.00      0.00      0.00      0.00      0.00
01:13:36 PM      0.00     14.40      5.40      0.00      5.20      0.00      0.00      0.00      0.00      0.00
01:13:41 PM      0.00     64.00      0.00      0.00      0.60      0.00      0.00      0.00      0.00      0.00
01:13:46 PM      0.00    149.60      0.00      0.00      5.40      0.00      0.00      0.00      0.00      0.00
01:13:51 PM      0.00      6.40      0.00      0.00      3.80      0.00      0.00      0.00      0.00      0.00
01:13:56 PM      0.00     20.80      0.00      0.00      4.00      0.00      0.00      0.00      0.00      0.00
01:14:01 PM      1.60      2.40      0.40      0.40      5.60      0.00      0.00      0.00      0.00      0.00
01:14:06 PM     42.40      0.80      1.00      0.80      5.20      0.00      0.00      0.00      0.00      0.00
01:14:11 PM      0.00      0.00      0.00      0.00      0.40      0.00      0.00      0.00      0.00      0.00
01:14:16 PM      0.00     32.00      0.00      0.00      4.00      0.00      0.00      0.00      0.00      0.00
01:14:21 PM      0.00    143.20      0.00      0.00      4.00      0.00      0.00      0.00      0.00      0.00
01:14:26 PM      0.00      4.00      0.00      0.00      4.00      0.00      0.00      0.00      0.00      0.00
01:14:31 PM      0.00      0.00      0.00      0.00      4.00      0.00      0.00      0.00      0.00      0.00
01:14:36 PM      0.00      4.00      0.00      0.00      5.20      0.00      0.00      0.00      0.00      0.00
01:14:41 PM      0.00      0.00      0.00      0.00      0.60      0.00      0.00      0.00      0.00      0.00
01:14:46 PM      1.60      4.00      0.40      0.40      8.40      0.00      0.00      0.00      0.00      0.00
01:14:51 PM    108.00     32.00    288.60      8.20    230.40      0.00      0.00      0.00      0.00      0.00
01:14:56 PM      0.00    112.80      0.00      0.00      4.60      0.00      0.00      0.00      0.00      0.00
01:15:01 PM      0.00      4.80      0.00      0.00      4.60      0.00      0.00      0.00      0.00      0.00
01:15:06 PM      0.00      0.00      0.20      0.00      4.00      0.00      0.00      0.00      0.00      0.00
01:15:11 PM      0.00      2.40      0.00      0.00      1.40      0.00      0.00      0.00      0.00      0.00
01:15:16 PM      2.40      0.00      0.60      0.60      6.40      0.00      0.00      0.00      0.00      0.00
01:15:21 PM     11.20     16.80      0.20      0.20     13.20      0.00      0.00      0.00      0.00      0.00
01:15:26 PM      0.00     32.00      0.00      0.00      4.00      0.00      0.00      0.00      0.00      0.00
01:15:31 PM      0.00    130.40      0.00      0.00      4.00      0.00      0.00      0.00      0.00      0.00
01:15:36 PM      0.00      4.00      0.00      0.00      3.80      0.00      0.00      0.00      0.00      0.00
01:15:41 PM      0.80     28.80      0.20      0.20     10.60      0.00      0.00      0.00      0.00      0.00
01:15:46 PM      0.00      0.00      0.00      0.00      4.00      0.00      0.00      0.00      0.00      0.00
01:15:51 PM      0.00      0.00      0.00      0.00      4.40      0.00      0.00      0.00      0.00      0.00
01:15:56 PM      0.00      0.00      0.00      0.00      3.80      0.00      0.00      0.00      0.00      0.00
01:16:01 PM      0.00     40.00      0.00      0.00      6.00      0.00      0.00      0.00      0.00      0.00
01:16:06 PM      8.00    111.20      2.00      2.00      7.40      0.00      0.00      0.00      0.00      0.00
01:16:11 PM      0.00      4.80      0.00      0.00      0.60      0.00      0.00      0.00      0.00      0.00
01:16:16 PM      0.00      0.00      0.00      0.00      4.00      0.00      0.00      0.00      0.00      0.00
01:16:21 PM      0.00      3.20      0.00      0.00      4.80      0.00      0.00      0.00      0.00      0.00
01:16:26 PM      1.60      0.00      0.40      0.40      4.80      0.00      0.00      0.00      0.00      0.00
01:16:31 PM      4.80      1.60      1.20      1.20      7.40      0.00      0.00      0.00      0.00      0.00
01:16:36 PM      0.00     32.00      0.00      0.00      4.00      0.00      0.00      0.00      0.00      0.00
01:16:41 PM      6.40    172.80      0.00      0.00      1.40      0.00      0.00      0.00      0.00      0.00
01:16:46 PM      0.00      4.80      0.00      0.00      4.20      0.00      0.00      0.00      0.00      0.00
01:16:51 PM      0.00      0.00      0.00      0.00      3.80      0.00      0.00      0.00      0.00      0.00
01:16:56 PM      9.60     10.40      2.40      2.40     12.20      0.00      0.00      0.00      0.00      0.00
01:17:01 PM      0.00      0.00      0.00      0.00      3.80      0.00      0.00      0.00      0.00      0.00
01:17:06 PM      0.80      0.00      0.20      0.20      3.80      0.00      0.00      0.00      0.00      0.00
01:17:11 PM      0.00     32.00      0.00      0.00      0.60      0.00      0.00      0.00      0.00      0.00
01:17:16 PM      0.00    119.20      0.00      0.00      4.40      0.00      0.00      0.00      0.00      0.00
01:17:21 PM     19.20     11.20      2.20      2.20     11.40      0.00      0.00      0.00      0.00      0.00
01:17:26 PM      0.00      0.80      0.00      0.00      4.00      0.00      0.00      0.00      0.00      0.00
01:17:31 PM      0.00      0.00      0.00      0.00      4.20      0.00      0.00      0.00      0.00      0.00
01:17:36 PM      0.00      0.00      0.00      0.00      3.80      0.00      0.00      0.00      0.00      0.00
01:17:41 PM      0.00      4.80      0.00      0.00      1.60      0.00      0.00      0.00      0.00      0.00
01:17:46 PM      4.80     32.00      1.20      1.20      7.80      0.00      0.00      0.00      0.00      0.00
01:17:51 PM      0.00    130.40      0.00      0.00      3.80      0.00      0.00      0.00      0.00      0.00
01:17:56 PM      0.00      5.60      0.00      0.00      4.00      0.00      0.00      0.00      0.00      0.00
01:18:01 PM      0.00      0.00      0.00      0.00      3.80      0.00      0.00      0.00      0.00      0.00
01:18:06 PM      0.00      0.00      0.00      0.00      4.00      0.00      0.00      0.00      0.00      0.00
01:18:11 PM      7.20      6.40      2.00      1.80      5.00      0.00      0.00      0.00      0.00      0.00
01:18:16 PM      1.60      0.00      0.40      0.40      6.00      0.00      0.00      0.00      0.00      0.00
01:18:21 PM      0.00     32.00      0.00      0.00      4.20      0.00      0.00      0.00      0.00      0.00
01:18:26 PM      9.60    149.60      6.00      0.60      4.20      0.00      0.00      0.00      0.00      0.00
01:18:31 PM      0.00      4.80      0.00      0.00      4.20      0.00      0.00      0.00      0.00      0.00
01:18:36 PM      0.80     44.80      5.80      0.20      7.20      0.00      0.00      0.00      0.00      0.00
01:18:41 PM      4.00      0.00      1.00      1.00      6.00      0.00      0.00      0.00      0.00      0.00
01:18:46 PM      0.00      0.00      1.20      0.00      4.60      0.00      0.00      0.00      0.00      0.00
01:18:51 PM      0.00      0.00      0.00      0.00      4.00      0.00      0.00      0.00      0.00      0.00
01:18:56 PM      0.00     85.60      0.00      0.00      4.20      0.00      0.00      0.00      0.00      0.00
01:19:01 PM      0.00    156.00      0.00      0.00      4.00      0.00      0.00      0.00      0.00      0.00
01:19:06 PM      0.00      4.00      0.00      0.00      4.20      0.00      0.00      0.00      0.00      0.00
01:19:11 PM      0.00      0.80      0.00      0.00      0.80      0.00      0.00      0.00      0.00      0.00
01:19:16 PM      0.00      0.00      0.00      0.00      4.20      0.00      0.00      0.00      0.00      0.00
01:19:21 PM      0.00      0.00      0.00      0.00      3.80      0.00      0.00      0.00      0.00      0.00
01:19:26 PM      0.00      0.00      0.00      0.00      4.00      0.00      0.00      0.00      0.00      0.00
01:19:31 PM      0.80     32.80      0.20      0.20      5.40      0.00      0.00      0.00      0.00      0.00
01:19:36 PM      0.00    111.20      0.00      0.00      4.20      0.00      0.00      0.00      0.00      0.00
01:19:41 PM      0.00      4.80      0.00      0.00      0.40      0.00      0.00      0.00      0.00      0.00
01:19:46 PM      0.80      0.00      0.20      0.20      8.60      0.00      0.00      0.00      0.00      0.00
01:19:51 PM      0.00      0.80      0.00      0.00      4.00      0.00      0.00      0.00      0.00      0.00
01:19:56 PM     48.00      8.00    288.40      6.60    231.80      0.00      0.00      0.00      0.00      0.00
01:20:01 PM      0.80      1.60      0.20      0.20      4.60      0.00      0.00      0.00      0.00      0.00
01:20:06 PM      0.00     32.00      0.00      0.00      3.80      0.00      0.00      0.00      0.00      0.00
01:20:11 PM      0.80    141.60      0.40      0.20      3.60      0.00      0.00      0.00      0.00      0.00
01:20:16 PM      0.00      4.00      0.00      0.00      4.20      0.00      0.00      0.00      0.00      0.00
01:20:21 PM      1.60     35.20      0.40      0.40     14.40      0.00      0.00      0.00      0.00      0.00
01:20:26 PM      0.00      0.00      0.00      0.00      4.00      0.00      0.00      0.00      0.00      0.00
01:20:31 PM      0.00     21.60      0.00      0.00     10.40      0.00      0.00      0.00      0.00      0.00
01:20:36 PM      0.00      0.00      0.00      0.00      4.00      0.00      0.00      0.00      0.00      0.00
01:20:41 PM      0.00     32.00      0.00      0.00      0.40      0.00      0.00      0.00      0.00      0.00
01:20:46 PM      4.00    136.80      0.20      0.20      4.00      0.00      0.00      0.00      0.00      0.00
01:20:51 PM      0.00      4.00      0.00      0.00      4.00      0.00      0.00      0.00      0.00      0.00
01:20:56 PM      0.00      0.80      0.00      0.00      4.20      0.00      0.00      0.00      0.00      0.00
01:21:01 PM      0.00      0.00      0.00      0.00      3.80      0.00      0.00      0.00      0.00      0.00
01:21:06 PM      0.00      0.00      0.00      0.00      4.00      0.00      0.00      0.00      0.00      0.00
01:21:11 PM      0.80      0.00      0.20      0.20      1.40      0.00      0.00      0.00      0.00      0.00
01:21:16 PM      0.00     32.00      0.00      0.00      3.80      0.00      0.00      0.00      0.00      0.00
01:21:21 PM      0.00    130.40      0.00      0.00      4.20      0.00      0.00      0.00      0.00      0.00
01:21:26 PM      0.00      7.20      0.00      0.00      3.80      0.00      0.00      0.00      0.00      0.00
01:21:31 PM      0.00      0.00      0.00      0.00      4.00      0.00      0.00      0.00      0.00      0.00
01:21:36 PM      0.00      0.00      0.00      0.00      4.00      0.00      0.00      0.00      0.00      0.00
01:21:41 PM      0.00      0.00      0.00      0.00      0.60      0.00      0.00      0.00      0.00      0.00
01:21:46 PM      0.00      1.60      0.00      0.00      4.80      0.00      0.00      0.00      0.00      0.00
01:21:51 PM      0.00     32.00      0.00      0.00      4.20      0.00      0.00      0.00      0.00      0.00
01:21:56 PM      6.40    143.20      0.00      0.00      3.80      0.00      0.00      0.00      0.00      0.00
01:22:01 PM      1.60      4.00      0.40      0.40     55.20      0.00      0.00      0.00      0.00      0.00
01:22:06 PM      0.00      0.00      0.00      0.00      4.00      0.00      0.00      0.00      0.00      0.00
01:22:11 PM      0.00      0.00      0.00      0.00      0.40      0.00      0.00      0.00      0.00      0.00
01:22:16 PM      0.00      0.00      0.00      0.00      4.00      0.00      0.00      0.00      0.00      0.00
01:22:21 PM      0.00      0.00      0.00      0.00      4.00      0.00      0.00      0.00      0.00      0.00
01:22:26 PM      0.00     33.60      0.00      0.00      4.40      0.00      0.00      0.00      0.00      0.00
01:22:31 PM      0.00    136.80      0.00      0.00      3.80      0.00      0.00      0.00      0.00      0.00
01:22:36 PM      0.00      5.60      0.00      0.00      4.20      0.00      0.00      0.00      0.00      0.00
01:22:41 PM      0.00      6.40      0.00      0.00      2.20      0.00      0.00      0.00      0.00      0.00
01:22:46 PM      0.00      0.00      0.00      0.00      3.80      0.00      0.00      0.00      0.00      0.00
01:22:51 PM      7.20      0.00      1.80      1.80      5.60      0.00      0.00      0.00      0.00      0.00
01:22:56 PM      0.00      0.00      0.00      0.00      3.80      0.00      0.00      0.00      0.00      0.00
01:23:01 PM      0.80     44.80      0.20      0.20      8.20      0.00      0.00      0.00      0.00      0.00
01:23:06 PM      0.00    130.40      0.00      0.00      3.80      0.00      0.00      0.00      0.00      0.00
01:23:11 PM      1.60      4.00      0.60      0.40      0.80      0.00      0.00      0.00      0.00      0.00
01:23:16 PM     12.80      0.00      3.20      3.20      8.40      0.00      0.00      0.00      0.00      0.00
01:23:21 PM      0.00      0.00      0.00      0.00      4.60      0.00      0.00      0.00      0.00      0.00
01:23:26 PM      8.00      0.00      5.60      0.20      4.20      0.00      0.00      0.00      0.00      0.00
01:23:31 PM      0.00      0.00      0.00      0.00      4.20      0.00      0.00      0.00      0.00      0.00
01:23:36 PM      0.80    113.60      0.40      0.20      6.00      0.00      0.00      0.00      0.00      0.00
01:23:41 PM      0.00    175.20      0.00      0.00      0.80      0.00      0.00      0.00      0.00      0.00
01:23:46 PM      0.00     19.96      5.19      0.00      5.59      0.00      0.00      0.00      0.00      0.00
01:23:51 PM      0.80      0.00      0.00      0.00      4.00      0.00      0.00      0.00      0.00      0.00
01:23:56 PM      0.00     20.00      0.00      0.00      4.00      0.00      0.00      0.00      0.00      0.00
01:24:01 PM      0.00      0.00      0.00      0.00      3.80      0.00      0.00      0.00      0.00      0.00
01:24:06 PM      4.00     69.60      1.00      1.00      7.00      0.00      0.00      0.00      0.00      0.00
01:24:11 PM      2.40      0.00      0.60      0.60      1.20      0.00      0.00      0.00      0.00      0.00
01:24:16 PM      0.00    155.20      0.00      0.00      7.00      0.00      0.00      0.00      0.00      0.00
01:24:21 PM      0.00      4.00      0.00      0.00      4.20      0.00      0.00      0.00      0.00      0.00
01:24:26 PM      0.00      0.00      0.00      0.00      3.80      0.00      0.00      0.00      0.00      0.00
01:24:31 PM     11.20      0.00      2.80      2.80      5.60      0.00      0.00      0.00      0.00      0.00
01:24:36 PM      0.00      0.00      0.00      0.00      3.80      0.00      0.00      0.00      0.00      0.00
01:24:41 PM     13.60      0.80      0.60      0.40      1.40      0.00      0.00      0.00      0.00      0.00
01:24:46 PM      0.00     32.00      1.80      0.00      7.20      0.00      0.00      0.00      0.00      0.00
01:24:51 PM      0.00    140.80      0.40      0.00      5.00      0.00      0.00      0.00      0.00      0.00
01:24:56 PM     56.80      5.60    293.80      8.80    235.60      0.00      0.00      0.00      0.00      0.00
01:25:01 PM      0.00      0.00      0.00      0.00      3.80      0.00      0.00      0.00      0.00      0.00
01:25:06 PM      0.00      0.00      0.00      0.00      4.00      0.00      0.00      0.00      0.00      0.00
01:25:11 PM      2.40      0.00      0.80      0.60      1.20      0.00      0.00      0.00      0.00      0.00
01:25:16 PM      0.00     10.40      0.00      0.00      6.80      0.00      0.00      0.00      0.00      0.00
01:25:21 PM      2.40     35.20      0.60      0.60      6.80      0.00      0.00      0.00      0.00      0.00
01:25:26 PM      0.00    111.20      0.00      0.00      4.00      0.00      0.00      0.00      0.00      0.00
01:25:31 PM      0.00    527.20      0.00      0.00   1313.60      0.00      0.00      0.00      0.00      0.00
01:25:36 PM      0.00    436.00      0.00      0.00    268.80      0.00      0.00      0.00      0.00      0.00
01:25:41 PM    402.40    365.60      1.80      0.80    513.60      0.00      0.00      0.00      0.00      0.00
01:25:46 PM   1479.20      0.80     12.60      4.40     68.40      0.00      0.00      0.00      0.00      0.00
01:25:51 PM    488.80      0.00    551.20      2.00     50.00      0.00      0.00      0.00      0.00      0.00
01:25:56 PM      0.00     32.00      7.00      0.00      3.80      0.00      0.00      0.00      0.00      0.00
01:26:01 PM    140.80  74427.20     95.40      0.20  18886.20      0.00      0.00      0.00      0.00      0.00
01:26:06 PM      0.80 131076.80      1.80      0.20  32772.40      0.00      0.00      0.00      0.00      0.00
01:26:11 PM      0.80  69632.80      1.40      0.20  17410.00      0.00      0.00      0.00      0.00      0.00
01:26:16 PM      0.00  44646.40      0.00      0.00  11165.40      0.00      0.00      0.00      0.00      0.00
01:26:21 PM    291.20      0.00    472.40     72.80      4.80      0.00      0.00      0.00      0.00      0.00
01:26:26 PM     33.60      0.00      7.80      1.20      4.20      0.00      0.00      0.00      0.00      0.00
01:26:31 PM      0.00     32.00      0.00      0.00      3.80      0.00      0.00      0.00      0.00      0.00
01:26:36 PM      7.20  10813.60      0.40      0.20   2676.20      0.00      0.00      0.00      0.00      0.00
01:26:41 PM      0.00  25809.60      0.00      0.00   6451.60      0.00      0.00      0.00      0.00      0.00
01:26:46 PM      0.00      0.00      0.00      0.00      8.40      0.00      0.00      0.00      0.00      0.00
01:26:51 PM    164.80     12.00    346.20     18.20     15.20      0.00      0.00      0.00      0.00      0.00
01:26:56 PM     87.20      1.60      0.80      0.80     32.00      0.00      0.00      0.00      0.00      0.00
01:27:01 PM    125.60  63972.80     98.20      1.80  16036.60      0.00      0.00      0.00      0.00      0.00
01:27:06 PM      1.60  48364.80      0.40      0.40  12088.00      0.00      0.00      0.00      0.00      0.00
01:27:11 PM    150.40  21032.80      1.00      0.60   5223.00      0.00      0.00      0.00      0.00      0.00
01:27:16 PM      4.00  18892.80      0.80      0.80   4733.40      0.00      0.00      0.00      0.00      0.00
01:27:21 PM 222032.80  19660.80  55492.00  55491.80   5243.00      0.00      0.00      0.00      0.00      0.00
01:27:26 PM      0.80      0.00      4.00      0.20      4.60      0.00      0.00      0.00      0.00      0.00
01:27:31 PM      0.00      0.00      0.00      0.00      4.00      0.00      0.00      0.00      0.00      0.00
01:27:36 PM      0.00      0.00      0.00      0.00      3.80      0.00      0.00      0.00      0.00      0.00
01:27:41 PM      0.00     32.00      0.00      0.00      0.40      0.00      0.00      0.00      0.00      0.00
01:27:46 PM      0.00    524.00      0.00      0.00    108.80      0.00      0.00      0.00      0.00      0.00
01:27:51 PM  33492.00      4.00   8373.00   8373.00    205.80      0.00      0.00      0.00      0.00      0.00
01:27:56 PM      0.00      0.00      0.00      0.00      4.00      0.00      0.00      0.00      0.00      0.00
01:28:01 PM      0.00      0.00      0.00      0.00      3.80      0.00      0.00      0.00      0.00      0.00
01:28:06 PM      7.20      0.00      0.80      0.60      4.20      0.00      0.00      0.00      0.00      0.00
01:28:11 PM    150.40      0.00      1.20      0.60      0.60      0.00      0.00      0.00      0.00      0.00
01:28:16 PM    128.00     32.00      4.40      1.00      6.00      0.00      0.00      0.00      0.00      0.00
01:28:21 PM 155879.20  95807.20  38931.40  38929.00  30185.80 179950.80      0.00  27402.00      0.00      0.00
01:28:26 PM    868.80      4.80     22.00     57.20    518.40      0.00      0.00      0.00      0.00      0.00
01:28:31 PM      0.00      0.00      0.00      0.00      4.40      0.00      0.00      0.00      0.00      0.00
01:28:36 PM    236.00      0.00      2.00     59.00    859.80      0.00      0.00      0.00      0.00      0.00
01:28:41 PM     52.80      0.00      3.60      3.60      0.80      0.00      0.00      0.00      0.00      0.00
01:28:46 PM    384.00     35.20      4.00     56.80    927.80      0.00      0.00      0.00      0.00      0.00
01:28:51 PM    344.00     64.00     21.20     18.00      6.40      0.00      0.00      0.00      0.00      0.00
01:28:56 PM    273.60    162.40      2.00      0.60      5.80      0.00      0.00      0.00      0.00      0.00
01:29:01 PM    108.80      7.20      0.00     26.40    447.80      0.00      0.00      0.00      0.00      0.00
01:29:06 PM      0.00      0.00      0.00      0.00      3.80      0.00      0.00      0.00      0.00      0.00
01:29:11 PM    152.80      0.00      0.00     38.20    615.60      0.00      0.00      0.00      0.00      0.00
01:29:16 PM      0.00      0.00      0.00      0.00      4.00      0.00      0.00      0.00      0.00      0.00
01:29:21 PM  93154.40 102407.20  23261.20  23288.60  26427.40  25815.60      0.00  25739.00      0.00      0.00
01:29:26 PM     11.20     32.00      0.20      0.20      4.00      0.00      0.00      0.00      0.00      0.00
01:29:31 PM    111.20    136.80      0.00     27.80    311.80      0.00      0.00      0.00      0.00      0.00
01:29:36 PM      0.00      4.00      0.00      0.00      4.00      0.00      0.00      0.00      0.00      0.00
01:29:41 PM    118.40      0.00      0.00     29.60    308.20      0.00      0.00      0.00      0.00      0.00
01:29:46 PM      3.20      0.00      2.00      0.00      7.60      0.00      0.00      0.00      0.00      0.00
01:29:51 PM 121094.40 105152.80  30213.40  30257.80  31177.80 188840.00    579.40  30447.80      0.00      0.00
01:29:56 PM   3050.40      0.00    331.20     33.60    164.80      0.00      0.00      0.00      0.00      0.00
01:30:01 PM      0.00     32.00      0.00      0.00      4.80      0.00      0.00      0.00      0.00      0.00
01:30:06 PM     28.80    117.60      0.00      0.00      3.80      0.00      0.00      0.00      0.00      0.00
01:30:11 PM     31.20      4.00      0.20      0.20      0.60      0.00      0.00      0.00      0.00      0.00
01:30:16 PM    986.40      0.00      0.60      0.40      3.80      0.00      0.00      0.00      0.00      0.00
01:30:21 PM  23464.80  20253.60   5865.40   5878.00   5233.20   5088.00      0.00   5069.80      0.00      0.00
01:30:26 PM      0.00      0.00      0.00      0.00      3.80      0.00      0.00      0.00      0.00      0.00
01:30:31 PM    188.00      0.00      1.00     47.00    516.80      0.00      0.00      0.00      0.00      0.00
01:30:36 PM      0.00     32.00      0.00      0.00      4.00      0.00      0.00      0.00      0.00      0.00
01:30:41 PM    188.80    130.40      1.00     46.40    513.40      0.00      0.00      0.00      0.00      0.00
01:30:46 PM      0.00      4.00      0.00      0.00      4.00      0.00      0.00      0.00      0.00      0.00
01:30:51 PM    979.20      0.00     20.00     35.20    225.40      0.00      0.00      0.00      0.00      0.00
01:30:56 PM      0.00      0.00      0.00      0.00      4.00      0.00      0.00      0.00      0.00      0.00
01:31:01 PM    165.60      0.00      0.00     41.40   1241.20      0.00      0.00      0.00      0.00      0.00
01:31:06 PM      0.00      0.00      0.00      0.00      4.00      0.00      0.00      0.00      0.00      0.00
01:31:11 PM    318.40     32.00      0.20     79.60   2380.00      0.00      0.00      0.00      0.00      0.00
01:31:16 PM      0.00    111.20      0.00      0.00      6.20      0.00      0.00      0.00      0.00      0.00
01:31:21 PM 138325.75 125898.60  34582.24  34581.84  33388.22  78773.45     58.68  33181.44      0.00      0.00
01:31:26 PM   1732.80      0.00     16.80     13.20     14.20      0.00      0.00      0.00      0.00      0.00
01:31:31 PM      0.00      0.00      0.00      0.00      4.00      0.00      0.00      0.00      0.00      0.00
01:31:36 PM      0.00      0.00      0.00      0.00      3.80      0.00      0.00      0.00      0.00      0.00
01:31:41 PM     76.80      0.00      1.00      1.00      0.60      0.00      0.00      0.00      0.00      0.00
01:31:46 PM      0.00     32.00      0.00      0.00      3.80      0.00      0.00      0.00      0.00      0.00
01:31:51 PM  45615.20  42880.00  11392.80  11428.00  11985.80  48215.60    244.80  11525.00      0.00      0.00
01:31:56 PM      2.40      4.80      0.60      0.60      3.80      0.00      0.00      0.00      0.00      0.00
01:32:01 PM   1693.60      0.00     10.00     27.60    209.60      0.00      0.00      0.00      0.00      0.00
01:32:06 PM      0.00  18110.40      0.00      0.00   4549.60   5024.00      0.00   4545.60      0.00      0.00
01:32:11 PM   1995.20      0.00      3.00     62.00    616.00      0.00      0.00      0.00      0.00      0.00
01:32:16 PM      1.60      0.00      0.80      0.40      4.00      0.00      0.00      0.00      0.00      0.00
01:32:21 PM  45488.80  30464.80  11385.00  11383.20   7763.60  13628.20      0.00   7734.00      0.00      0.00
01:32:26 PM      0.80    111.20      0.40      0.20      4.00      0.00      0.00      0.00      0.00      0.00
01:32:31 PM      0.00      5.60      0.00      0.00      3.80      0.00      0.00      0.00      0.00      0.00
01:32:36 PM      0.00      0.00      0.00      0.00      4.00      0.00      0.00      0.00      0.00      0.00
01:32:41 PM      0.00      0.00      0.00      0.00      0.40      0.00      0.00      0.00      0.00      0.00
01:32:46 PM      0.00      0.00      0.00      0.00      3.80      0.00      0.00      0.00      0.00      0.00
01:32:51 PM  69509.60  76355.20  17112.80  17096.20  19398.20  90206.80    118.60  19344.20      0.00      0.00
01:32:56 PM      2.40      0.00      0.80      0.40      4.00      0.00      0.00      0.00      0.00      0.00
01:33:01 PM      0.00    130.40      0.00      0.00      4.00      0.00      0.00      0.00      0.00      0.00
01:33:06 PM      0.00      0.00      0.00      0.00      3.80      0.00      0.00      0.00      0.00      0.00
01:33:11 PM    344.80      0.00      2.20      0.80     17.40      0.00      0.00      0.00      0.00      0.00
01:33:16 PM   1483.20      0.00     50.20     33.60      4.60      0.00      0.00      0.00      0.00      0.00
01:33:21 PM  69036.00  75828.00  16995.60  16991.00  20008.80  29212.80      0.00  19954.40      0.00      0.00
01:33:26 PM   2653.60      0.00     94.00     70.60      8.20      0.00      0.00      0.00      0.00      0.00
01:33:31 PM     12.80      0.00      3.20      3.20      4.00      0.00      0.00      0.00      0.00      0.00
01:33:36 PM      7.20      0.00      2.00      1.80      6.80      0.00      0.00      0.00      0.00      0.00
01:33:41 PM      1.60      0.00      0.60      0.60      0.80      0.00      0.00      0.00      0.00      0.00
01:33:46 PM    104.00     63.20      8.20      2.20      5.40      0.00      0.00      0.00      0.00      0.00
01:33:51 PM  22192.80  16336.00   5573.20   5573.00   4036.60   4873.40      0.00   4016.60      0.00      0.00
01:33:56 PM    835.20     24.80     19.80     49.20    424.20      0.00      0.00      0.00      0.00      0.00
01:34:01 PM      0.00      0.00      0.00      0.00      3.80      0.00      0.00      0.00      0.00      0.00
01:34:06 PM    145.60      0.00      0.80     36.40    414.20      0.00      0.00      0.00      0.00      0.00
01:34:11 PM      1.60      0.00      0.60      0.40      0.60      0.00      0.00      0.00      0.00      0.00
01:34:16 PM    204.80      0.00      1.20     51.20    516.80      0.00      0.00      0.00      0.00      0.00
01:34:21 PM  72934.40  77235.20  17795.00  17793.00  21638.60  58370.00      0.00  21530.80      0.00      0.00
01:34:26 PM   3737.60    168.80     12.20      6.40     18.80      0.00      0.00      0.00      0.00      0.00
01:34:31 PM    289.60      4.80      4.80      2.00      5.00      0.00      0.00      0.00      0.00      0.00
01:34:36 PM     32.80      0.00      0.80      0.80      3.80      0.00      0.00      0.00      0.00      0.00
01:34:41 PM      9.60      0.00      6.00      2.40      0.60      0.00      0.00      0.00      0.00      0.00
01:34:46 PM   1873.60      0.00     71.00     49.40     20.80      0.00      0.00      0.00      0.00      0.00
01:34:51 PM  43360.00  33962.40  10867.80  10852.40   8718.00  84093.00     86.80   8690.60      0.00      0.00
01:34:56 PM   2360.80      0.00    332.40     34.60    185.60      0.00      0.00      0.00      0.00      0.00
01:35:01 PM      0.00    143.20      0.20      0.00      3.80      0.00      0.00      0.00      0.00      0.00
01:35:06 PM      0.00      4.80      1.60      0.00      4.00      0.00      0.00      0.00      0.00      0.00
01:35:11 PM      2.40      0.00      1.60      0.60      0.40      0.00      0.00      0.00      0.00      0.00
01:35:16 PM      0.00      0.00      0.00      0.00      4.00      0.00      0.00      0.00      0.00      0.00
01:35:21 PM  13058.40  18883.20   3263.60   3263.40   4745.00   4882.20      0.00   4734.60      0.00      0.00
01:35:26 PM     28.80      0.00      2.80      0.60      4.00      0.00      0.00      0.00      0.00      0.00
01:35:31 PM      0.00     32.00      0.00      0.00      3.80      0.00      0.00      0.00      0.00      0.00
01:35:36 PM      0.00    136.80      0.00      0.00      3.80      0.00      0.00      0.00      0.00      0.00
01:35:41 PM      0.80      4.00      0.20      0.20      1.00      0.00      0.00      0.00      0.00      0.00
01:35:46 PM      0.00      0.00      0.00      0.00      3.80      0.00      0.00      0.00      0.00      0.00
01:35:51 PM  79428.80  73260.80  19872.80  19867.40  19641.80  98742.80  34645.60  19526.40      0.00      0.00
01:35:56 PM     88.00      0.00      4.20     18.20    209.20      0.00      0.00      0.00      0.00      0.00
01:36:01 PM      0.00      0.00      0.00      0.00      4.00      0.00      0.00      0.00      0.00      0.00
01:36:06 PM      0.00     32.00      0.00      0.00      3.80      0.00      0.00      0.00      0.00      0.00
01:36:11 PM    147.20    182.40      1.80     36.80    585.60      0.00      0.00     19.60      0.00      0.00
01:36:16 PM    744.00      0.00      0.20      0.20      4.00      0.00      0.00      0.00      0.00      0.00
01:36:21 PM  32831.20  31427.20   8174.60   8228.00   9866.20  11650.80      0.00   8601.60      0.00      0.00
01:36:26 PM      4.00      0.00      1.60      1.20      4.00      0.00      0.00      0.00      0.00      0.00
01:36:31 PM     28.80      0.00      0.00      7.20    106.40      0.00      0.00      0.00      0.00      0.00
01:36:36 PM      6.40      0.00      1.60      1.60      4.00      0.00      0.00      0.00      0.00      0.00
01:36:41 PM      0.00      0.00      0.00      0.00      0.40      0.00      0.00      0.00      0.00      0.00
01:36:46 PM      0.00    141.60      0.00      0.00      4.00      0.00      0.00      0.00      0.00      0.00
01:36:51 PM  15733.60  20257.60   3376.80   3374.00   5258.20   5263.40      0.00   5076.00      0.00      0.00
01:36:56 PM      0.00      0.00      0.00      0.00      3.80      0.00      0.00      0.00      0.00      0.00
01:37:01 PM      0.00      0.00      0.00      0.00      4.20      0.00      0.00      0.00      0.00      0.00
01:37:06 PM      0.00      0.00      0.00      0.00      3.80      0.00      0.00      0.00      0.00      0.00
01:37:11 PM      0.80      0.00      0.40      0.20      0.60      0.00      0.00      0.00      0.00      0.00
01:37:16 PM      0.00      0.00      0.00      0.00      4.60      0.00      0.00      0.00      0.00      0.00
01:37:21 PM  63540.80  51558.40  15876.80  15885.20  13922.40  17957.00     10.40  13673.80      0.00      0.00
01:37:26 PM    116.00      0.00      0.40      0.40      3.80      0.00      0.00      0.00      0.00      0.00
01:37:31 PM    168.00      0.00      0.60      0.40      4.00      0.00      0.00      0.00      0.00      0.00
01:37:36 PM      0.00      0.00      0.00      0.00      3.80      0.00      0.00      0.00      0.00      0.00
01:37:41 PM      0.00      0.00      0.00      0.00      0.40      0.00      0.00      0.00      0.00      0.00
01:37:46 PM      0.00      0.00      0.00      0.00      4.00      0.00      0.00      0.00      0.00      0.00
01:37:51 PM  42609.60  50933.60  10038.00  10033.40  13562.60  57147.20    199.80  13534.40      0.00      0.00
01:37:56 PM   1332.00      4.80      4.80      0.80      4.20      0.00      0.00      0.00      0.00      0.00
01:38:01 PM    204.00      0.00      1.00     51.00    542.60      0.00      0.00      0.00      0.00      0.00
01:38:06 PM      0.80      0.00      0.20      0.20      4.00      0.00      0.00      0.00      0.00      0.00
01:38:11 PM    825.60      0.00      2.40     45.60    909.80      0.00      0.00      0.00      0.00      0.00
01:38:16 PM   1735.20      0.00     59.00     38.60      5.00      0.00      0.00      0.00      0.00      0.00
01:38:21 PM  14035.20  11804.80   3493.80   3513.20   3318.40   2969.40      0.00   2946.20      0.00      0.00
01:38:26 PM   1472.80    130.40     66.00     41.20      5.60      0.00      0.00      0.00      0.00      0.00
01:38:31 PM    309.60      4.00      1.80     77.40   1262.00      0.00      0.00      0.00      0.00      0.00
01:38:36 PM      0.00      0.00      0.00      0.00      4.80      0.00      0.00      0.00      0.00      0.00
01:38:41 PM     83.20      0.00      0.00     20.80    206.20      0.00      0.00      0.00      0.00      0.00
01:38:46 PM     88.00     35.20      4.00      2.80      5.20      0.00      0.00      0.00      0.00      0.00
01:38:51 PM  11585.60  13124.80   2910.40   2903.60   3476.60  75425.20      0.00   3418.40      0.00      0.00
01:38:56 PM   1375.20    149.60     17.40     10.40     31.20      0.00      0.00      0.00      0.00      0.00
01:39:01 PM      0.00      0.00      0.00      0.00      4.20      0.00      0.00      0.00      0.00      0.00
01:39:06 PM      0.00      4.00      0.00      0.00      3.80      0.00      0.00      0.00      0.00      0.00
01:39:11 PM      0.80      0.00      0.20      0.20      0.40      0.00      0.00      0.00      0.00      0.00
01:39:16 PM      0.00      0.00      0.00      0.00      4.00      0.00      0.00      0.00      0.00      0.00
01:39:21 PM  62508.80  55332.80  15626.00  15626.00  15434.60  31457.80      0.00  15296.40      0.00      0.00
01:39:26 PM   1348.80      0.00      8.60      7.40      5.00      0.00      0.00      0.00      0.00      0.00
01:39:31 PM      0.00      0.00      0.00      0.00      3.80      0.00      0.00      0.00      0.00      0.00
01:39:36 PM      0.00    136.80      0.00      0.00      4.00      0.00      0.00      0.00      0.00      0.00
01:39:41 PM      0.00      6.40      0.40      0.00      0.40      0.00      0.00      0.00      0.00      0.00
01:39:46 PM   4297.60    543.20     40.60     18.40    615.00    691.20      0.00    572.60      0.00      0.00
01:39:51 PM  10139.20  20216.00   2533.20   2532.60   5546.80   5849.00      0.00   5191.40      0.00      0.00
01:39:56 PM   2932.80      0.00    337.40     75.80    603.80      0.00      0.00      0.00      0.00      0.00
01:40:01 PM      0.00      0.00      0.00      0.00      4.80      0.00      0.00      0.00      0.00      0.00
01:40:06 PM    124.80     32.00      0.80     31.20    414.20      0.00      0.00      0.00      0.00      0.00
01:40:11 PM    260.80    130.40      1.60      0.40      0.60      0.00      0.00      0.00      0.00      0.00
01:40:16 PM    134.40      4.00      0.80     33.60    414.00      0.00      0.00      0.00      0.00      0.00
01:40:21 PM  39173.65  24579.64   8909.38   8901.80   8371.46  10305.99     12.57   8256.69      0.00      0.00
01:40:26 PM    542.40      0.00     20.40     16.00      8.40      0.00      0.00      0.00      0.00      0.00
01:40:31 PM      0.00      0.00      0.00      0.00      3.80      0.00      0.00      0.00      0.00      0.00
01:40:36 PM     39.20      0.00      0.00      9.80    106.60      0.00      0.00      0.00      0.00      0.00
01:40:41 PM      6.40     32.00      1.80      1.60      1.40      0.00      0.00      0.00      0.00      0.00
01:40:46 PM      9.60    111.20      1.00      0.80      4.00      0.00      0.00      0.00      0.00      0.00
01:40:51 PM  32912.80  43348.00   8265.20   8246.40  11289.80 145263.60      0.00  11210.80      0.00      0.00
01:40:56 PM    183.20      0.00      1.00      0.80      4.00      0.00      0.00      0.00      0.00      0.00
01:41:01 PM      0.00      0.00      0.00      0.00      3.80      0.00      0.00      0.00      0.00      0.00
01:41:06 PM    913.60      0.00      6.40      3.80      5.20      0.00      0.00      0.00      0.00      0.00
01:41:11 PM    243.20      0.00      1.80      0.80      0.40      0.00      0.00      0.00      0.00      0.00
01:41:16 PM     45.60      0.00      2.60      1.20      4.00      0.00      0.00      0.00      0.00      0.00
01:41:21 PM  24184.80  10935.20   6043.60   6043.40   3152.60   4433.80      0.00   3110.60      0.00      0.00
01:41:26 PM     56.80      4.80      0.60      0.60      3.80      0.00      0.00      0.00      0.00      0.00
01:41:31 PM      0.00      0.00      0.00      0.00      4.00      0.00      0.00      0.00      0.00      0.00
01:41:36 PM      0.00      0.00      0.00      0.00      3.80      0.00      0.00      0.00      0.00      0.00
01:41:41 PM      1.60      0.00      0.40      0.40      0.60      0.00      0.00      0.00      0.00      0.00
01:41:46 PM      0.00      0.00      0.00      0.00      3.80      0.00      0.00      0.00      0.00      0.00
01:41:51 PM  35237.60  39752.00   7975.00   7969.60  11393.40  14088.80     16.80  11307.40      0.00      0.00
01:41:56 PM    389.60    111.20      8.60     22.60    209.00      0.00      0.00      0.00      0.00      0.00
01:42:01 PM      0.00      4.80      0.00      0.00      3.80      0.00      0.00      0.00      0.00      0.00
01:42:06 PM    930.40      0.00      7.60     30.00    465.40      0.00      0.00      0.00      0.00      0.00
01:42:11 PM    112.00      0.00      1.80      0.40      0.40      0.00      0.00      0.00      0.00      0.00
01:42:16 PM    318.40      0.00      2.00     30.00    654.80      0.00      0.00      0.00      0.00      0.00
01:42:21 PM  44428.00  45180.80  11115.00  11114.40  11318.40  20770.00      0.00  11294.80      0.00      0.00
01:42:26 PM      7.20      0.00      1.80      1.80      4.40      0.00      0.00      0.00      0.00      0.00
01:42:31 PM      0.00    130.40      0.00      0.00      3.80      0.00      0.00      0.00      0.00      0.00
01:42:36 PM      0.00      0.00      0.00      0.00      3.80      0.00      0.00      0.00      0.00      0.00
01:42:41 PM      9.60      0.00      2.60      2.40      0.60      0.00      0.00      0.00      0.00      0.00
01:42:46 PM      0.00      0.00      0.20      0.00      3.80      0.00      0.00      0.00      0.00      0.00
01:42:51 PM   7130.40  17079.20   1729.40   1713.20   4335.80   4519.60      0.00   4295.20      0.00      0.00
01:42:56 PM     92.80      4.00      0.20      0.20      3.80      0.00      0.00      0.00      0.00      0.00
01:43:01 PM      2.40     32.00      0.60      0.60      4.40      0.00      0.00      0.00      0.00      0.00
01:43:06 PM      0.00      0.00      0.00      0.00      4.00      0.00      0.00      0.00      0.00      0.00
01:43:11 PM    352.80      0.00      3.20      2.00     17.40      0.00      0.00      0.00      0.00      0.00
01:43:16 PM   1656.00      0.00     59.00     42.00     22.20      0.00      0.00      0.00      0.00      0.00
01:43:21 PM  55233.60  35144.80  13649.40  13648.40  10687.60  43913.40      0.00  10523.00      0.00      0.00
01:43:26 PM  19163.20  35564.80   2631.40   2586.00   9287.40  11620.60      0.00   9188.40      0.00      0.00
01:43:31 PM     18.40      0.00      9.00      3.60      5.60      0.00      0.00      0.00      0.00      0.00
01:43:36 PM     23.20      0.00      3.60      2.60      5.00      0.00      0.00      0.00      0.00      0.00
01:43:41 PM    177.60      0.00      7.80      4.80      0.60      0.00      0.00      0.00      0.00      0.00
01:43:46 PM    171.20     36.00     11.80      3.80      5.20      0.00      0.00      0.00      0.00      0.00
01:43:51 PM  22445.60  11856.00   5587.60   5585.80   2999.00  36590.80      0.00   2977.00      0.00      0.00
01:43:56 PM    742.40    117.60     35.20     28.40      7.80      0.00      0.00      0.00      0.00      0.00
01:44:01 PM    210.40     23.20      1.20     52.60    619.40      0.00      0.00      0.00      0.00      0.00
01:44:06 PM      0.00      0.00      0.00      0.00      3.80      0.00      0.00      0.00      0.00      0.00
01:44:11 PM    120.80      0.00      3.00     30.20    657.80      0.00      0.00      0.00      0.00      0.00
01:44:16 PM      8.80      0.00      2.80      2.20      3.80      0.00      0.00      0.00      0.00      0.00
01:44:21 PM  31458.40  29534.40   7809.40   7849.40   8506.20  48494.40      0.00   7479.00      0.00      0.00
01:44:26 PM   3321.60   8588.00    831.20    829.60   2181.40   3386.40      0.00   2148.40      0.00      0.00
01:44:31 PM      0.00    156.00      0.00      0.00      8.00      0.00      0.00      0.00      0.00      0.00
01:44:36 PM      0.00      0.00      0.00      0.00      3.80      0.00      0.00      0.00      0.00      0.00
01:44:41 PM      9.60      0.00      2.60      2.60      2.20      0.00      0.00      0.00      0.00      0.00
01:44:46 PM    704.00      0.00     54.20     39.20     16.60      0.00      0.00      0.00      0.00      0.00
01:44:51 PM  39869.60  22304.80   9983.80   9971.40   7556.00  92882.00      0.00   7379.80      0.00      0.00
01:44:56 PM  13120.80  22494.40   2745.40   2742.80   6105.80  14095.80      0.00   6031.20      0.00      0.00
01:45:01 PM   3033.60      0.00    338.60     36.60    158.60      0.00      0.00      0.00      0.00      0.00
01:45:06 PM      0.00      0.00      0.00      0.00      4.00      0.00      0.00      0.00      0.00      0.00
01:45:11 PM      0.00      0.00      0.00      0.00      0.60      0.00      0.00      0.00      0.00      0.00
01:45:16 PM      0.00      0.00      0.00      0.00      4.00      0.00      0.00      0.00      0.00      0.00
01:45:21 PM   5279.20      0.00   1306.20   1306.00      7.20      0.00      0.00      0.00      0.00      0.00
01:45:26 PM    822.40    149.60     45.60     44.80      7.00      0.00      0.00      0.00      0.00      0.00
01:45:31 PM      0.00      4.00      0.00      0.00      4.00      0.00      0.00      0.00      0.00      0.00
01:45:36 PM      0.00      0.00      0.20      0.00      3.80      0.00      0.00      0.00      0.00      0.00
01:45:41 PM      3.20      0.00      1.20      0.80      0.60      0.00      0.00      0.00      0.00      0.00
01:45:46 PM      0.00      0.00      0.00      0.00      3.80      0.00      0.00      0.00      0.00      0.00
01:45:51 PM  13443.20   8811.20   3366.80   3366.00   3133.20   4018.80      0.00   3095.00      0.00      0.00
01:45:56 PM  12440.80  17855.20   2751.80   2751.20   4556.20   6005.60      0.00   4548.00      0.00      0.00
01:46:01 PM     95.20    149.60      0.40     19.00    209.20      0.00      0.00      0.00      0.00      0.00
01:46:06 PM      0.00      0.00      0.00      0.00      3.80      0.00      0.00      0.00      0.00      0.00
01:46:11 PM    187.20      0.00      2.20     46.80    513.60      0.00      0.00      0.00      0.00      0.00
01:46:16 PM      0.00      0.00      0.40      0.00      4.00      0.00      0.00      0.00      0.00      0.00
01:46:21 PM   4699.20    464.80   1157.80   1175.60    327.20   1276.60      0.00    118.00      0.00      0.00
01:46:26 PM  17723.20  22083.20   4080.00   4079.40   6049.40  10260.80      0.00   6016.40      0.00      0.00
01:46:31 PM    678.40     32.00     12.40     12.00      6.80      0.00      0.00      0.00      0.00      0.00
01:46:36 PM      0.00      0.00      0.00      0.00      4.00      0.00      0.00      0.00      0.00      0.00
01:46:41 PM   1136.80      0.00      4.20      2.00      0.40      0.00      0.00      0.00      0.00      0.00
01:46:46 PM      0.00      0.00      0.20      0.00      4.00      0.00      0.00      0.00      0.00      0.00
01:46:51 PM    762.40      0.00    214.20    198.20     16.60      0.00      0.00      0.00      0.00      0.00
01:46:56 PM  25376.00  19408.80   5896.20   5893.20   6731.20   7374.40      0.00   6669.20      0.00      0.00
01:47:01 PM      0.00      0.00      0.00      0.00      4.00      0.00      0.00      0.00      0.00      0.00
01:47:06 PM     11.20      0.00      1.20      0.40      4.60      0.00      0.00      0.00      0.00      0.00
01:47:11 PM   1874.40      0.00     29.20     22.00     30.40      0.00      0.00      0.00      0.00      0.00
01:47:16 PM      0.00      0.00      0.00      0.00      4.00      0.00      0.00      0.00      0.00      0.00
01:47:21 PM      0.00      0.00      0.00      0.00      4.00      0.00      0.00      0.00      0.00      0.00
01:47:26 PM   1903.20      0.00    240.20    239.20      6.00      0.00      0.00      0.00      0.00      0.00
01:47:31 PM      0.00      6.40      0.00      0.00      4.00      0.00      0.00      0.00      0.00      0.00
01:47:36 PM    874.40   3985.60      1.00      0.60   1026.60   2657.00      0.00   1022.60      0.00      0.00
01:47:41 PM      0.80      0.00      0.20      0.20      0.40      0.00      0.00      0.00      0.00      0.00
01:47:46 PM      0.00      0.00      0.00      0.00      4.00      0.00      0.00      0.00      0.00      0.00
01:47:51 PM      0.00      0.00      0.00      0.00      3.80      0.00      0.00      0.00      0.00      0.00
01:47:56 PM  42208.80  35704.80  10275.80  10318.40   9974.80 115071.00     18.20   9549.80      0.00      0.00
01:48:01 PM      3.20   1632.80      0.00      0.00    375.20    373.80      0.00    371.40      0.00      0.00
01:48:06 PM    104.80      4.80      2.40     26.20    506.40      0.00      0.00      0.00      0.00      0.00
01:48:11 PM    328.00      0.00      4.60      3.40      0.80      0.00      0.00      0.00      0.00      0.00
01:48:16 PM   5791.20  23894.40    704.20    734.40   6843.00   6824.00     12.80   6077.80      0.00      0.00
01:48:21 PM    512.80      0.00     14.00     13.00      6.20      0.00      0.00      0.00      0.00      0.00
01:48:26 PM  19579.20     10.40   4552.80   4562.00    729.20  10550.80      0.00    262.80      0.00      0.00
01:48:31 PM      6.40     64.00      2.20      1.60      4.40      0.00      0.00      0.00      0.00      0.00
01:48:36 PM    350.40    162.40      3.20     12.20    107.60      0.00      0.00      0.00      0.00      0.00
01:48:41 PM      3.20      4.00      1.00      0.80      0.80      0.00      0.00      0.00      0.00      0.00
01:48:46 PM    102.40     35.20      5.20      3.20      5.80      0.00      0.00      0.00      0.00      0.00
01:48:51 PM    567.20      0.00    162.00    152.40     16.80      0.00      0.00      0.00      0.00      0.00
01:48:56 PM  27403.20  35775.20   6457.60   6449.60   9636.00  23243.40      0.00   9584.20      0.00      0.00
01:49:01 PM      0.00      0.00      0.00      0.00      3.80      0.00      0.00      0.00      0.00      0.00
01:49:06 PM     12.80    220.00      0.00      0.00      4.00      0.00      0.00      0.00      0.00      0.00
01:49:11 PM      0.00      0.00      0.20      0.00      0.40      0.00      0.00      0.00      0.00      0.00
01:49:16 PM      0.00      4.00      0.00      0.00      4.20      0.00      0.00      0.00      0.00      0.00
01:49:21 PM      0.00      0.00      0.00      0.00      3.80      0.00      0.00      0.00      0.00      0.00
01:49:26 PM  34143.20  19127.20   8499.40   8499.40   6301.00  76500.60      0.00   6120.60      0.00      0.00
01:49:31 PM      0.00      0.00      0.00      0.00      3.80      0.00      0.00      0.00      0.00      0.00
01:49:36 PM      0.00      0.00      0.00      0.00      4.00      0.00      0.00      0.00      0.00      0.00
01:49:41 PM      0.00     32.00      0.00      0.00      0.40      0.00      0.00      0.00      0.00      0.00
01:49:46 PM   6677.60   8656.80     62.60     35.40   2904.40   3197.80      0.00   2799.60      0.00      0.00
01:49:51 PM      0.00      4.80      0.00      0.00      4.80      0.00      0.00      0.00      0.00      0.00
01:49:56 PM  14414.40  18408.80   3536.00   3533.40   4625.40   5837.00      0.00   4620.00      0.00      0.00
01:50:01 PM   2775.20      0.00    340.20     38.20    244.40      0.00      0.00      0.00      0.00      0.00
01:50:06 PM      0.00      0.00      0.00      0.00      3.80      0.00      0.00      0.00      0.00      0.00
01:50:11 PM      3.19      0.00      1.00      0.80      0.60      0.00      0.00      0.00      0.00      0.00
01:50:16 PM      3.20     32.00      0.00      0.00      3.80      0.00      0.00      0.00      0.00      0.00
01:50:21 PM      0.00    124.00      0.00      0.00      5.00      0.00      0.00      0.00      0.00      0.00
01:50:26 PM  40773.60  34640.00  10133.40  10133.00   9036.80  65378.20      0.00   8973.20      0.00      0.00
01:50:31 PM      4.00      0.00      0.00      0.00      3.80      0.00      0.00      0.00      0.00      0.00
01:50:36 PM      0.00      0.00      0.00      0.00      4.00      0.00      0.00      0.00      0.00      0.00
01:50:41 PM      0.80      0.00      0.20      0.20      0.40      0.00      0.00      0.00      0.00      0.00
01:50:46 PM      3.20      0.00      1.00      0.80      4.00      0.00      0.00      0.00      0.00      0.00
01:50:51 PM    630.40     32.00    170.40    157.20     11.80      0.00      0.00      0.00      0.00      0.00
01:50:56 PM  34486.40  30513.60   8422.20   8420.40   9803.00  12988.40      0.00   9751.60      0.00      0.00
01:51:01 PM    678.40      5.60      0.20      0.20      4.00      0.00      0.00      0.00      0.00      0.00
01:51:06 PM      0.00      0.00      0.00      0.00      4.00      0.00      0.00      0.00      0.00      0.00
01:51:11 PM    476.00      0.00      1.60      0.60      0.40      0.00      0.00      0.00      0.00      0.00
01:51:16 PM      0.00      0.00      0.00      0.00      3.80      0.00      0.00      0.00      0.00      0.00
01:51:21 PM      0.00      0.00      0.00      0.00      4.20      0.00      0.00      0.00      0.00      0.00
01:51:26 PM   2569.60     32.00    641.40    640.80      6.60      0.00      0.00      0.00      0.00      0.00
01:51:31 PM      0.00    124.00      0.00      0.00      4.00      0.00      0.00      0.00      0.00      0.00
01:51:36 PM      0.00      4.00      0.00      0.00      3.80      0.00      0.00      0.00      0.00      0.00
01:51:41 PM      0.80      0.00      0.20      0.20      0.60      0.00      0.00      0.00      0.00      0.00
01:51:46 PM      0.00      0.00      0.00      0.00      3.80      0.00      0.00      0.00      0.00      0.00
01:51:51 PM     72.00      0.00      0.20      0.20      3.80      0.00      0.00      0.00      0.00      0.00
01:51:56 PM  13944.80  30644.80   3499.20   3498.80   8379.00  54653.20      0.00   8339.80      0.00      0.00
01:52:01 PM      0.00      0.00      0.00      0.00      3.80      0.00      0.00      0.00      0.00      0.00
01:52:06 PM     23.20    104.80      0.20      0.20      4.00      0.00      0.00      0.00      0.00      0.00
01:52:11 PM      0.80      0.00      0.40      0.20      0.40      0.00      0.00      0.00      0.00      0.00
01:52:16 PM      7.20      0.00      1.80      1.80      4.00      0.00      0.00      0.00      0.00      0.00
01:52:21 PM      0.00      0.00      0.00      0.00      4.00      0.00      0.00      0.00      0.00      0.00
01:52:26 PM  31312.80  15668.80   7392.00   7390.60   4458.60   9872.80     25.40   4382.20      0.00      0.00
01:52:31 PM     12.00      0.00      1.60      0.20      3.80      0.00      0.00      0.00      0.00      0.00
01:52:36 PM      6.40      0.00      0.00      0.00      3.80      0.00      0.00      0.00      0.00      0.00
01:52:41 PM   2422.40      0.00      0.80      0.80      0.60      0.00      0.00      0.00      0.00      0.00
01:52:46 PM      0.80      0.00      0.20      0.20      3.80      0.00      0.00      0.00      0.00      0.00
01:52:51 PM   1827.20      0.00    218.20    198.60     16.20      0.00      0.00      0.00      0.00      0.00
01:52:56 PM   2767.20    156.00    677.60    675.00     11.00      0.00      0.00      0.00      0.00      0.00
01:53:01 PM      0.00      4.00      0.00      0.00      4.00      0.00      0.00      0.00      0.00      0.00
01:53:06 PM      0.00      0.00      0.00      0.00      3.80      0.00      0.00      0.00      0.00      0.00
01:53:11 PM    352.00      0.00      3.00      1.80     17.40      0.00      0.00      0.00      0.00      0.00
01:53:16 PM   2464.80   7788.80     68.80     49.40   1965.60   3599.00      0.00   1947.40      0.00      0.00
01:53:21 PM    542.40      0.00      4.00      3.40      4.40      0.00      0.00      0.00      0.00      0.00
01:53:26 PM  54394.40  62387.20  13463.20  13441.80  15779.60 168841.40      0.00  15758.20      0.00      0.00
01:53:31 PM    177.60    175.20      0.60      0.40      4.40      0.00      0.00      0.00      0.00      0.00
01:53:36 PM      4.80      4.80      1.40      1.20      5.00      0.00      0.00      0.00      0.00      0.00
01:53:41 PM    218.40      0.00      0.40      0.40      0.80      0.00      0.00      0.00      0.00      0.00
01:53:46 PM    192.00     36.00      4.60      2.40      5.20      0.00      0.00      0.00      0.00      0.00
01:53:51 PM      0.00      0.00      0.00      0.00      3.80      0.00      0.00      0.00      0.00      0.00
01:53:56 PM  46698.40  43304.00  11293.60  11279.80  12862.80  64463.40      0.00  12777.60      0.00      0.00
01:54:01 PM   1198.40    194.40      6.80      1.40      5.80      0.00      0.00      0.00      0.00      0.00
01:54:06 PM      0.00      0.00      0.00      0.00      3.80      0.00      0.00      0.00      0.00      0.00
01:54:11 PM    547.20      0.00      4.60      2.60     15.40      0.00      0.00      0.00      0.00      0.00
01:54:16 PM      0.00      0.00      0.00      0.00      3.80      0.00      0.00      0.00      0.00      0.00
01:54:21 PM      0.00      0.00      0.00      0.00      4.00      0.00      0.00      0.00      0.00      0.00
01:54:26 PM  20496.80   8418.40   5118.60   5117.20   2178.60   3099.40      0.00   2153.80      0.00      0.00
01:54:31 PM      0.00      0.00      0.00      0.00      4.00      0.00      0.00      0.00      0.00      0.00
01:54:36 PM      0.00      0.00      0.00      0.00      3.80      0.00      0.00      0.00      0.00      0.00
01:54:41 PM   1800.00  20686.40      5.40      1.60   5456.20   8586.00      0.00   5438.60      0.00      0.00
01:54:46 PM   1740.00      0.00     57.60     39.80     13.60      0.00      0.00      0.00      0.00      0.00
01:54:51 PM    519.20      0.00    145.80    136.40     13.60      0.00      0.00      0.00      0.00      0.00
01:54:56 PM   5736.80    117.60   1347.80   1347.80     19.20      0.00      0.00      0.00      0.00      0.00
01:55:01 PM   2121.60      6.40    331.40     34.20    175.40      0.00      0.00      0.00      0.00      0.00
01:55:06 PM      1.60      0.00      0.40      0.40      4.40      0.00      0.00      0.00      0.00      0.00
01:55:11 PM      0.00      0.00      0.40      0.00      0.40      0.00      0.00      0.00      0.00      0.00
Average:      3398.51   3515.48    811.57    803.79    988.93   3110.15     50.04    746.43      0.00      0.00
