Linux 7.0.10-arch1-1 (archlinux) 	06/04/2026 	_x86_64_	(4 CPU)

12:55:11 PM  %smem-10  %smem-60 %smem-300     %smem  %fmem-10  %fmem-60 %fmem-300     %fmem
12:55:16 PM      0.00      0.00      0.00      0.00      0.00      0.00      0.00      0.00
12:55:21 PM      0.00      0.00      0.00      0.00      0.00      0.00      0.00      0.00
12:55:26 PM      0.00      0.00      0.00      0.00      0.00      0.00      0.00      0.00
12:55:31 PM      0.00      0.00      0.00      0.00      0.00      0.00      0.00      0.00
12:55:36 PM      0.00      0.00      0.00      0.00      0.00      0.00      0.00      0.00
12:55:41 PM      0.00      0.00      0.00      0.00      0.00      0.00      0.00      0.00
12:55:46 PM      0.00      0.00      0.00      0.00      0.00      0.00      0.00      0.00
12:55:51 PM      0.00      0.00      0.00      0.00      0.00      0.00      0.00      0.00
12:55:56 PM      0.00      0.00      0.00      0.00      0.00      0.00      0.00      0.00
12:56:01 PM      0.00      0.00      0.00      0.00      0.00      0.00      0.00      0.00
12:56:06 PM      0.00      0.00      0.00      0.00      0.00      0.00      0.00      0.00
12:56:11 PM      0.00      0.00      0.00      0.00      0.00      0.00      0.00      0.00
12:56:16 PM      0.00      0.00      0.00      0.00      0.00      0.00      0.00      0.00
12:56:21 PM      0.00      0.00      0.00      0.00      0.00      0.00      0.00      0.00
12:56:26 PM      0.00      0.00      0.00      0.00      0.00      0.00      0.00      0.00
12:56:31 PM      0.00      0.00      0.00      0.00      0.00      0.00      0.00      0.00
12:56:36 PM      0.00      0.00      0.00      0.00      0.00      0.00      0.00      0.00
12:56:41 PM      0.00      0.00      0.00      0.00      0.00      0.00      0.00      0.00
12:56:46 PM      0.00      0.00      0.00      0.00      0.00      0.00      0.00      0.00
12:56:51 PM      0.00      0.00      0.00      0.00      0.00      0.00      0.00      0.00
12:56:56 PM      0.00      0.00      0.00      0.00      0.00      0.00      0.00      0.00
12:57:01 PM      0.00      0.00      0.00      0.00      0.00      0.00      0.00      0.00
12:57:06 PM      0.00      0.00      0.00      0.00      0.00      0.00      0.00      0.00
12:57:11 PM      0.00      0.00      0.00      0.00      0.00      0.00      0.00      0.00
12:57:16 PM      0.00      0.00      0.00      0.00      0.00      0.00      0.00      0.00
12:57:21 PM      0.00      0.00      0.00      0.00      0.00      0.00      0.00      0.00
12:57:26 PM      0.00      0.00      0.00      0.00      0.00      0.00      0.00      0.00
12:57:31 PM      0.00      0.00      0.00      0.00      0.00      0.00      0.00      0.00
12:57:36 PM      0.00      0.00      0.00      0.00      0.00      0.00      0.00      0.00
12:57:41 PM      0.00      0.00      0.00      0.00      0.00      0.00      0.00      0.00
12:57:46 PM      0.00      0.00      0.00      0.00      0.00      0.00      0.00      0.00
12:57:51 PM      0.00      0.00      0.00      0.00      0.00      0.00      0.00      0.00
12:57:56 PM      0.00      0.00      0.00      0.00      0.00      0.00      0.00      0.00
12:58:01 PM      0.00      0.00      0.00      0.00      0.00      0.00      0.00      0.00
12:58:06 PM      0.00      0.00      0.00      0.00      0.00      0.00      0.00      0.00
12:58:11 PM      0.00      0.00      0.00      0.00      0.00      0.00      0.00      0.00
12:58:16 PM      0.00      0.00      0.00      0.00      0.00      0.00      0.00      0.00
12:58:21 PM      0.00      0.00      0.00      0.00      0.00      0.00      0.00      0.00
12:58:26 PM      0.00      0.00      0.00      0.00      0.00      0.00      0.00      0.00
12:58:31 PM      0.00      0.00      0.00      0.00      0.00      0.00      0.00      0.00
12:58:36 PM      0.00      0.00      0.00      0.00      0.00      0.00      0.00      0.00
12:58:41 PM      0.00      0.00      0.00      0.00      0.00      0.00      0.00      0.00
12:58:46 PM      0.00      0.00      0.00      0.00      0.00      0.00      0.00      0.00
12:58:51 PM      0.00      0.00      0.00      0.00      0.00      0.00      0.00      0.00
12:58:56 PM      0.00      0.00      0.00      0.00      0.00      0.00      0.00      0.00
12:59:01 PM      0.00      0.00      0.00      0.00      0.00      0.00      0.00      0.00
12:59:06 PM      0.00      0.00      0.00      0.00      0.00      0.00      0.00      0.00
12:59:11 PM      0.00      0.00      0.00      0.00      0.00      0.00      0.00      0.00
12:59:16 PM      0.00      0.00      0.00      0.00      0.00      0.00      0.00      0.00
12:59:21 PM      0.00      0.00      0.00      0.00      0.00      0.00      0.00      0.00
12:59:26 PM      0.00      0.00      0.00      0.00      0.00      0.00      0.00      0.00
12:59:31 PM      0.00      0.00      0.00      0.00      0.00      0.00      0.00      0.00
12:59:36 PM      0.00      0.00      0.00      0.00      0.00      0.00      0.00      0.00
12:59:41 PM      0.00      0.00      0.00      0.00      0.00      0.00      0.00      0.00
12:59:46 PM      0.00      0.00      0.00      0.00      0.00      0.00      0.00      0.00
12:59:51 PM      0.00      0.00      0.00      0.00      0.00      0.00      0.00      0.00
12:59:56 PM      0.00      0.00      0.00      0.00      0.00      0.00      0.00      0.00
01:00:01 PM      0.00      0.00      0.00      0.00      0.00      0.00      0.00      0.00
01:00:06 PM      0.00      0.00      0.00      0.00      0.00      0.00      0.00      0.00
01:00:11 PM      0.00      0.00      0.00      0.00      0.00      0.00      0.00      0.00
01:00:16 PM      0.00      0.00      0.00      0.00      0.00      0.00      0.00      0.00
01:00:21 PM      0.00      0.00      0.00      0.00      0.00      0.00      0.00      0.00
01:00:26 PM      0.00      0.00      0.00      0.00      0.00      0.00      0.00      0.00
01:00:31 PM      0.00      0.00      0.00      0.00      0.00      0.00      0.00      0.00
01:00:36 PM      0.00      0.00      0.00      0.00      0.00      0.00      0.00      0.00
01:00:41 PM      0.00      0.00      0.00      0.00      0.00      0.00      0.00      0.00
01:00:46 PM      0.00      0.00      0.00      0.00      0.00      0.00      0.00      0.00
01:00:51 PM      0.00      0.00      0.00      0.00      0.00      0.00      0.00      0.00
01:00:56 PM      0.00      0.00      0.00      0.00      0.00      0.00      0.00      0.00
01:01:01 PM      0.00      0.00      0.00      0.00      0.00      0.00      0.00      0.00
01:01:06 PM      0.00      0.00      0.00      0.00      0.00      0.00      0.00      0.00
01:01:11 PM      0.00      0.00      0.00      0.00      0.00      0.00      0.00      0.00
01:01:16 PM      0.00      0.00      0.00      0.00      0.00      0.00      0.00      0.00
01:01:21 PM      0.00      0.00      0.00      0.00      0.00      0.00      0.00      0.00
01:01:26 PM      0.00      0.00      0.00      0.00      0.00      0.00      0.00      0.00
01:01:31 PM      0.00      0.00      0.00      0.00      0.00      0.00      0.00      0.00
01:01:36 PM      0.00      0.00      0.00      0.00      0.00      0.00      0.00      0.00
01:01:41 PM      0.00      0.00      0.00      0.00      0.00      0.00      0.00      0.00
01:01:46 PM      0.00      0.00      0.00      0.00      0.00      0.00      0.00      0.00
01:01:51 PM      0.00      0.00      0.00      0.00      0.00      0.00      0.00      0.00
01:01:56 PM      0.00      0.00      0.00      0.00      0.00      0.00      0.00      0.00
01:02:01 PM      0.00      0.00      0.00      0.00      0.00      0.00      0.00      0.00
01:02:06 PM      0.00      0.00      0.00      0.00      0.00      0.00      0.00      0.00
01:02:11 PM      0.00      0.00      0.00      0.00      0.00      0.00      0.00      0.00
01:02:16 PM      0.00      0.00      0.00      0.00      0.00      0.00      0.00      0.00
01:02:21 PM      0.00      0.00      0.00      0.00      0.00      0.00      0.00      0.00
01:02:26 PM      0.00      0.00      0.00      0.00      0.00      0.00      0.00      0.00
01:02:31 PM      0.00      0.00      0.00      0.00      0.00      0.00      0.00      0.00
01:02:36 PM      0.00      0.00      0.00      0.00      0.00      0.00      0.00      0.00
01:02:41 PM      0.00      0.00      0.00      0.00      0.00      0.00      0.00      0.00
01:02:46 PM      0.00      0.00      0.00      0.00      0.00      0.00      0.00      0.00
01:02:51 PM      0.00      0.00      0.00      0.00      0.00      0.00      0.00      0.00
01:02:56 PM      0.00      0.00      0.00      0.00      0.00      0.00      0.00      0.00
01:03:01 PM      0.00      0.00      0.00      0.00      0.00      0.00      0.00      0.00
01:03:06 PM      0.00      0.00      0.00      0.00      0.00      0.00      0.00      0.00
01:03:11 PM      0.00      0.00      0.00      0.00      0.00      0.00      0.00      0.00
01:03:16 PM      0.00      0.00      0.00      0.00      0.00      0.00      0.00      0.00
01:03:21 PM      0.00      0.00      0.00      0.00      0.00      0.00      0.00      0.00
01:03:26 PM      0.00      0.00      0.00      0.00      0.00      0.00      0.00      0.00
01:03:31 PM      0.00      0.00      0.00      0.00      0.00      0.00      0.00      0.00
01:03:36 PM      0.00      0.00      0.00      0.00      0.00      0.00      0.00      0.00
01:03:41 PM      0.00      0.00      0.00      0.00      0.00      0.00      0.00      0.00
01:03:46 PM      0.00      0.00      0.00      0.00      0.00      0.00      0.00      0.00
01:03:51 PM      0.00      0.00      0.00      0.00      0.00      0.00      0.00      0.00
01:03:56 PM      0.00      0.00      0.00      0.00      0.00      0.00      0.00      0.00
01:04:01 PM      0.00      0.00      0.00      0.00      0.00      0.00      0.00      0.00
01:04:06 PM      0.00      0.00      0.00      0.00      0.00      0.00      0.00      0.00
01:04:11 PM      0.00      0.00      0.00      0.00      0.00      0.00      0.00      0.00
01:04:16 PM      0.00      0.00      0.00      0.00      0.00      0.00      0.00      0.00
01:04:21 PM      0.00      0.00      0.00      0.00      0.00      0.00      0.00      0.00
01:04:26 PM      0.00      0.00      0.00      0.00      0.00      0.00      0.00      0.00
01:04:31 PM      0.00      0.00      0.00      0.00      0.00      0.00      0.00      0.00
01:04:36 PM      0.00      0.00      0.00      0.00      0.00      0.00      0.00      0.00
01:04:41 PM      0.00      0.00      0.00      0.00      0.00      0.00      0.00      0.00
01:04:46 PM      0.00      0.00      0.00      0.00      0.00      0.00      0.00      0.00
01:04:51 PM      0.00      0.00      0.00      0.00      0.00      0.00      0.00      0.00
01:04:56 PM      0.00      0.00      0.00      0.00      0.00      0.00      0.00      0.00
01:05:01 PM      0.00      0.00      0.00      0.00      0.00      0.00      0.00      0.00
01:05:06 PM      0.00      0.00      0.00      0.00      0.00      0.00      0.00      0.00
01:05:11 PM      0.00      0.00      0.00      0.00      0.00      0.00      0.00      0.00
01:05:16 PM      0.00      0.00      0.00      0.00      0.00      0.00      0.00      0.00
01:05:21 PM      0.00      0.00      0.00      0.00      0.00      0.00      0.00      0.00
01:05:26 PM      0.00      0.00      0.00      0.00      0.00      0.00      0.00      0.00
01:05:31 PM      0.00      0.00      0.00      0.00      0.00      0.00      0.00      0.00
01:05:36 PM      0.00      0.00      0.00      0.00      0.00      0.00      0.00      0.00
01:05:41 PM      0.00      0.00      0.00      0.00      0.00      0.00      0.00      0.00
01:05:46 PM      0.00      0.00      0.00      0.00      0.00      0.00      0.00      0.00
01:05:51 PM      0.00      0.00      0.00      0.00      0.00      0.00      0.00      0.00
01:05:56 PM      0.00      0.00      0.00      0.00      0.00      0.00      0.00      0.00
01:06:01 PM      0.00      0.00      0.00      0.00      0.00      0.00      0.00      0.00
01:06:06 PM      0.00      0.00      0.00      0.00      0.00      0.00      0.00      0.00
01:06:11 PM      0.00      0.00      0.00      0.00      0.00      0.00      0.00      0.00
01:06:16 PM      0.00      0.00      0.00      0.00      0.00      0.00      0.00      0.00
01:06:21 PM      0.00      0.00      0.00      0.00      0.00      0.00      0.00      0.00
01:06:26 PM      0.00      0.00      0.00      0.00      0.00      0.00      0.00      0.00
01:06:31 PM      0.00      0.00      0.00      0.00      0.00      0.00      0.00      0.00
01:06:36 PM      0.00      0.00      0.00      0.00      0.00      0.00      0.00      0.00
01:06:41 PM      0.00      0.00      0.00      0.00      0.00      0.00      0.00      0.00
01:06:46 PM      0.00      0.00      0.00      0.00      0.00      0.00      0.00      0.00
01:06:51 PM      0.00      0.00      0.00      0.00      0.00      0.00      0.00      0.00
01:06:56 PM      0.00      0.00      0.00      0.00      0.00      0.00      0.00      0.00
01:07:01 PM      0.00      0.00      0.00      0.00      0.00      0.00      0.00      0.00
01:07:06 PM      0.00      0.00      0.00      0.00      0.00      0.00      0.00      0.00
01:07:11 PM      0.00      0.00      0.00      0.00      0.00      0.00      0.00      0.00
01:07:16 PM      0.00      0.00      0.00      0.00      0.00      0.00      0.00      0.00
01:07:21 PM      0.00      0.00      0.00      0.00      0.00      0.00      0.00      0.00
01:07:26 PM      0.00      0.00      0.00      0.00      0.00      0.00      0.00      0.00
01:07:31 PM      0.00      0.00      0.00      0.00      0.00      0.00      0.00      0.00
01:07:36 PM      0.00      0.00      0.00      0.00      0.00      0.00      0.00      0.00
01:07:41 PM      0.00      0.00      0.00      0.00      0.00      0.00      0.00      0.00
01:07:46 PM      0.00      0.00      0.00      0.00      0.00      0.00      0.00      0.00
01:07:51 PM      0.00      0.00      0.00      0.00      0.00      0.00      0.00      0.00
01:07:56 PM      0.00      0.00      0.00      0.00      0.00      0.00      0.00      0.00
01:08:01 PM      0.00      0.00      0.00      0.00      0.00      0.00      0.00      0.00
01:08:06 PM      0.00      0.00      0.00      0.00      0.00      0.00      0.00      0.00
01:08:11 PM      0.00      0.00      0.00      0.00      0.00      0.00      0.00      0.00
01:08:16 PM      0.00      0.00      0.00      0.00      0.00      0.00      0.00      0.00
01:08:21 PM      0.00      0.00      0.00      0.00      0.00      0.00      0.00      0.00
01:08:26 PM      0.00      0.00      0.00      0.00      0.00      0.00      0.00      0.00
01:08:31 PM      0.00      0.00      0.00      0.00      0.00      0.00      0.00      0.00
01:08:36 PM      0.00      0.00      0.00      0.00      0.00      0.00      0.00      0.00
01:08:41 PM      0.00      0.00      0.00      0.00      0.00      0.00      0.00      0.00
01:08:46 PM      0.00      0.00      0.00      0.00      0.00      0.00      0.00      0.00
01:08:51 PM      0.00      0.00      0.00      0.00      0.00      0.00      0.00      0.00
01:08:56 PM      0.00      0.00      0.00      0.00      0.00      0.00      0.00      0.00
01:09:01 PM      0.00      0.00      0.00      0.00      0.00      0.00      0.00      0.00
01:09:06 PM      0.00      0.00      0.00      0.00      0.00      0.00      0.00      0.00
01:09:11 PM      0.00      0.00      0.00      0.00      0.00      0.00      0.00      0.00
01:09:16 PM      0.00      0.00      0.00      0.00      0.00      0.00      0.00      0.00
01:09:21 PM      0.00      0.00      0.00      0.00      0.00      0.00      0.00      0.00
01:09:26 PM      0.00      0.00      0.00      0.00      0.00      0.00      0.00      0.00
01:09:31 PM      0.00      0.00      0.00      0.00      0.00      0.00      0.00      0.00
01:09:36 PM      0.00      0.00      0.00      0.00      0.00      0.00      0.00      0.00
01:09:41 PM      0.00      0.00      0.00      0.00      0.00      0.00      0.00      0.00
01:09:46 PM      0.00      0.00      0.00      0.00      0.00      0.00      0.00      0.00
01:09:51 PM      0.00      0.00      0.00      0.00      0.00      0.00      0.00      0.00
01:09:56 PM      0.00      0.00      0.00      0.00      0.00      0.00      0.00      0.00
01:10:01 PM      0.00      0.00      0.00      0.00      0.00      0.00      0.00      0.00
01:10:06 PM      0.00      0.00      0.00      0.00      0.00      0.00      0.00      0.00
01:10:11 PM      0.00      0.00      0.00      0.00      0.00      0.00      0.00      0.00
01:10:16 PM      0.00      0.00      0.00      0.00      0.00      0.00      0.00      0.00
01:10:21 PM      0.00      0.00      0.00      0.00      0.00      0.00      0.00      0.00
01:10:26 PM      0.00      0.00      0.00      0.00      0.00      0.00      0.00      0.00
01:10:31 PM      0.00      0.00      0.00      0.00      0.00      0.00      0.00      0.00
01:10:36 PM      0.00      0.00      0.00      0.00      0.00      0.00      0.00      0.00
01:10:41 PM      0.00      0.00      0.00      0.00      0.00      0.00      0.00      0.00
01:10:46 PM      0.00      0.00      0.00      0.00      0.00      0.00      0.00      0.00
01:10:51 PM      0.00      0.00      0.00      0.00      0.00      0.00      0.00      0.00
01:10:56 PM      0.00      0.00      0.00      0.00      0.00      0.00      0.00      0.00
01:11:01 PM      0.00      0.00      0.00      0.00      0.00      0.00      0.00      0.00
01:11:06 PM      0.00      0.00      0.00      0.00      0.00      0.00      0.00      0.00
01:11:11 PM      0.00      0.00      0.00      0.00      0.00      0.00      0.00      0.00
01:11:16 PM      0.00      0.00      0.00      0.00      0.00      0.00      0.00      0.00
01:11:21 PM      0.00      0.00      0.00      0.00      0.00      0.00      0.00      0.00
01:11:26 PM      0.00      0.00      0.00      0.00      0.00      0.00      0.00      0.00
01:11:31 PM      0.00      0.00      0.00      0.00      0.00      0.00      0.00      0.00
01:11:36 PM      0.00      0.00      0.00      0.00      0.00      0.00      0.00      0.00
01:11:41 PM      0.00      0.00      0.00      0.00      0.00      0.00      0.00      0.00
01:11:46 PM      0.00      0.00      0.00      0.00      0.00      0.00      0.00      0.00
01:11:51 PM      0.00      0.00      0.00      0.00      0.00      0.00      0.00      0.00
01:11:56 PM      0.00      0.00      0.00      0.00      0.00      0.00      0.00      0.00
01:12:01 PM      0.00      0.00      0.00      0.00      0.00      0.00      0.00      0.00
01:12:06 PM      0.00      0.00      0.00      0.00      0.00      0.00      0.00      0.00
01:12:11 PM      0.00      0.00      0.00      0.00      0.00      0.00      0.00      0.00
01:12:16 PM      0.00      0.00      0.00      0.00      0.00      0.00      0.00      0.00
01:12:21 PM      0.00      0.00      0.00      0.00      0.00      0.00      0.00      0.00
01:12:26 PM      0.00      0.00      0.00      0.00      0.00      0.00      0.00      0.00
01:12:31 PM      0.00      0.00      0.00      0.00      0.00      0.00      0.00      0.00
01:12:36 PM      0.00      0.00      0.00      0.00      0.00      0.00      0.00      0.00
01:12:41 PM      0.00      0.00      0.00      0.00      0.00      0.00      0.00      0.00
01:12:46 PM      0.00      0.00      0.00      0.00      0.00      0.00      0.00      0.00
01:12:51 PM      0.00      0.00      0.00      0.00      0.00      0.00      0.00      0.00
01:12:56 PM      0.00      0.00      0.00      0.00      0.00      0.00      0.00      0.00
01:13:01 PM      0.00      0.00      0.00      0.00      0.00      0.00      0.00      0.00
01:13:06 PM      0.00      0.00      0.00      0.00      0.00      0.00      0.00      0.00
01:13:11 PM      0.00      0.00      0.00      0.00      0.00      0.00      0.00      0.00
01:13:16 PM      0.00      0.00      0.00      0.00      0.00      0.00      0.00      0.00
01:13:21 PM      0.00      0.00      0.00      0.00      0.00      0.00      0.00      0.00
01:13:26 PM      0.00      0.00      0.00      0.00      0.00      0.00      0.00      0.00
01:13:31 PM      0.00      0.00      0.00      0.00      0.00      0.00      0.00      0.00
01:13:36 PM      0.00      0.00      0.00      0.00      0.00      0.00      0.00      0.00
01:13:41 PM      0.00      0.00      0.00      0.00      0.00      0.00      0.00      0.00
01:13:46 PM      0.00      0.00      0.00      0.00      0.00      0.00      0.00      0.00
01:13:51 PM      0.00      0.00      0.00      0.00      0.00      0.00      0.00      0.00
01:13:56 PM      0.00      0.00      0.00      0.00      0.00      0.00      0.00      0.00
01:14:01 PM      0.00      0.00      0.00      0.00      0.00      0.00      0.00      0.00
01:14:06 PM      0.00      0.00      0.00      0.00      0.00      0.00      0.00      0.00
01:14:11 PM      0.00      0.00      0.00      0.00      0.00      0.00      0.00      0.00
01:14:16 PM      0.00      0.00      0.00      0.00      0.00      0.00      0.00      0.00
01:14:21 PM      0.00      0.00      0.00      0.00      0.00      0.00      0.00      0.00
01:14:26 PM      0.00      0.00      0.00      0.00      0.00      0.00      0.00      0.00
01:14:31 PM      0.00      0.00      0.00      0.00      0.00      0.00      0.00      0.00
01:14:36 PM      0.00      0.00      0.00      0.00      0.00      0.00      0.00      0.00
01:14:41 PM      0.00      0.00      0.00      0.00      0.00      0.00      0.00      0.00
01:14:46 PM      0.00      0.00      0.00      0.00      0.00      0.00      0.00      0.00
01:14:51 PM      0.00      0.00      0.00      0.00      0.00      0.00      0.00      0.00
01:14:56 PM      0.00      0.00      0.00      0.00      0.00      0.00      0.00      0.00
01:15:01 PM      0.00      0.00      0.00      0.00      0.00      0.00      0.00      0.00
01:15:06 PM      0.00      0.00      0.00      0.00      0.00      0.00      0.00      0.00
01:15:11 PM      0.00      0.00      0.00      0.00      0.00      0.00      0.00      0.00
01:15:16 PM      0.00      0.00      0.00      0.00      0.00      0.00      0.00      0.00
01:15:21 PM      0.00      0.00      0.00      0.00      0.00      0.00      0.00      0.00
01:15:26 PM      0.00      0.00      0.00      0.00      0.00      0.00      0.00      0.00
01:15:31 PM      0.00      0.00      0.00      0.00      0.00      0.00      0.00      0.00
01:15:36 PM      0.00      0.00      0.00      0.00      0.00      0.00      0.00      0.00
01:15:41 PM      0.00      0.00      0.00      0.00      0.00      0.00      0.00      0.00
01:15:46 PM      0.00      0.00      0.00      0.00      0.00      0.00      0.00      0.00
01:15:51 PM      0.00      0.00      0.00      0.00      0.00      0.00      0.00      0.00
01:15:56 PM      0.00      0.00      0.00      0.00      0.00      0.00      0.00      0.00
01:16:01 PM      0.00      0.00      0.00      0.00      0.00      0.00      0.00      0.00
01:16:06 PM      0.00      0.00      0.00      0.00      0.00      0.00      0.00      0.00
01:16:11 PM      0.00      0.00      0.00      0.00      0.00      0.00      0.00      0.00
01:16:16 PM      0.00      0.00      0.00      0.00      0.00      0.00      0.00      0.00
01:16:21 PM      0.00      0.00      0.00      0.00      0.00      0.00      0.00      0.00
01:16:26 PM      0.00      0.00      0.00      0.00      0.00      0.00      0.00      0.00
01:16:31 PM      0.00      0.00      0.00      0.00      0.00      0.00      0.00      0.00
01:16:36 PM      0.00      0.00      0.00      0.00      0.00      0.00      0.00      0.00
01:16:41 PM      0.00      0.00      0.00      0.00      0.00      0.00      0.00      0.00
01:16:46 PM      0.00      0.00      0.00      0.00      0.00      0.00      0.00      0.00
01:16:51 PM      0.00      0.00      0.00      0.00      0.00      0.00      0.00      0.00
01:16:56 PM      0.00      0.00      0.00      0.00      0.00      0.00      0.00      0.00
01:17:01 PM      0.00      0.00      0.00      0.00      0.00      0.00      0.00      0.00
01:17:06 PM      0.00      0.00      0.00      0.00      0.00      0.00      0.00      0.00
01:17:11 PM      0.00      0.00      0.00      0.00      0.00      0.00      0.00      0.00
01:17:16 PM      0.00      0.00      0.00      0.00      0.00      0.00      0.00      0.00
01:17:21 PM      0.00      0.00      0.00      0.00      0.00      0.00      0.00      0.00
01:17:26 PM      0.00      0.00      0.00      0.00      0.00      0.00      0.00      0.00
01:17:31 PM      0.00      0.00      0.00      0.00      0.00      0.00      0.00      0.00
01:17:36 PM      0.00      0.00      0.00      0.00      0.00      0.00      0.00      0.00
01:17:41 PM      0.00      0.00      0.00      0.00      0.00      0.00      0.00      0.00
01:17:46 PM      0.00      0.00      0.00      0.00      0.00      0.00      0.00      0.00
01:17:51 PM      0.00      0.00      0.00      0.00      0.00      0.00      0.00      0.00
01:17:56 PM      0.00      0.00      0.00      0.00      0.00      0.00      0.00      0.00
01:18:01 PM      0.00      0.00      0.00      0.00      0.00      0.00      0.00      0.00
01:18:06 PM      0.00      0.00      0.00      0.00      0.00      0.00      0.00      0.00
01:18:11 PM      0.00      0.00      0.00      0.00      0.00      0.00      0.00      0.00
01:18:16 PM      0.00      0.00      0.00      0.00      0.00      0.00      0.00      0.00
01:18:21 PM      0.00      0.00      0.00      0.00      0.00      0.00      0.00      0.00
01:18:26 PM      0.00      0.00      0.00      0.00      0.00      0.00      0.00      0.00
01:18:31 PM      0.00      0.00      0.00      0.00      0.00      0.00      0.00      0.00
01:18:36 PM      0.00      0.00      0.00      0.00      0.00      0.00      0.00      0.00
01:18:41 PM      0.00      0.00      0.00      0.00      0.00      0.00      0.00      0.00
01:18:46 PM      0.00      0.00      0.00      0.00      0.00      0.00      0.00      0.00
01:18:51 PM      0.00      0.00      0.00      0.00      0.00      0.00      0.00      0.00
01:18:56 PM      0.00      0.00      0.00      0.00      0.00      0.00      0.00      0.00
01:19:01 PM      0.00      0.00      0.00      0.00      0.00      0.00      0.00      0.00
01:19:06 PM      0.00      0.00      0.00      0.00      0.00      0.00      0.00      0.00
01:19:11 PM      0.00      0.00      0.00      0.00      0.00      0.00      0.00      0.00
01:19:16 PM      0.00      0.00      0.00      0.00      0.00      0.00      0.00      0.00
01:19:21 PM      0.00      0.00      0.00      0.00      0.00      0.00      0.00      0.00
01:19:26 PM      0.00      0.00      0.00      0.00      0.00      0.00      0.00      0.00
01:19:31 PM      0.00      0.00      0.00      0.00      0.00      0.00      0.00      0.00
01:19:36 PM      0.00      0.00      0.00      0.00      0.00      0.00      0.00      0.00
01:19:41 PM      0.00      0.00      0.00      0.00      0.00      0.00      0.00      0.00
01:19:46 PM      0.00      0.00      0.00      0.00      0.00      0.00      0.00      0.00
01:19:51 PM      0.00      0.00      0.00      0.00      0.00      0.00      0.00      0.00
01:19:56 PM      0.00      0.00      0.00      0.00      0.00      0.00      0.00      0.00
01:20:01 PM      0.00      0.00      0.00      0.00      0.00      0.00      0.00      0.00
01:20:06 PM      0.00      0.00      0.00      0.00      0.00      0.00      0.00      0.00
01:20:11 PM      0.00      0.00      0.00      0.00      0.00      0.00      0.00      0.00
01:20:16 PM      0.00      0.00      0.00      0.00      0.00      0.00      0.00      0.00
01:20:21 PM      0.00      0.00      0.00      0.00      0.00      0.00      0.00      0.00
01:20:26 PM      0.00      0.00      0.00      0.00      0.00      0.00      0.00      0.00
01:20:31 PM      0.00      0.00      0.00      0.00      0.00      0.00      0.00      0.00
01:20:36 PM      0.00      0.00      0.00      0.00      0.00      0.00      0.00      0.00
01:20:41 PM      0.00      0.00      0.00      0.00      0.00      0.00      0.00      0.00
01:20:46 PM      0.00      0.00      0.00      0.00      0.00      0.00      0.00      0.00
01:20:51 PM      0.00      0.00      0.00      0.00      0.00      0.00      0.00      0.00
01:20:56 PM      0.00      0.00      0.00      0.00      0.00      0.00      0.00      0.00
01:21:01 PM      0.00      0.00      0.00      0.00      0.00      0.00      0.00      0.00
01:21:06 PM      0.00      0.00      0.00      0.00      0.00      0.00      0.00      0.00
01:21:11 PM      0.00      0.00      0.00      0.00      0.00      0.00      0.00      0.00
01:21:16 PM      0.00      0.00      0.00      0.00      0.00      0.00      0.00      0.00
01:21:21 PM      0.00      0.00      0.00      0.00      0.00      0.00      0.00      0.00
01:21:26 PM      0.00      0.00      0.00      0.00      0.00      0.00      0.00      0.00
01:21:31 PM      0.00      0.00      0.00      0.00      0.00      0.00      0.00      0.00
01:21:36 PM      0.00      0.00      0.00      0.00      0.00      0.00      0.00      0.00
01:21:41 PM      0.00      0.00      0.00      0.00      0.00      0.00      0.00      0.00
01:21:46 PM      0.00      0.00      0.00      0.00      0.00      0.00      0.00      0.00
01:21:51 PM      0.00      0.00      0.00      0.00      0.00      0.00      0.00      0.00
01:21:56 PM      0.00      0.00      0.00      0.00      0.00      0.00      0.00      0.00
01:22:01 PM      0.00      0.00      0.00      0.00      0.00      0.00      0.00      0.00
01:22:06 PM      0.00      0.00      0.00      0.00      0.00      0.00      0.00      0.00
01:22:11 PM      0.00      0.00      0.00      0.00      0.00      0.00      0.00      0.00
01:22:16 PM      0.00      0.00      0.00      0.00      0.00      0.00      0.00      0.00
01:22:21 PM      0.00      0.00      0.00      0.00      0.00      0.00      0.00      0.00
01:22:26 PM      0.00      0.00      0.00      0.00      0.00      0.00      0.00      0.00
01:22:31 PM      0.00      0.00      0.00      0.00      0.00      0.00      0.00      0.00
01:22:36 PM      0.00      0.00      0.00      0.00      0.00      0.00      0.00      0.00
01:22:41 PM      0.00      0.00      0.00      0.00      0.00      0.00      0.00      0.00
01:22:46 PM      0.00      0.00      0.00      0.00      0.00      0.00      0.00      0.00
01:22:51 PM      0.00      0.00      0.00      0.00      0.00      0.00      0.00      0.00
01:22:56 PM      0.00      0.00      0.00      0.00      0.00      0.00      0.00      0.00
01:23:01 PM      0.00      0.00      0.00      0.00      0.00      0.00      0.00      0.00
01:23:06 PM      0.00      0.00      0.00      0.00      0.00      0.00      0.00      0.00
01:23:11 PM      0.00      0.00      0.00      0.00      0.00      0.00      0.00      0.00
01:23:16 PM      0.00      0.00      0.00      0.00      0.00      0.00      0.00      0.00
01:23:21 PM      0.00      0.00      0.00      0.00      0.00      0.00      0.00      0.00
01:23:26 PM      0.00      0.00      0.00      0.00      0.00      0.00      0.00      0.00
01:23:31 PM      0.00      0.00      0.00      0.00      0.00      0.00      0.00      0.00
01:23:36 PM      0.00      0.00      0.00      0.00      0.00      0.00      0.00      0.00
01:23:41 PM      0.00      0.00      0.00      0.00      0.00      0.00      0.00      0.00
01:23:46 PM      0.00      0.00      0.00      0.00      0.00      0.00      0.00      0.00
01:23:51 PM      0.00      0.00      0.00      0.00      0.00      0.00      0.00      0.00
01:23:56 PM      0.00      0.00      0.00      0.00      0.00      0.00      0.00      0.00
01:24:01 PM      0.00      0.00      0.00      0.00      0.00      0.00      0.00      0.00
01:24:06 PM      0.00      0.00      0.00      0.00      0.00      0.00      0.00      0.00
01:24:11 PM      0.00      0.00      0.00      0.00      0.00      0.00      0.00      0.00
01:24:16 PM      0.00      0.00      0.00      0.00      0.00      0.00      0.00      0.00
01:24:21 PM      0.00      0.00      0.00      0.00      0.00      0.00      0.00      0.00
01:24:26 PM      0.00      0.00      0.00      0.00      0.00      0.00      0.00      0.00
01:24:31 PM      0.00      0.00      0.00      0.00      0.00      0.00      0.00      0.00
01:24:36 PM      0.00      0.00      0.00      0.00      0.00      0.00      0.00      0.00
01:24:41 PM      0.00      0.00      0.00      0.00      0.00      0.00      0.00      0.00
01:24:46 PM      0.00      0.00      0.00      0.00      0.00      0.00      0.00      0.00
01:24:51 PM      0.00      0.00      0.00      0.00      0.00      0.00      0.00      0.00
01:24:56 PM      0.00      0.00      0.00      0.00      0.00      0.00      0.00      0.00
01:25:01 PM      0.00      0.00      0.00      0.00      0.00      0.00      0.00      0.00
01:25:06 PM      0.00      0.00      0.00      0.00      0.00      0.00      0.00      0.00
01:25:11 PM      0.00      0.00      0.00      0.00      0.00      0.00      0.00      0.00
01:25:16 PM      0.00      0.00      0.00      0.00      0.00      0.00      0.00      0.00
01:25:21 PM      0.00      0.00      0.00      0.00      0.00      0.00      0.00      0.00
01:25:26 PM      0.00      0.00      0.00      0.00      0.00      0.00      0.00      0.00
01:25:31 PM      0.00      0.00      0.00      0.00      0.00      0.00      0.00      0.00
01:25:36 PM      0.00      0.00      0.00      0.00      0.00      0.00      0.00      0.00
01:25:41 PM      0.00      0.00      0.00      0.00      0.00      0.00      0.00      0.00
01:25:46 PM      0.00      0.00      0.00      0.00      0.00      0.00      0.00      0.00
01:25:51 PM      0.00      0.00      0.00      0.00      0.00      0.00      0.00      0.00
01:25:56 PM      0.00      0.00      0.00      0.00      0.00      0.00      0.00      0.00
01:26:01 PM      0.00      0.00      0.00      0.00      0.00      0.00      0.00      0.00
01:26:06 PM      0.00      0.00      0.00      0.00      0.00      0.00      0.00      0.00
01:26:11 PM      0.00      0.00      0.00      0.00      0.00      0.00      0.00      0.00
01:26:16 PM      0.00      0.00      0.00      0.00      0.00      0.00      0.00      0.00
01:26:21 PM      0.00      0.00      0.00      0.00      0.00      0.00      0.00      0.00
01:26:26 PM      0.00      0.00      0.00      0.00      0.00      0.00      0.00      0.00
01:26:31 PM      0.00      0.00      0.00      0.00      0.00      0.00      0.00      0.00
01:26:36 PM      0.00      0.00      0.00      0.00      0.00      0.00      0.00      0.00
01:26:41 PM      0.00      0.00      0.00      0.00      0.00      0.00      0.00      0.00
01:26:46 PM      0.00      0.00      0.00      0.00      0.00      0.00      0.00      0.00
01:26:51 PM      0.00      0.00      0.00      0.00      0.00      0.00      0.00      0.00
01:26:56 PM      0.00      0.00      0.00      0.00      0.00      0.00      0.00      0.00
01:27:01 PM      0.00      0.00      0.00      0.00      0.00      0.00      0.00      0.00
01:27:06 PM      0.00      0.00      0.00      0.00      0.00      0.00      0.00      0.00
01:27:11 PM      0.00      0.00      0.00      0.00      0.00      0.00      0.00      0.00
01:27:16 PM      0.00      0.00      0.00      0.00      0.00      0.00      0.00      0.00
01:27:21 PM      0.00      0.00      0.00      0.00      0.00      0.00      0.00      0.00
01:27:26 PM      0.00      0.00      0.00      0.00      0.00      0.00      0.00      0.00
01:27:31 PM      0.00      0.00      0.00      0.00      0.00      0.00      0.00      0.00
01:27:36 PM      0.00      0.00      0.00      0.00      0.00      0.00      0.00      0.00
01:27:41 PM      0.00      0.00      0.00      0.00      0.00      0.00      0.00      0.00
01:27:46 PM      0.00      0.00      0.00      0.00      0.00      0.00      0.00      0.00
01:27:51 PM      0.00      0.00      0.00      0.00      0.00      0.00      0.00      0.00
01:27:56 PM      0.00      0.00      0.00      0.00      0.00      0.00      0.00      0.00
01:28:01 PM      0.00      0.00      0.00      0.00      0.00      0.00      0.00      0.00
01:28:06 PM      0.00      0.00      0.00      0.00      0.00      0.00      0.00      0.00
01:28:11 PM      0.00      0.00      0.00      0.00      0.00      0.00      0.00      0.00
01:28:16 PM      0.00      0.00      0.00      0.00      0.00      0.00      0.00      0.00
01:28:21 PM      1.63      0.29      0.06      3.83      1.63      0.29      0.06      3.82
01:28:26 PM      0.89      0.26      0.06      0.00      0.89      0.26      0.06      0.00
01:28:31 PM      0.59      0.24      0.05      0.00      0.59      0.24      0.05      0.00
01:28:36 PM      0.32      0.22      0.05      0.00      0.32      0.22      0.05      0.00
01:28:41 PM      0.22      0.20      0.05      0.00      0.22      0.20      0.05      0.00
01:28:46 PM      0.12      0.18      0.05      0.00      0.12      0.18      0.05      0.00
01:28:51 PM      0.08      0.17      0.05      0.02      0.08      0.17      0.05      0.02
01:28:56 PM      0.04      0.15      0.05      0.00      0.04      0.15      0.05      0.00
01:29:01 PM      0.02      0.14      0.05      0.00      0.02      0.14      0.05      0.00
01:29:06 PM      0.01      0.13      0.05      0.00      0.01      0.13      0.05      0.00
01:29:11 PM      0.00      0.12      0.04      0.00      0.00      0.12      0.04      0.00
01:29:16 PM      0.00      0.11      0.04      0.00      0.00      0.11      0.04      0.00
01:29:21 PM      0.18      0.13      0.05      0.67      0.18      0.13      0.05      0.67
01:29:26 PM      0.10      0.12      0.05      0.00      0.10      0.12      0.05      0.00
01:29:31 PM      0.06      0.11      0.05      0.00      0.06      0.11      0.05      0.00
01:29:36 PM      0.03      0.10      0.05      0.00      0.03      0.10      0.05      0.00
01:29:41 PM      0.02      0.09      0.04      0.00      0.02      0.09      0.04      0.00
01:29:46 PM      0.01      0.08      0.04      0.00      0.01      0.08      0.04      0.00
01:29:51 PM      2.00      0.44      0.12      4.75      2.00      0.44      0.12      4.74
01:29:56 PM      1.09      0.39      0.11      0.00      1.09      0.39      0.11      0.00
01:30:01 PM      0.73      0.37      0.11      0.00      0.73      0.37      0.11      0.00
01:30:06 PM      0.40      0.33      0.11      0.00      0.40      0.33      0.11      0.00
01:30:11 PM      0.27      0.31      0.11      0.00      0.27      0.31      0.11      0.00
01:30:16 PM      0.14      0.28      0.10      0.00      0.14      0.28      0.10      0.00
01:30:21 PM      0.09      0.26      0.10      0.23      0.09      0.26      0.10      0.23
01:30:26 PM      0.05      0.23      0.10      0.00      0.05      0.23      0.10      0.00
01:30:31 PM      0.03      0.22      0.10      0.00      0.03      0.22      0.10      0.00
01:30:36 PM      0.01      0.20      0.10      0.00      0.01      0.20      0.10      0.00
01:30:41 PM      0.01      0.18      0.09      0.00      0.01      0.18      0.09      0.00
01:30:46 PM      0.00      0.16      0.09      0.00      0.00      0.16      0.09      0.00
01:30:51 PM      0.00      0.15      0.09      0.00      0.00      0.15      0.09      0.00
01:30:56 PM      0.00      0.14      0.09      0.00      0.00      0.14      0.09      0.00
01:31:01 PM      0.00      0.13      0.08      0.00      0.00      0.13      0.08      0.00
01:31:06 PM      0.00      0.11      0.08      0.00      0.00      0.11      0.08      0.00
01:31:11 PM      0.00      0.11      0.08      0.00      0.00      0.11      0.08      0.00
01:31:16 PM      0.00      0.10      0.08      0.00      0.00      0.10      0.08      0.00
01:31:21 PM      3.44      0.71      0.20      7.55      3.44      0.71      0.20      7.55
01:31:26 PM      1.88      0.64      0.20      0.01      1.88      0.64      0.20      0.00
01:31:31 PM      1.26      0.60      0.20      0.00      1.26      0.60      0.20      0.00
01:31:36 PM      0.69      0.54      0.19      0.00      0.69      0.54      0.19      0.00
01:31:41 PM      0.46      0.51      0.19      0.00      0.46      0.51      0.19      0.00
01:31:46 PM      0.25      0.46      0.18      0.00      0.25      0.46      0.18      0.00
01:31:51 PM      0.35      0.46      0.19      0.62      0.35      0.46      0.19      0.62
01:31:56 PM      0.19      0.41      0.18      0.00      0.19      0.41      0.18      0.00
01:32:01 PM      0.12      0.39      0.18      0.00      0.12      0.39      0.18      0.00
01:32:06 PM      0.07      0.35      0.18      0.10      0.07      0.35      0.18      0.10
01:32:11 PM      0.04      0.33      0.17      0.00      0.04      0.33      0.17      0.00
01:32:16 PM      0.02      0.29      0.17      0.00      0.02      0.29      0.17      0.00
01:32:21 PM      0.37      0.34      0.18      0.95      0.37      0.34      0.18      0.94
01:32:26 PM      0.20      0.31      0.18      0.00      0.20      0.31      0.18      0.00
01:32:31 PM      0.13      0.29      0.17      0.00      0.13      0.29      0.17      0.00
01:32:36 PM      0.07      0.26      0.17      0.00      0.07      0.26      0.17      0.00
01:32:41 PM      0.05      0.24      0.17      0.00      0.05      0.24      0.17      0.00
01:32:46 PM      0.02      0.22      0.16      0.00      0.02      0.22      0.16      0.00
01:32:51 PM      1.10      0.40      0.20      2.70      1.10      0.40      0.20      2.70
01:32:56 PM      0.60      0.36      0.20      0.00      0.60      0.36      0.20      0.00
01:33:01 PM      0.40      0.33      0.19      0.00      0.40      0.33      0.19      0.00
01:33:06 PM      0.22      0.30      0.19      0.00      0.22      0.30      0.19      0.00
01:33:11 PM      0.14      0.28      0.19      0.00      0.14      0.28      0.19      0.00
01:33:16 PM      0.08      0.25      0.18      0.00      0.08      0.25      0.18      0.00
01:33:21 PM      1.50      0.50      0.23      3.57      1.50      0.50      0.23      3.57
01:33:26 PM      0.82      0.45      0.23      0.00      0.82      0.45      0.23      0.00
01:33:31 PM      0.55      0.42      0.22      0.00      0.55      0.42      0.22      0.00
01:33:36 PM      0.30      0.38      0.22      0.00      0.30      0.38      0.22      0.00
01:33:41 PM      0.20      0.35      0.21      0.00      0.20      0.35      0.21      0.00
01:33:46 PM      0.11      0.32      0.21      0.00      0.11      0.32      0.21      0.00
01:33:51 PM      0.25      0.33      0.21      0.45      0.25      0.33      0.21      0.45
01:33:56 PM      0.13      0.30      0.21      0.00      0.13      0.30      0.21      0.00
01:34:01 PM      0.09      0.28      0.20      0.00      0.09      0.28      0.20      0.00
01:34:06 PM      0.05      0.25      0.20      0.00      0.05      0.25      0.20      0.00
01:34:11 PM      0.03      0.23      0.20      0.00      0.03      0.23      0.20      0.00
01:34:16 PM      0.01      0.21      0.19      0.00      0.01      0.21      0.19      0.00
01:34:21 PM      2.36      0.62      0.28      5.25      2.36      0.62      0.28      5.25
01:34:26 PM      1.29      0.56      0.27      0.00      1.29      0.56      0.27      0.00
01:34:31 PM      0.87      0.53      0.27      0.00      0.87      0.53      0.27      0.00
01:34:36 PM      0.58      0.49      0.27      0.00      0.58      0.49      0.27      0.00
01:34:41 PM      0.31      0.44      0.26      0.00      0.31      0.44      0.26      0.00
01:34:46 PM      0.21      0.41      0.26      0.00      0.21      0.41      0.26      0.00
01:34:51 PM      0.29      0.41      0.26      0.79      0.29      0.41      0.26      0.79
01:34:56 PM      0.19      0.38      0.25      0.00      0.19      0.38      0.25      0.00
01:35:01 PM      0.10      0.34      0.25      0.00      0.10      0.34      0.25      0.00
01:35:06 PM      0.07      0.32      0.24      0.00      0.07      0.32      0.24      0.00
01:35:11 PM      0.03      0.29      0.24      0.00      0.03      0.29      0.24      0.00
01:35:16 PM      0.02      0.27      0.23      0.00      0.02      0.27      0.23      0.00
01:35:21 PM      0.01      0.24      0.23      0.10      0.01      0.24      0.23      0.10
01:35:26 PM      0.00      0.23      0.22      0.00      0.00      0.23      0.22      0.00
01:35:31 PM      0.00      0.20      0.22      0.00      0.00      0.20      0.22      0.00
01:35:36 PM      0.00      0.19      0.21      0.00      0.00      0.19      0.21      0.00
01:35:41 PM      0.00      0.17      0.21      0.00      0.00      0.17      0.21      0.00
01:35:46 PM      0.00      0.16      0.21      0.00      0.00      0.16      0.21      0.00
01:35:51 PM      1.81      0.47      0.27      4.30      1.81      0.47      0.27      4.30
01:35:56 PM      1.21      0.44      0.27      0.00      1.21      0.44      0.27      0.00
01:36:01 PM      0.66      0.40      0.26      0.00      0.66      0.40      0.26      0.00
01:36:06 PM      0.44      0.37      0.26      0.00      0.44      0.37      0.26      0.00
01:36:11 PM      0.24      0.33      0.25      0.00      0.24      0.33      0.25      0.00
01:36:16 PM      0.16      0.31      0.25      0.00      0.16      0.31      0.25      0.00
01:36:21 PM      0.63      0.38      0.26      1.35      0.63      0.38      0.26      1.35
01:36:26 PM      0.42      0.35      0.26      0.00      0.42      0.35      0.26      0.00
01:36:31 PM      0.23      0.32      0.25      0.00      0.23      0.32      0.25      0.00
01:36:36 PM      0.15      0.30      0.25      0.00      0.15      0.30      0.25      0.00
01:36:41 PM      0.08      0.27      0.24      0.00      0.08      0.27      0.24      0.00
01:36:46 PM      0.05      0.25      0.24      0.00      0.05      0.25      0.24      0.00
01:36:51 PM      0.03      0.23      0.23      0.14      0.03      0.23      0.23      0.14
01:36:56 PM      0.01      0.21      0.23      0.00      0.01      0.21      0.23      0.00
01:37:01 PM      0.01      0.19      0.22      0.00      0.01      0.19      0.22      0.00
01:37:06 PM      0.00      0.18      0.22      0.00      0.00      0.18      0.22      0.00
01:37:11 PM      0.00      0.16      0.21      0.00      0.00      0.16      0.21      0.00
01:37:16 PM      0.00      0.15      0.21      0.00      0.00      0.15      0.21      0.00
01:37:21 PM      1.26      0.36      0.25      2.87      1.26      0.36      0.25      2.87
01:37:26 PM      0.85      0.34      0.25      0.00      0.85      0.34      0.25      0.00
01:37:31 PM      0.46      0.30      0.24      0.00      0.46      0.30      0.24      0.00
01:37:36 PM      0.31      0.28      0.24      0.00      0.31      0.28      0.24      0.00
01:37:41 PM      0.17      0.26      0.23      0.00      0.17      0.26      0.23      0.00
01:37:46 PM      0.11      0.24      0.23      0.00      0.11      0.24      0.23      0.00
01:37:51 PM      0.78      0.35      0.25      2.21      0.78      0.35      0.25      2.21
01:37:56 PM      0.52      0.32      0.25      0.00      0.52      0.32      0.25      0.00
01:38:01 PM      0.28      0.29      0.24      0.00      0.28      0.29      0.24      0.00
01:38:06 PM      0.19      0.27      0.24      0.00      0.19      0.27      0.24      0.00
01:38:11 PM      0.10      0.25      0.23      0.00      0.10      0.25      0.23      0.00
01:38:16 PM      0.07      0.23      0.23      0.00      0.07      0.23      0.23      0.00
01:38:21 PM      0.03      0.21      0.22      0.12      0.03      0.21      0.22      0.12
01:38:26 PM      0.02      0.19      0.22      0.00      0.02      0.19      0.22      0.00
01:38:31 PM      0.01      0.17      0.21      0.00      0.01      0.17      0.21      0.00
01:38:36 PM      0.00      0.16      0.21      0.00      0.00      0.16      0.21      0.00
01:38:41 PM      0.00      0.14      0.20      0.00      0.00      0.14      0.20      0.00
01:38:46 PM      0.00      0.13      0.20      0.00      0.00      0.13      0.20      0.00
01:38:51 PM      0.00      0.12      0.20      0.21      0.00      0.12      0.20      0.21
01:38:56 PM      0.00      0.11      0.19      0.00      0.00      0.11      0.19      0.00
01:39:01 PM      0.00      0.10      0.19      0.00      0.00      0.10      0.19      0.00
01:39:06 PM      0.00      0.09      0.19      0.00      0.00      0.09      0.19      0.00
01:39:11 PM      0.00      0.08      0.18      0.00      0.00      0.08      0.18      0.00
01:39:16 PM      0.00      0.08      0.18      0.00      0.00      0.08      0.18      0.00
01:39:21 PM      0.90      0.23      0.21      2.41      0.90      0.23      0.21      2.41
01:39:26 PM      0.60      0.22      0.21      0.00      0.60      0.22      0.21      0.00
01:39:31 PM      0.33      0.19      0.20      0.00      0.33      0.19      0.20      0.00
01:39:36 PM      0.22      0.18      0.20      0.00      0.22      0.18      0.20      0.00
01:39:41 PM      0.12      0.16      0.19      0.00      0.12      0.16      0.19      0.00
01:39:46 PM      0.08      0.15      0.19      0.05      0.08      0.15      0.19      0.05
01:39:51 PM      0.04      0.14      0.19      0.30      0.04      0.14      0.19      0.30
01:39:56 PM      0.02      0.13      0.18      0.00      0.02      0.13      0.18      0.00
01:40:01 PM      0.01      0.11      0.18      0.00      0.01      0.11      0.18      0.00
01:40:06 PM      0.00      0.10      0.18      0.00      0.00      0.10      0.18      0.00
01:40:11 PM      0.00      0.09      0.17      0.00      0.00      0.09      0.17      0.00
01:40:16 PM      0.00      0.09      0.17      0.00      0.00      0.09      0.17      0.00
01:40:21 PM      0.54      0.18      0.19      1.37      0.54      0.18      0.19      1.37
01:40:26 PM      0.36      0.16      0.18      0.00      0.36      0.16      0.18      0.00
01:40:31 PM      0.19      0.15      0.18      0.00      0.19      0.15      0.18      0.00
01:40:36 PM      0.13      0.14      0.18      0.00      0.13      0.14      0.18      0.00
01:40:41 PM      0.07      0.12      0.17      0.00      0.07      0.12      0.17      0.00
01:40:46 PM      0.04      0.11      0.17      0.00      0.04      0.11      0.17      0.00
01:40:51 PM      0.57      0.20      0.18      1.52      0.57      0.20      0.18      1.52
01:40:56 PM      0.38      0.19      0.18      0.00      0.38      0.19      0.18      0.00
01:41:01 PM      0.20      0.17      0.18      0.00      0.20      0.17      0.18      0.00
01:41:06 PM      0.14      0.16      0.17      0.00      0.14      0.16      0.17      0.00
01:41:11 PM      0.07      0.14      0.17      0.00      0.07      0.14      0.17      0.00
01:41:16 PM      0.05      0.13      0.17      0.00      0.05      0.13      0.17      0.00
01:41:21 PM      0.20      0.15      0.17      0.92      0.20      0.15      0.17      0.92
01:41:26 PM      0.13      0.14      0.17      0.00      0.13      0.14      0.17      0.00
01:41:31 PM      0.07      0.12      0.16      0.00      0.07      0.12      0.16      0.00
01:41:36 PM      0.05      0.12      0.16      0.00      0.05      0.12      0.16      0.00
01:41:41 PM      0.02      0.10      0.16      0.00      0.02      0.10      0.16      0.00
01:41:46 PM      0.01      0.10      0.15      0.00      0.01      0.10      0.15      0.00
01:41:51 PM      0.19      0.12      0.16      2.25      0.19      0.12      0.16      2.25
01:41:56 PM      0.57      0.21      0.17      0.00      0.57      0.21      0.17      0.00
01:42:01 PM      0.31      0.18      0.17      0.00      0.31      0.18      0.17      0.00
01:42:06 PM      0.20      0.17      0.17      0.00      0.20      0.17      0.17      0.00
01:42:11 PM      0.11      0.15      0.16      0.00      0.11      0.15      0.16      0.00
01:42:16 PM      0.07      0.14      0.16      0.00      0.07      0.14      0.16      0.00
01:42:21 PM      0.04      0.13      0.15      3.09      0.04      0.13      0.15      3.09
01:42:26 PM      1.06      0.34      0.20      0.00      1.06      0.34      0.20      0.00
01:42:31 PM      0.58      0.31      0.20      0.00      0.58      0.31      0.20      0.00
01:42:36 PM      0.39      0.29      0.19      0.00      0.39      0.29      0.19      0.00
01:42:41 PM      0.21      0.26      0.19      0.00      0.21      0.26      0.19      0.00
01:42:46 PM      0.14      0.24      0.19      0.00      0.14      0.24      0.19      0.00
01:42:51 PM      0.07      0.22      0.18      0.28      0.07      0.22      0.18      0.28
01:42:56 PM      0.05      0.20      0.18      0.00      0.05      0.20      0.18      0.00
01:43:01 PM      0.02      0.18      0.17      0.00      0.02      0.18      0.17      0.00
01:43:06 PM      0.01      0.17      0.17      0.00      0.01      0.17      0.17      0.00
01:43:11 PM      0.00      0.15      0.17      0.00      0.00      0.15      0.17      0.00
01:43:16 PM      0.00      0.14      0.16      0.00      0.00      0.14      0.16      0.00
01:43:21 PM      0.00      0.13      0.16      4.38      0.00      0.13      0.16      4.38
01:43:26 PM      2.07      0.56      0.25      1.19      2.07      0.56      0.25      1.18
01:43:31 PM      1.14      0.51      0.25      0.00      1.14      0.51      0.25      0.00
01:43:36 PM      0.76      0.47      0.24      0.00      0.76      0.47      0.24      0.00
01:43:41 PM      0.41      0.43      0.24      0.00      0.41      0.43      0.24      0.00
01:43:46 PM      0.28      0.40      0.23      0.00      0.28      0.40      0.23      0.00
01:43:51 PM      0.15      0.36      0.23      1.09      0.15      0.36      0.23      1.08
01:43:56 PM      0.39      0.40      0.24      0.00      0.39      0.40      0.24      0.00
01:44:01 PM      0.21      0.36      0.23      0.00      0.21      0.36      0.23      0.00
01:44:06 PM      0.14      0.34      0.23      0.00      0.14      0.34      0.23      0.00
01:44:11 PM      0.07      0.30      0.22      0.00      0.07      0.30      0.22      0.00
01:44:16 PM      0.05      0.28      0.22      0.00      0.05      0.28      0.22      0.00
01:44:21 PM      0.02      0.25      0.21      2.82      0.02      0.25      0.21      2.82
01:44:26 PM      1.05      0.46      0.26      0.14      1.05      0.46      0.26      0.14
01:44:31 PM      0.57      0.41      0.25      0.00      0.57      0.41      0.25      0.00
01:44:36 PM      0.38      0.39      0.25      0.00      0.38      0.39      0.25      0.00
01:44:41 PM      0.21      0.35      0.24      0.00      0.21      0.35      0.24      0.00
01:44:46 PM      0.14      0.33      0.24      0.00      0.14      0.33      0.24      0.00
01:44:51 PM      0.07      0.29      0.23      1.91      0.07      0.29      0.23      1.91
01:44:56 PM      0.94      0.46      0.27      0.54      0.94      0.46      0.27      0.54
01:45:01 PM      0.51      0.42      0.26      0.00      0.51      0.42      0.26      0.00
01:45:06 PM      0.34      0.39      0.26      0.00      0.34      0.39      0.26      0.00
01:45:11 PM      0.18      0.35      0.25      0.00      0.18      0.35      0.25      0.00
01:45:16 PM      0.12      0.33      0.25      0.00      0.12      0.33      0.25      0.00
01:45:21 PM      0.06      0.30      0.24      0.23      0.06      0.30      0.24      0.23
01:45:26 PM      0.04      0.28      0.24      0.01      0.04      0.28      0.24      0.01
01:45:31 PM      0.02      0.25      0.23      0.00      0.02      0.25      0.23      0.00
01:45:36 PM      0.01      0.23      0.23      0.00      0.01      0.23      0.23      0.00
01:45:41 PM      0.00      0.21      0.22      0.00      0.00      0.21      0.22      0.00
01:45:46 PM      0.00      0.20      0.22      0.00      0.00      0.20      0.22      0.00
01:45:51 PM      0.00      0.18      0.21      0.95      0.00      0.18      0.21      0.95
01:45:56 PM      0.44      0.26      0.23      0.37      0.44      0.26      0.23      0.37
01:46:01 PM      0.24      0.23      0.22      0.00      0.24      0.23      0.22      0.00
01:46:06 PM      0.16      0.22      0.22      0.00      0.16      0.22      0.22      0.00
01:46:11 PM      0.08      0.20      0.21      0.00      0.08      0.20      0.21      0.00
01:46:16 PM      0.05      0.18      0.21      0.00      0.05      0.18      0.21      0.00
01:46:21 PM      0.03      0.16      0.21      0.22      0.03      0.16      0.21      0.22
01:46:26 PM      0.76      0.31      0.24      1.77      0.76      0.31      0.24      1.77
01:46:31 PM      0.41      0.28      0.23      0.00      0.41      0.28      0.23      0.00
01:46:36 PM      0.28      0.26      0.23      0.00      0.28      0.26      0.23      0.00
01:46:41 PM      0.15      0.24      0.22      0.00      0.15      0.24      0.22      0.00
01:46:46 PM      0.10      0.22      0.22      0.00      0.10      0.22      0.22      0.00
01:46:51 PM      0.05      0.20      0.21      0.00      0.05      0.20      0.21      0.00
01:46:56 PM      0.18      0.22      0.22      0.65      0.18      0.22      0.22      0.65
01:47:01 PM      0.10      0.19      0.21      0.00      0.10      0.19      0.21      0.00
01:47:06 PM      0.06      0.18      0.21      0.00      0.06      0.18      0.21      0.00
01:47:11 PM      0.03      0.16      0.20      0.00      0.03      0.16      0.20      0.00
01:47:16 PM      0.02      0.15      0.20      0.00      0.02      0.15      0.20      0.00
01:47:21 PM      0.01      0.14      0.19      0.00      0.01      0.14      0.19      0.00
01:47:26 PM      0.00      0.13      0.19      0.00      0.00      0.13      0.19      0.00
01:47:31 PM      0.00      0.11      0.19      0.00      0.00      0.11      0.19      0.00
01:47:36 PM      0.00      0.10      0.18      0.06      0.00      0.10      0.18      0.06
01:47:41 PM      0.00      0.09      0.18      0.00      0.00      0.09      0.18      0.00
01:47:46 PM      0.00      0.09      0.18      0.00      0.00      0.09      0.18      0.00
01:47:51 PM      0.00      0.08      0.17      0.00      0.00      0.08      0.17      0.00
01:47:56 PM      0.74      0.23      0.20      2.20      0.74      0.23      0.20      2.20
01:48:01 PM      0.40      0.21      0.20      0.00      0.40      0.21      0.20      0.00
01:48:06 PM      0.27      0.19      0.20      0.00      0.27      0.19      0.20      0.00
01:48:11 PM      0.14      0.17      0.19      0.00      0.14      0.17      0.19      0.00
01:48:16 PM      0.09      0.16      0.19      0.31      0.09      0.16      0.19      0.31
01:48:21 PM      0.05      0.15      0.18      0.00      0.05      0.15      0.18      0.00
01:48:26 PM      0.33      0.20      0.20      0.96      0.33      0.20      0.20      0.96
01:48:31 PM      0.18      0.18      0.19      0.00      0.18      0.18      0.19      0.00
01:48:36 PM      0.12      0.17      0.19      0.00      0.12      0.17      0.19      0.00
01:48:41 PM      0.06      0.15      0.18      0.00      0.06      0.15      0.18      0.00
01:48:46 PM      0.04      0.14      0.18      0.00      0.04      0.14      0.18      0.00
01:48:51 PM      0.02      0.12      0.18      0.00      0.02      0.12      0.18      0.00
01:48:56 PM      0.46      0.21      0.20      1.19      0.46      0.21      0.20      1.19
01:49:01 PM      0.25      0.19      0.19      0.00      0.25      0.19      0.19      0.00
01:49:06 PM      0.16      0.18      0.19      0.00      0.16      0.18      0.19      0.00
01:49:11 PM      0.09      0.16      0.18      0.00      0.09      0.16      0.18      0.00
01:49:16 PM      0.06      0.15      0.18      0.00      0.06      0.15      0.18      0.00
01:49:21 PM      0.03      0.13      0.18      0.00      0.03      0.13      0.18      0.00
01:49:26 PM      0.76      0.28      0.21      2.27      0.76      0.28      0.21      2.27
01:49:31 PM      0.41      0.25      0.20      0.00      0.41      0.25      0.20      0.00
01:49:36 PM      0.28      0.24      0.20      0.00      0.28      0.24      0.20      0.00
01:49:41 PM      0.15      0.21      0.20      0.00      0.15      0.21      0.20      0.00
01:49:46 PM      0.10      0.20      0.19      0.15      0.10      0.20      0.19      0.15
01:49:51 PM      0.05      0.18      0.19      0.00      0.05      0.18      0.19      0.00
01:49:56 PM      0.03      0.17      0.19      0.32      0.03      0.17      0.19      0.31
01:50:01 PM      0.01      0.15      0.18      0.00      0.01      0.15      0.18      0.00
01:50:06 PM      0.01      0.14      0.18      0.00      0.01      0.14      0.18      0.00
01:50:11 PM      0.00      0.12      0.17      0.00      0.00      0.12      0.17      0.00
01:50:16 PM      0.00      0.12      0.17      0.00      0.00      0.12      0.17      0.00
01:50:21 PM      0.00      0.10      0.17      0.00      0.00      0.10      0.17      0.00
01:50:26 PM      1.18      0.35      0.22      3.22      1.18      0.35      0.22      3.22
01:50:31 PM      0.65      0.32      0.21      0.00      0.65      0.32      0.21      0.00
01:50:36 PM      0.43      0.29      0.21      0.00      0.43      0.29      0.21      0.00
01:50:41 PM      0.23      0.27      0.20      0.00      0.23      0.27      0.20      0.00
01:50:46 PM      0.16      0.25      0.20      0.00      0.16      0.25      0.20      0.00
01:50:51 PM      0.08      0.22      0.20      0.00      0.08      0.22      0.20      0.00
01:50:56 PM      0.80      0.37      0.23      2.01      0.80      0.37      0.23      2.01
01:51:01 PM      0.43      0.33      0.22      0.00      0.43      0.33      0.22      0.00
01:51:06 PM      0.29      0.31      0.22      0.00      0.29      0.31      0.22      0.00
01:51:11 PM      0.16      0.28      0.21      0.00      0.16      0.28      0.21      0.00
01:51:16 PM      0.10      0.26      0.21      0.00      0.10      0.26      0.21      0.00
01:51:21 PM      0.05      0.23      0.20      0.00      0.05      0.23      0.20      0.00
01:51:26 PM      0.03      0.22      0.20      0.00      0.03      0.22      0.20      0.00
01:51:31 PM      0.02      0.20      0.20      0.00      0.02      0.20      0.20      0.00
01:51:36 PM      0.01      0.18      0.19      0.00      0.01      0.18      0.19      0.00
01:51:41 PM      0.00      0.16      0.19      0.00      0.00      0.16      0.19      0.00
01:51:46 PM      0.00      0.15      0.19      0.00      0.00      0.15      0.19      0.00
01:51:51 PM      0.00      0.14      0.18      0.00      0.00      0.14      0.18      0.00
01:51:56 PM      0.59      0.25      0.21      1.85      0.59      0.25      0.21      1.85
01:52:01 PM      0.32      0.23      0.20      0.00      0.32      0.23      0.20      0.00
01:52:06 PM      0.21      0.21      0.20      0.00      0.21      0.21      0.20      0.00
01:52:11 PM      0.11      0.19      0.20      0.00      0.11      0.19      0.20      0.00
01:52:16 PM      0.07      0.18      0.19      0.00      0.07      0.18      0.19      0.00
01:52:21 PM      0.04      0.16      0.19      0.00      0.04      0.16      0.19      0.00
01:52:26 PM      0.32      0.21      0.20      1.25      0.32      0.21      0.20      1.25
01:52:31 PM      0.17      0.19      0.19      0.00      0.17      0.19      0.19      0.00
01:52:36 PM      0.11      0.18      0.19      0.00      0.11      0.18      0.19      0.00
01:52:41 PM      0.06      0.16      0.19      0.00      0.06      0.16      0.19      0.00
01:52:46 PM      0.04      0.15      0.18      0.00      0.04      0.15      0.18      0.00
01:52:51 PM      0.02      0.13      0.18      0.00      0.02      0.13      0.18      0.00
01:52:56 PM      0.01      0.12      0.18      0.01      0.01      0.12      0.18      0.01
01:53:01 PM      0.00      0.11      0.17      0.00      0.00      0.11      0.17      0.00
01:53:06 PM      0.00      0.10      0.17      0.00      0.00      0.10      0.17      0.00
01:53:11 PM      0.00      0.09      0.17      0.00      0.00      0.09      0.17      0.00
01:53:16 PM      0.00      0.09      0.16      0.07      0.00      0.09      0.16      0.07
01:53:21 PM      0.00      0.08      0.16      0.00      0.00      0.08      0.16      0.00
01:53:26 PM      1.56      0.36      0.22      4.28      1.56      0.36      0.22      4.28
01:53:31 PM      0.85      0.33      0.21      0.00      0.85      0.33      0.21      0.00
01:53:36 PM      0.57      0.31      0.21      0.00      0.57      0.31      0.21      0.00
01:53:41 PM      0.31      0.28      0.20      0.00      0.31      0.28      0.20      0.00
01:53:46 PM      0.21      0.26      0.20      0.00      0.21      0.26      0.20      0.00
01:53:51 PM      0.11      0.23      0.20      0.00      0.11      0.23      0.20      0.00
01:53:56 PM      0.91      0.38      0.23      2.69      0.91      0.38      0.23      2.68
01:54:01 PM      0.50      0.34      0.22      0.00      0.50      0.34      0.22      0.00
01:54:06 PM      0.33      0.32      0.22      0.00      0.33      0.32      0.22      0.00
01:54:11 PM      0.18      0.29      0.21      0.00      0.18      0.29      0.21      0.00
01:54:16 PM      0.12      0.27      0.21      0.00      0.12      0.27      0.21      0.00
01:54:21 PM      0.06      0.24      0.20      0.00      0.06      0.24      0.20      0.00
01:54:26 PM      0.37      0.29      0.22      1.02      0.37      0.29      0.22      1.02
01:54:31 PM      0.20      0.26      0.21      0.00      0.20      0.26      0.21      0.00
01:54:36 PM      0.13      0.24      0.21      0.00      0.13      0.24      0.21      0.00
01:54:41 PM      0.22      0.25      0.21      0.56      0.22      0.25      0.21      0.56
01:54:46 PM      0.14      0.23      0.21      0.00      0.14      0.23      0.21      0.00
01:54:51 PM      0.08      0.21      0.20      0.00      0.08      0.21      0.20      0.00
01:54:56 PM      0.05      0.20      0.20      0.00      0.05      0.20      0.20      0.00
01:55:01 PM      0.02      0.18      0.19      0.00      0.02      0.18      0.19      0.00
01:55:06 PM      0.01      0.16      0.19      0.00      0.01      0.16      0.19      0.00
01:55:11 PM      0.00      0.15      0.19      0.00      0.00      0.15      0.19      0.00
Average:         0.12      0.11      0.09      0.13      0.12      0.11      0.09      0.13
