Linux 7.0.10-arch1-1 (archlinux) 	06/04/2026 	_x86_64_	(4 CPU)

12:55:11 PM kbmemfree   kbavail kbmemused  %memused kbbuffers  kbcached  kbcommit   %commit  kbactive   kbinact   kbdirty   kbshmem
12:55:16 PM   4030308   4038788   3867032     48.91      2556    222688   8773388     31.92   3618432     66604       964      5372
12:55:21 PM   4030084   4038616   3867204     48.92      2556    222688   8773380     31.92   3618528     66656       960      5372
12:55:26 PM   4025736   4034320   3871500     48.97      2556    222736   8773380     31.92   3618532     66704       588      5372
12:55:31 PM   4025736   4034320   3871500     48.97      2556    222736   8773380     31.92   3618532     66704       588      5372
12:55:36 PM   4025736   4034320   3871500     48.97      2556    222736   8773380     31.92   3618532     66704       596      5372
12:55:41 PM   4025484   4034332   3871488     48.97      2556    223048   8773380     31.92   3618576     66968        88      5372
12:55:46 PM   4025484   4034340   3871480     48.97      2556    223008   8773380     31.92   3618460     67080       236      5372
12:55:51 PM   4025484   4033632   3872188     48.98      2556    222360   8773380     31.92   3617684     66996       256      5368
12:55:56 PM   4025484   4033700   3872120     48.98      2556    222368   8773380     31.92   3617760     66996       264      5368
12:56:01 PM   4025484   4033700   3872120     48.98      2556    222364   8773380     31.92   3617760     66996       260      5368
12:56:06 PM   4025484   4033700   3872120     48.98      2556    222372   8773380     31.92   3617764     66996       264      5368
12:56:11 PM   4025484   4033408   3872412     48.98      2556    222072   8773380     31.92   3617492     66956       260      5368
12:56:16 PM   4024728   4032916   3872904     48.99      2556    222436   8773380     31.92   3617492     67212       204      5368
12:56:21 PM   4024728   4033064   3872756     48.99      2556    222484   8773380     31.92   3617512     67340       232      5368
12:56:26 PM   4024728   4033064   3872756     48.99      2556    222484   8773380     31.92   3617516     67340       252      5368
12:56:31 PM   4016536   4024872   3880948     49.09      2556    222484   8773380     31.92   3617524     67340       252      5368
12:56:36 PM   4016536   4024872   3880948     49.09      2556    222484   8773380     31.92   3617524     67340       252      5368
12:56:41 PM   4016536   4024868   3880952     49.09      2556    222484   8773380     31.92   3617516     67340       252      5368
12:56:46 PM   4016536   4024872   3880948     49.09      2556    222580   8773380     31.92   3617528     67340        20      5368
12:56:51 PM   4016536   4024876   3880944     49.09      2556    222584   8773380     31.92   3617600     67344        24      5368
12:56:56 PM   4016536   4025000   3880820     49.09      2556    222660   8773380     31.92   3617596     67484        96      5368
12:57:01 PM   4016536   4025032   3880788     49.09      2556    222696   8773380     31.92   3617600     67516       256      5368
12:57:06 PM   4016536   4025084   3880736     49.09      2556    222700   8773380     31.92   3617604     67564       260      5368
12:57:11 PM   4016536   4025084   3880736     49.09      2556    222700   8773380     31.92   3617604     67564       260      5368
12:57:16 PM   4016360   4024908   3880912     49.09      2556    222696   8773380     31.92   3617612     67564       256      5368
12:57:21 PM   4016296   4024896   3880924     49.09      2556    222792   8773380     31.92   3617488     67732       208      5368
12:57:26 PM   4016296   4024948   3880872     49.09      2556    222792   8773380     31.92   3617488     67784       128      5368
12:57:31 PM   4016296   4024996   3880824     49.09      2556    222840   8773380     31.92   3617488     67832        48      5368
12:57:36 PM   4016296   4024996   3880824     49.09      2556    222840   8773380     31.92   3617488     67832        68      5368
12:57:41 PM   4016296   4024988   3880832     49.09      2556    222880   8773380     31.92   3617480     67832       116      5368
12:57:46 PM   4016296   4025028   3880792     49.09      2556    222872   8773380     31.92   3617464     67884       120      5368
12:57:51 PM   4016044   4024900   3880920     49.09      2556    223016   8773380     31.92   3617464     68008        24      5368
12:57:56 PM   4016044   4025000   3880820     49.09      2556    223096   8773380     31.92   3617544     68028        24      5368
12:58:01 PM   4016044   4025000   3880820     49.09      2556    223144   8773380     31.92   3617544     68028        72      5368
12:58:06 PM   4016044   4025128   3880692     49.09      2556    223228   8773380     31.92   3617544     68156       128      5368
12:58:11 PM   4016044   4025128   3880692     49.09      2556    223228   8773380     31.92   3617544     68156       148      5368
12:58:16 PM   4016044   4025136   3880684     49.09      2556    223232   8773380     31.92   3617548     68160       152      5368
12:58:21 PM   4016044   4025136   3880684     49.09      2556    223232   8773380     31.92   3617548     68160       152      5368
12:58:26 PM   4015792   4025016   3880804     49.09      2556    223472   8773380     31.92   3617556     68284        24      5368
12:58:31 PM   4015792   4025008   3880812     49.09      2556    223464   8773380     31.92   3617544     68284        24      5368
12:58:36 PM   4015792   4025124   3880696     49.09      2556    223464   8773380     31.92   3617544     68400        24      5368
12:58:41 PM   4015792   4025064   3880756     49.09      2556    223452   8773380     31.92   3617448     68432        80      5368
12:58:46 PM   4015792   4025240   3880580     49.09      2556    223580   8773380     31.92   3617576     68480       100      5368
12:58:51 PM   4015792   4025240   3880580     49.09      2556    223588   8773380     31.92   3615528     68480       108      5368
12:58:56 PM   4015540   4024988   3880832     49.09      2556    223580   8773380     31.92   3615528     68488       108      5368
12:59:01 PM   4015540   4024984   3880836     49.09      2556    223600   8773380     31.92   3615528     68488       108      5368
12:59:06 PM   4015540   4025008   3880812     49.09      2556    223604   8773380     31.92   3615556     68488       108      5368
12:59:11 PM   4014784   4024624   3881196     49.09      2556    224036   8773380     31.92   3615560     68860       136      5368
12:59:16 PM   4014784   4024856   3880964     49.09      2556    224204   8773380     31.92   3615576     69080       268      5368
12:59:21 PM   4014784   4024856   3880964     49.09      2556    224204   8773380     31.92   3615576     69080       288      5368
12:59:26 PM   4014784   4024856   3880964     49.09      2556    224208   8773380     31.92   3615576     69080       292      5368
12:59:31 PM   4014784   4024856   3880964     49.09      2556    224204   8773380     31.92   3615576     69080       288      5368
12:59:36 PM   4014784   4024852   3880968     49.09      2556    224200   8773380     31.92   3615560     69080       288      5368
12:59:41 PM   4014532   4024628   3881192     49.09      2556    224276   8781576     31.95   3615532     69128        20      5368
12:59:46 PM   4014056   4024688   3881132     49.09      2556    224764   8781576     31.95   3615556     69656        20      5368
12:59:51 PM   4013552   4024676   3881144     49.09      2556    225272   8780640     31.95   3615608     69736        80      5368
12:59:56 PM   4013552   4024692   3881128     49.09      2556    225272   8780640     31.95   3615804     69740       100      5368
01:00:01 PM   4013552   4024520   3881300     49.09      2556    225104   8780640     31.95   3615184     69740       100      5368
01:00:06 PM   4013552   4024524   3881296     49.09      2556    225108   8780640     31.95   3615192     69740       100      5368
01:00:11 PM   4013552   4024524   3881296     49.09      2556    225108   8780640     31.95   3615192     69740        20      5368
01:00:16 PM   4013552   4024588   3881232     49.09      2556    225176   8780640     31.95   3615240     69740        20      5368
01:00:21 PM   4013552   4024836   3880984     49.09      2556    225532   8780640     31.95   3615244     69988        24      5368
01:00:26 PM   4013552   4025004   3880816     49.09      2556    225612   8780640     31.95   3615244     70156        80      5368
01:00:31 PM   4013552   4025024   3880796     49.09      2556    225612   8780640     31.95   3615244     70176       100      5368
01:00:36 PM   4013552   4025024   3880796     49.09      2556    225612   8780640     31.95   3615072     70176       100      5368
01:00:41 PM   4013552   4024952   3880868     49.09      2556    225540   8780640     31.95   3614888     70176       100      5368
01:00:46 PM   4013552   4024952   3880868     49.09      2556    225540   8780640     31.95   3614888     70176       100      5368
01:00:51 PM   4013552   4024940   3880880     49.09      2556    225532   8780640     31.95   3614880     70172        20      5368
01:00:56 PM   4013300   4024936   3880884     49.09      2556    225788   8780640     31.95   3614880     70420        20      5368
01:01:01 PM   4013300   4024980   3880840     49.09      2556    225852   8780640     31.95   3614836     70472        80      5368
01:01:06 PM   4013300   4025012   3880808     49.09      2556    225896   8780640     31.95   3614884     70504       100      5368
01:01:11 PM   4013300   4025056   3880764     49.09      2556    225896   8780640     31.95   3614932     70504       100      5368
01:01:16 PM   4013300   4025016   3880804     49.09      2556    225860   8780640     31.95   3614680     70504       104      5368
01:01:21 PM   4013300   4025020   3880800     49.09      2556    225860   8780640     31.95   3614680     70508       104      5368
01:01:26 PM   4013300   4025020   3880800     49.09      2556    225860   8780640     31.95   3614680     70508        24      5368
01:01:31 PM   4013048   4025148   3880672     49.09      2556    226356   8780640     31.95   3614680     70880        24      5368
01:01:36 PM   4013048   4025352   3880468     49.08      2556    226436   8780640     31.95   3614680     71084        80      5368
01:01:41 PM   4013048   4025356   3880464     49.08      2556    226440   8780640     31.95   3614680     71088       104      5368
01:01:46 PM   4013048   4025356   3880464     49.08      2556    226444   8780640     31.95   3614680     71088       104      5368
01:01:51 PM   4013048   4025360   3880460     49.08      2556    226444   8780640     31.95   3614676     71088       104      5368
01:01:56 PM   4013048   4025332   3880488     49.08      2556    226416   8780640     31.95   3614632     71084       104      5368
01:02:01 PM   4013048   4025312   3880508     49.08      2556    226396   8780640     31.95   3614620     71084        24      5368
01:02:06 PM   4012796   4025380   3880440     49.08      2556    226732   8780640     31.95   3614624     71404        24      5368
01:02:11 PM   4012796   4025472   3880348     49.08      2556    226808   8780640     31.95   3614620     71480        80      5368
01:02:16 PM   4012796   4025472   3880348     49.08      2556    226816   8780640     31.95   3614620     71480       100      5368
01:02:21 PM   4012796   4025480   3880340     49.08      2556    226816   8780640     31.95   3614652     71484       100      5368
01:02:26 PM   4012796   4025472   3880348     49.08      2556    226812   8780640     31.95   3614640     71484       100      5368
01:02:31 PM   4012796   4025476   3880344     49.08      2556    226812   8780640     31.95   3614644     71484       100      5368
01:02:36 PM   4012544   4025224   3880596     49.09      2556    226820   8780640     31.95   3614644     71484        28      5368
01:02:41 PM   4012040   4025072   3880748     49.09      2556    227164   8780640     31.95   3614632     71844        28      5368
01:02:46 PM   4012040   4025072   3880748     49.09      2556    227256   8780640     31.95   3614632     71844        80      5368
01:02:51 PM   4012040   4025192   3880628     49.09      2556    227284   8780640     31.95   3614688     71920       100      5368
01:02:56 PM   4012040   4025192   3880628     49.09      2556    227288   8780640     31.95   3614688     71920       104      5368
01:03:01 PM   4012040   4025196   3880624     49.09      2556    227288   8780640     31.95   3614688     71924       104      5368
01:03:06 PM   4012040   4025188   3880632     49.09      2556    227284   8780640     31.95   3614688     71924       104      5368
01:03:11 PM   4012040   4025192   3880628     49.09      2556    227284   8780640     31.95   3614692     71924        24      5368
01:03:16 PM   4012040   4025440   3880380     49.08      2556    227604   8780640     31.95   3614700     72172        24      5368
01:03:21 PM   4012040   4025592   3880228     49.08      2556    227684   8780640     31.95   3614700     72324        80      5368
01:03:26 PM   4012040   4025596   3880224     49.08      2556    227800   8780640     31.95   3614708     72324       288      5368
01:03:31 PM   4012040   4025708   3880112     49.08      2556    227800   8780640     31.95   3614708     72436       292      5368
01:03:36 PM   4012040   4025708   3880112     49.08      2556    227800   8780640     31.95   3614708     72436       296      5368
01:03:41 PM   4012040   4025708   3880112     49.08      2556    227800   8780640     31.95   3614708     72436       296      5368
01:03:46 PM   4011788   4025456   3880364     49.08      2556    227800   8780640     31.95   3614708     72436       140      5368
01:03:51 PM   4011536   4025652   3880168     49.08      2556    228248   8780640     31.95   3614708     72884       140      5368
01:03:56 PM   4010780   4024900   3880920     49.09      2556    228364   8780640     31.95   3614692     72900       128      5368
01:04:01 PM   4010780   4024900   3880920     49.09      2556    228364   8780640     31.95   3614692     72900       148      5368
01:04:06 PM   4010780   4025004   3880816     49.09      2556    228364   8780640     31.95   3614684     73012       148      5368
01:04:11 PM   4010780   4025004   3880816     49.09      2556    228364   8780640     31.95   3614684     73012       148      5368
01:04:16 PM   4010780   4024992   3880828     49.09      2556    228344   8780640     31.95   3614664     73008       148      5368
01:04:21 PM   4010780   4024992   3880828     49.09      2556    228348   8780640     31.95   3614664     73008        24      5368
01:04:26 PM   4010528   4024992   3880828     49.09      2556    228716   8780640     31.95   3614664     73260        24      5368
01:04:31 PM   4010528   4024992   3880828     49.09      2556    228796   8780640     31.95   3614664     73260        80      5368
01:04:36 PM   4010528   4025192   3880628     49.09      2556    228796   8780640     31.95   3614664     73460       100      5368
01:04:41 PM   4010528   4025192   3880628     49.09      2556    228796   8780640     31.95   3614664     73460       100      5368
01:04:46 PM   4010528   4025192   3880628     49.09      2556    228796   8780640     31.95   3614668     73460       100      5368
01:04:51 PM   4010528   4025368   3880452     49.08      2556    228976   8780640     31.95   3615612     73460       100      5368
01:04:56 PM   4010528   4025380   3880440     49.08      2556    228976   8780640     31.95   3615800     73460        20      5368
01:05:01 PM   4010276   4025376   3880444     49.08      2556    229296   8780640     31.95   3615800     73708        20      5368
01:05:06 PM   4010276   4025528   3880292     49.08      2556    229376   8780640     31.95   3615800     73860        80      5368
01:05:11 PM   4010276   4025528   3880292     49.08      2556    229376   8780640     31.95   3615800     73860       100      5368
01:05:16 PM   4010276   4025520   3880300     49.08      2556    229368   8780640     31.95   3615740     73860       100      5368
01:05:21 PM   4010276   4025520   3880300     49.08      2556    229368   8780640     31.95   3615740     73860       100      5368
01:05:26 PM   4010276   4025492   3880328     49.08      2556    229340   8780640     31.95   3615276     73860       100      5368
01:05:31 PM   4010276   4025444   3880376     49.08      2556    229332   8780640     31.95   3615104     73860        24      5368
01:05:36 PM   4011300   4026760   3879060     49.07      2556    229608   8780640     31.95   3615144     74112        24      5368
01:05:41 PM   4011300   4026784   3879036     49.07      2556    229688   8780640     31.95   3615144     74136        80      5368
01:05:46 PM   4011300   4026864   3878956     49.06      2556    229688   8780640     31.95   3615180     74216       100      5368
01:05:51 PM   4011300   4026864   3878956     49.06      2556    229688   8780640     31.95   3615180     74216       100      5368
01:05:56 PM   4011300   4026864   3878956     49.06      2556    229688   8780640     31.95   3615184     74216       100      5368
01:06:01 PM   4011300   4026752   3879068     49.07      2556    229580   8780640     31.95   3614928     74208       100      5368
01:06:06 PM   4011300   4026756   3879064     49.07      2556    229580   8780640     31.95   3614956     74208        20      5368
01:06:11 PM   4011300   4027004   3878816     49.06      2556    229900   8780640     31.95   3614956     74456        20      5368
01:06:16 PM   4011048   4026912   3878908     49.06      2556    229988   8780640     31.95   3614956     74616        80      5368
01:06:21 PM   4011048   4026912   3878908     49.06      2556    229988   8780640     31.95   3614956     74616       100      5368
01:06:26 PM   4011048   4026912   3878908     49.06      2556    229988   8780640     31.95   3614976     74616       100      5368
01:06:31 PM   4011048   4026912   3878908     49.06      2556    229988   8780640     31.95   3614976     74616       100      5368
01:06:36 PM   4011048   4026912   3878908     49.06      2556    229988   8780640     31.95   3614968     74616       100      5368
01:06:41 PM   4011048   4026912   3878908     49.06      2556    229988   8780640     31.95   3614968     74616        20      5368
01:06:46 PM   4010796   4026932   3878888     49.06      2556    230260   8780640     31.95   3614968     74888        20      5368
01:06:51 PM   4010796   4026932   3878888     49.06      2556    230340   8780640     31.95   3614968     74888        80      5368
01:06:56 PM   4010796   4027012   3878808     49.06      2556    230340   8780640     31.95   3614976     74968       100      5368
01:07:01 PM   4010796   4027012   3878808     49.06      2556    230340   8780640     31.95   3614976     74968       100      5368
01:07:06 PM   4010796   4027012   3878808     49.06      2556    230340   8780640     31.95   3614980     74968       100      5368
01:07:11 PM   4010796   4027012   3878808     49.06      2556    230340   8780640     31.95   3614980     74968       100      5368
01:07:16 PM   4010796   4027012   3878808     49.06      2556    230340   8780640     31.95   3614980     74968        20      5368
01:07:21 PM   4009788   4026376   3879444     49.07      2556    230776   8780640     31.95   3614984     75340        24      5368
01:07:26 PM   4009788   4026456   3879364     49.07      2556    230856   8780640     31.95   3614984     75420        80      5368
01:07:31 PM   4009788   4026520   3879300     49.07      2556    230856   8780640     31.95   3614984     75484       100      5368
01:07:36 PM   4009788   4026520   3879300     49.07      2556    230856   8780640     31.95   3614984     75484       100      5368
01:07:41 PM   4009788   4026516   3879304     49.07      2556    230852   8780640     31.95   3614980     75480       100      5368
01:07:46 PM   4009788   4026500   3879320     49.07      2556    230848   8780640     31.95   3614936     75476       100      5368
01:07:51 PM   4009788   4026512   3879308     49.07      2556    230848   8780640     31.95   3614976     75476        20      5368
01:07:56 PM   4009788   4026756   3879064     49.07      2556    231132   8780640     31.95   3614948     75724        20      5368
01:08:01 PM   4009788   4026796   3879024     49.07      2556    231212   8780640     31.95   3614948     75764        80      5368
01:08:06 PM   4009788   4026796   3879024     49.07      2556    231216   8780640     31.95   3614948     75764       104      5368
01:08:11 PM   4009788   4026872   3878948     49.06      2556    231212   8780640     31.95   3614940     75848       104      5368
01:08:16 PM   4009788   4026876   3878944     49.06      2556    231224   8780640     31.95   3614940     75852       108      5368
01:08:21 PM   4009788   4026888   3878932     49.06      2556    231224   8780640     31.95   3614972     75852       108      5368
01:08:26 PM   4009536   4026668   3879152     49.07      2556    231372   8780640     31.95   3615000     75880        28      5368
01:08:31 PM   4008780   4026356   3879464     49.07      2556    231868   8780640     31.95   3615004     76320       180      5368
01:08:36 PM   4008780   4026476   3879344     49.07      2556    231984   8780640     31.95   3615004     76440       268      5368
01:08:41 PM   4008780   4026636   3879184     49.07      2556    231980   8780640     31.95   3615000     76604       284      5368
01:08:46 PM   4008780   4026628   3879192     49.07      2556    231976   8780640     31.95   3614980     76600       284      5368
01:08:51 PM   4008780   4026632   3879188     49.07      2556    231976   8780640     31.95   3614992     76600       284      5368
01:08:56 PM   4008780   4026632   3879188     49.07      2556    231976   8780640     31.95   3614992     76600       180      5368
01:09:01 PM   4008528   4026612   3879208     49.07      2556    232324   8780640     31.95   3614984     76836        20      5368
01:09:06 PM   4008528   4026612   3879208     49.07      2556    232324   8780640     31.95   3614984     76836        20      5368
01:09:11 PM   4008276   4026564   3879256     49.07      2556    232404   8780640     31.95   3614996     77028        80      5368
01:09:16 PM   4008276   4026564   3879256     49.07      2556    232404   8780640     31.95   3614996     77028       100      5368
01:09:21 PM   4008276   4026564   3879256     49.07      2556    232404   8780640     31.95   3614992     77028       100      5368
01:09:26 PM   4008276   4026564   3879256     49.07      2556    232404   8780640     31.95   3614968     77028       100      5368
01:09:31 PM   4008276   4026552   3879268     49.07      2556    232392   8780640     31.95   3614952     77028       100      5368
01:09:36 PM   4008276   4026552   3879268     49.07      2556    232400   8780640     31.95   3614952     77028        20      5368
01:09:41 PM   4008024   4026616   3879204     49.07      2556    232708   8780640     31.95   3614924     77348        20      5368
01:09:46 PM   4008024   4026628   3879192     49.07      2556    232800   8780640     31.95   3614944     77348        80      5368
01:09:51 PM   4006008   4025124   3880696     49.09      2556    233264   8781060     31.95   3616092     77428       300      5368
01:09:56 PM   4006008   4025124   3880696     49.09      2556    233264   8781060     31.95   3616092     77428       300      5368
01:10:01 PM   4006008   4025180   3880640     49.09      2556    233272   8781060     31.95   3616172     77484       308      5368
01:10:06 PM   4006008   4025176   3880644     49.09      2556    233268   8781060     31.95   3616140     77484       308      5368
01:10:11 PM   4006008   4025176   3880644     49.09      2556    233268   8781060     31.95   3616148     77484       180      5368
01:10:16 PM   4005756   4025172   3880648     49.09      2556    233572   8781060     31.95   3616148     77732       180      5368
01:10:21 PM   4005756   4025228   3880592     49.09      2556    233652   8781060     31.95   3616152     77788       132      5368
01:10:26 PM   4005756   4025308   3880512     49.08      2556    233656   8781060     31.95   3616152     77868       104      5368
01:10:31 PM   4005756   4025288   3880532     49.08      2556    233632   8781060     31.95   3616056     77872       104      5368
01:10:36 PM   4005756   4025288   3880532     49.08      2556    233632   8781060     31.95   3616056     77872       104      5368
01:10:41 PM   4005756   4025292   3880528     49.08      2556    233636   8781060     31.95   3616072     77876       108      5368
01:10:46 PM   4005756   4025292   3880528     49.08      2556    233636   8781060     31.95   3616072     77876        28      5368
01:10:51 PM   4005000   4024888   3880932     49.09      2556    233988   8781060     31.95   3616080     78228        28      5368
01:10:56 PM   4005000   4024752   3881068     49.09      2556    233936   8781060     31.95   3615584     78224        80      5368
01:11:01 PM   4005000   4024752   3881068     49.09      2556    233936   8781060     31.95   3615584     78224       100      5368
01:11:06 PM   4005000   4024832   3880988     49.09      2556    233936   8781060     31.95   3615584     78304       100      5368
01:11:11 PM   4005000   4024832   3880988     49.09      2556    233936   8781060     31.95   3615584     78304       100      5368
01:11:16 PM   4005000   4024832   3880988     49.09      2556    233936   8781060     31.95   3615588     78304       100      5368
01:11:21 PM   4005000   4024832   3880988     49.09      2556    233936   8781060     31.95   3615588     78304        20      5368
01:11:26 PM   4004748   4024828   3880992     49.09      2556    234208   8781060     31.95   3615588     78552        20      5368
01:11:31 PM   4004748   4024828   3880992     49.09      2556    234288   8781060     31.95   3615592     78552        80      5368
01:11:36 PM   4004748   4024932   3880888     49.09      2556    234288   8781060     31.95   3615592     78656       100      5368
01:11:41 PM   4004748   4024932   3880888     49.09      2556    234288   8781060     31.95   3615592     78656       100      5368
01:11:46 PM   4004748   4024932   3880888     49.09      2556    234288   8781060     31.95   3615592     78656       100      5368
01:11:51 PM   4004748   4024932   3880888     49.09      2556    234288   8781060     31.95   3615592     78656       100      5368
01:11:56 PM   4004748   4024868   3880952     49.09      2556    234224   8781060     31.95   3615388     78652        20      5368
01:12:01 PM   4003992   4024484   3881336     49.09      2556    234596   8781060     31.95   3615392     79020        20      5368
01:12:06 PM   4003992   4024564   3881256     49.09      2556    234676   8781060     31.95   3615384     79100        92      5368
01:12:11 PM   4003992   4024564   3881256     49.09      2556    234676   8781060     31.95   3615384     79100       100      5368
01:12:16 PM   4003992   4024560   3881260     49.09      2556    234672   8781060     31.95   3615372     79096       100      5368
01:12:21 PM   4003992   4024560   3881260     49.09      2556    234672   8781060     31.95   3615380     79096       100      5368
01:12:26 PM   4003992   4024560   3881260     49.09      2556    234672   8781060     31.95   3615388     79096       100      5368
01:12:31 PM   4003992   4024560   3881260     49.09      2556    234672   8781060     31.95   3615388     79096        20      5368
01:12:36 PM   4003992   4024808   3881012     49.09      2556    234960   8781060     31.95   3615388     79344        20      5368
01:12:41 PM   4003992   4024808   3881012     49.09      2556    235040   8781060     31.95   3615364     79344        80      5368
01:12:46 PM   4003992   4024928   3880892     49.09      2556    235040   8781060     31.95   3615380     79464       100      5368
01:12:51 PM   4003992   4024928   3880892     49.09      2556    235040   8781060     31.95   3615380     79464       100      5368
01:12:56 PM   4003992   4024928   3880892     49.09      2556    235040   8781060     31.95   3615388     79464       100      5368
01:13:01 PM   4003992   4024928   3880892     49.09      2556    235040   8781060     31.95   3615388     79464       100      5368
01:13:06 PM   4003992   4024920   3880900     49.09      2556    235036   8781060     31.95   3615352     79464        20      5368
01:13:11 PM   4003992   4025160   3880660     49.09      2556    235376   8781060     31.95   3615364     79700        20      5368
01:13:16 PM   4003992   4025348   3880472     49.08      2556    235460   8781060     31.95   3615404     79884        80      5368
01:13:21 PM   4003992   4025348   3880472     49.08      2556    235460   8781060     31.95   3615404     79884       100      5368
01:13:26 PM   4003992   4025436   3880384     49.08      2556    235548   8781060     31.95   3615412     79968       292      5368
01:13:31 PM   4003992   4025436   3880384     49.08      2556    235612   8781060     31.95   3615416     79968       184      5368
01:13:36 PM   4003740   4025280   3880540     49.08      2556    235644   8781060     31.95   3615416     80064       288      5368
01:13:41 PM   4003740   4025280   3880540     49.08      2556    235652   8781060     31.95   3615416     80064       136      5368
01:13:46 PM   4003488   4025332   3880488     49.08      2556    236020   8781060     31.95   3615416     80368       136      5368
01:13:51 PM   4003236   4025152   3880668     49.09      2556    236100   8781060     31.95   3615416     80440       184      5368
01:13:56 PM   4003236   4025232   3880588     49.09      2556    236100   8781060     31.95   3615416     80520       100      5368
01:14:01 PM   4003236   4025224   3880596     49.09      2556    236092   8781060     31.95   3615404     80516       100      5368
01:14:06 PM   4003236   4025216   3880604     49.09      2556    236084   8781060     31.95   3617440     80516       100      5368
01:14:11 PM   4003236   4025220   3880600     49.09      2556    236096   8781060     31.95   3617452     80516       100      5368
01:14:16 PM   4003236   4025220   3880600     49.09      2556    236096   8781060     31.95   3617452     80516        20      5368
01:14:21 PM   4003236   4025476   3880344     49.08      2556    236448   8781060     31.95   3617460     80764        20      5368
01:14:26 PM   4003236   4025476   3880344     49.08      2556    236528   8781060     31.95   3617460     80764        80      5368
01:14:31 PM   4003236   4025660   3880160     49.08      2556    236528   8781060     31.95   3617460     80948       100      5368
01:14:36 PM   4003236   4025652   3880168     49.08      2556    236520   8781060     31.95   3617436     80944       100      5368
01:14:41 PM   4003236   4025652   3880168     49.08      2556    236520   8781060     31.95   3617436     80944       100      5368
01:14:46 PM   4003236   4025652   3880168     49.08      2556    236520   8781060     31.95   3617424     80944       100      5368
01:14:51 PM   4002732   4025320   3880500     49.08      2556    236692   8780640     31.95   3617964     80948        24      5368
01:14:56 PM   4002732   4025524   3880296     49.08      2556    236960   8780640     31.95   3617992     81156        24      5368
01:15:01 PM   4002732   4025592   3880228     49.08      2556    237040   8780640     31.95   3618076     81220        80      5368
01:15:06 PM   4002732   4025592   3880228     49.08      2556    237040   8780640     31.95   3618076     81220       100      5368
01:15:11 PM   4002732   4025664   3880156     49.08      2556    237032   8780640     31.95   3618060     81300       100      5368
01:15:16 PM   4002732   4025664   3880156     49.08      2556    237032   8780640     31.95   3618060     81300       100      5368
01:15:21 PM   4002732   4025560   3880260     49.08      2556    236932   8780640     31.95   3617888     81296       100      5368
01:15:26 PM   4002732   4025560   3880260     49.08      2556    236932   8780640     31.95   3617888     81296        20      5368
01:15:31 PM   4002732   4025812   3880008     49.08      2556    237252   8780640     31.95   3617892     81544        20      5368
01:15:36 PM   4002732   4025884   3879936     49.08      2556    237332   8780640     31.95   3617892     81616        80      5368
01:15:41 PM   4002732   4025916   3879904     49.08      2556    237292   8780640     31.95   3617700     81696       100      5368
01:15:46 PM   4002732   4025916   3879904     49.08      2556    237292   8780640     31.95   3617700     81696       100      5368
01:15:51 PM   4002732   4025920   3879900     49.08      2556    237296   8780640     31.95   3617704     81700       104      5368
01:15:56 PM   4002732   4025920   3879900     49.08      2556    237296   8780640     31.95   3617704     81700       104      5368
01:16:01 PM   4002732   4025920   3879900     49.08      2556    237296   8780640     31.95   3617668     81696        24      5368
01:16:06 PM   4002732   4026168   3879652     49.07      2556    237568   8780640     31.95   3617696     81944        24      5368
01:16:11 PM   4002732   4026272   3879548     49.07      2556    237648   8780640     31.95   3617704     82052        80      5368
01:16:16 PM   4002732   4026272   3879548     49.07      2556    237648   8780640     31.95   3617704     82052       100      5368
01:16:21 PM   4002732   4026268   3879552     49.07      2556    237644   8780640     31.95   3617688     82048       100      5368
01:16:26 PM   4002732   4026268   3879552     49.07      2556    237644   8780640     31.95   3617688     82048       100      5368
01:16:31 PM   4002732   4026272   3879548     49.07      2556    237648   8780640     31.95   3617704     82052       104      5368
01:16:36 PM   4002732   4026272   3879548     49.07      2556    237648   8780640     31.95   3617704     82052        24      5368
01:16:41 PM   4002732   4026720   3879100     49.07      2556    238096   8780640     31.95   3617692     82500        24      5368
01:16:46 PM   4002732   4026720   3879100     49.07      2556    238176   8780640     31.95   3617692     82500        80      5368
01:16:51 PM   4002732   4026800   3879020     49.07      2556    238176   8780640     31.95   3617692     82580       100      5368
01:16:56 PM   4002732   4026796   3879024     49.07      2556    238172   8780640     31.95   3617640     82576       100      5368
01:17:01 PM   4002732   4026796   3879024     49.07      2556    238172   8780640     31.95   3617688     82576       100      5368
01:17:06 PM   4002480   4026544   3879276     49.07      2556    238172   8780640     31.95   3617688     82576       100      5368
01:17:11 PM   4002480   4026544   3879276     49.07      2556    238172   8780640     31.95   3617692     82576        20      5368
01:17:16 PM   4002480   4026792   3879028     49.07      2556    238460   8780640     31.95   3617684     82824        20      5368
01:17:21 PM   4002480   4026912   3878908     49.06      2556    238540   8780640     31.95   3617664     82944        80      5368
01:17:26 PM   4002480   4026912   3878908     49.06      2556    238548   8780640     31.95   3617668     82944       108      5368
01:17:31 PM   4002480   4026920   3878900     49.06      2556    238548   8780640     31.95   3617684     82952       108      5368
01:17:36 PM   4002480   4026920   3878900     49.06      2556    238548   8780640     31.95   3617684     82952       108      5368
01:17:41 PM   4002480   4026920   3878900     49.06      2556    238548   8780640     31.95   3617660     82952       108      5368
01:17:46 PM   4002480   4026920   3878900     49.06      2556    238548   8780640     31.95   3617660     82952        28      5368
01:17:51 PM   4002228   4026988   3878832     49.06      2556    238868   8780640     31.95   3617684     83272        28      5368
01:17:56 PM   4002228   4026988   3878832     49.06      2556    238948   8780640     31.95   3617684     83272        80      5368
01:18:01 PM   4002228   4026988   3878832     49.06      2556    238948   8780640     31.95   3617684     83272       100      5368
01:18:06 PM   4002228   4027068   3878752     49.06      2556    238948   8780640     31.95   3617684     83352       100      5368
01:18:11 PM   4002228   4027068   3878752     49.06      2556    238948   8780640     31.95   3617672     83352       100      5368
01:18:16 PM   4002228   4027068   3878752     49.06      2556    238948   8780640     31.95   3617696     83352       100      5368
01:18:21 PM   4002228   4027068   3878752     49.06      2556    238948   8780640     31.95   3617696     83352        20      5368
01:18:26 PM   4001220   4026368   3879452     49.07      2556    239324   8780640     31.95   3617712     83648       132      5368
01:18:31 PM   4001220   4026540   3879280     49.07      2556    239484   8780640     31.95   3617712     83820       268      5368
01:18:36 PM   4001220   4026604   3879216     49.07      2556    239516   8780640     31.95   3617696     83884       264      5368
01:18:41 PM   4001220   4026604   3879216     49.07      2556    239516   8780640     31.95   3617712     83884       264      5368
01:18:46 PM   4001220   4026632   3879188     49.07      2556    239512   8780640     31.95   3617716     83912       288      5368
01:18:51 PM   4001220   4026632   3879188     49.07      2556    239512   8780640     31.95   3617716     83912       288      5368
01:18:56 PM   4001220   4026632   3879188     49.07      2556    239512   8780640     31.95   3617716     83912        20      5368
01:19:01 PM   4000968   4026752   3879068     49.07      2556    239896   8780640     31.95   3617716     84284        20      5368
01:19:06 PM   4000968   4026844   3878976     49.06      2556    239976   8780640     31.95   3617716     84376        80      5368
01:19:11 PM   4000968   4026840   3878980     49.06      2556    239972   8780640     31.95   3617708     84376       100      5368
01:19:16 PM   4000968   4026840   3878980     49.06      2556    239972   8780640     31.95   3617708     84376       100      5368
01:19:21 PM   4000968   4026840   3878980     49.06      2556    239972   8780640     31.95   3617708     84376       100      5368
01:19:26 PM   4000968   4026840   3878980     49.06      2556    239972   8780640     31.95   3617708     84376       100      5368
01:19:31 PM   4000968   4026840   3878980     49.06      2556    239972   8780640     31.95   3617704     84376        20      5368
01:19:36 PM   4000716   4026864   3878956     49.06      2556    240248   8780640     31.95   3617708     84652        24      5368
01:19:41 PM   4000716   4026864   3878956     49.06      2556    240328   8780640     31.95   3617708     84652        80      5368
01:19:46 PM   4000372   4026600   3879220     49.07      2556    240328   8780640     31.95   3617712     84732       100      5368
01:19:51 PM   4000212   4026440   3879380     49.07      2556    240328   8780640     31.95   3617708     84732       100      5368
01:19:56 PM   3999960   4026224   3879596     49.07      2556    240356   8780640     31.95   3617976     84728       100      5368
01:20:01 PM   3999960   4026224   3879596     49.07      2556    240356   8780640     31.95   3617972     84728       100      5368
01:20:06 PM   3999960   4026224   3879596     49.07      2556    240356   8780640     31.95   3617972     84728        20      5368
01:20:11 PM   3999960   4026468   3879352     49.07      2556    240676   8780640     31.95   3617916     84976        20      5368
01:20:16 PM   3999960   4026620   3879200     49.07      2556    240756   8780640     31.95   3617920     85128        80      5368
01:20:21 PM   3999960   4026616   3879204     49.07      2556    240756   8780640     31.95   3617744     85128       100      5368
01:20:26 PM   3999960   4026616   3879204     49.07      2556    240756   8780640     31.95   3617748     85128       100      5368
01:20:31 PM   3999960   4026596   3879224     49.07      2556    240736   8780640     31.95   3617620     85128       100      5368
01:20:36 PM   3999960   4026596   3879224     49.07      2556    240736   8780640     31.95   3617620     85128       100      5368
01:20:41 PM   3999960   4026596   3879224     49.07      2556    240736   8780640     31.95   3617620     85128        20      5368
01:20:46 PM   3999960   4026948   3878872     49.06      2556    241088   8780640     31.95   3617624     85480        20      5368
01:20:51 PM   3999708   4026696   3879124     49.07      2556    241168   8780640     31.95   3617624     85480        80      5368
01:20:56 PM   3999708   4026776   3879044     49.07      2556    241168   8780640     31.95   3617620     85560       100      5368
01:21:01 PM   3999708   4026776   3879044     49.07      2556    241172   8780640     31.95   3617620     85560       104      5368
01:21:06 PM   3999708   4026788   3879032     49.07      2556    241180   8780640     31.95   3617620     85572       112      5368
01:21:11 PM   3999708   4026788   3879032     49.07      2556    241180   8780640     31.95   3617620     85572       112      5368
01:21:16 PM   3999708   4026788   3879032     49.07      2556    241180   8780640     31.95   3617624     85572        32      5368
01:21:21 PM   3999456   4026784   3879036     49.07      2556    241504   8780640     31.95   3617624     85820        36      5368
01:21:26 PM   3999456   4026940   3878880     49.06      2556    241584   8780640     31.95   3617624     85976        80      5368
01:21:31 PM   3999456   4026940   3878880     49.06      2556    241584   8780640     31.95   3617624     85976       100      5368
01:21:36 PM   3999456   4026940   3878880     49.06      2556    241584   8780640     31.95   3617624     85976       100      5368
01:21:41 PM   3999456   4026940   3878880     49.06      2556    241584   8780640     31.95   3617624     85976       100      5368
01:21:46 PM   3999456   4026928   3878892     49.06      2556    241572   8780640     31.95   3617616     85964       100      5368
01:21:51 PM   3999456   4026928   3878892     49.06      2556    241572   8780640     31.95   3617616     85964        20      5368
01:21:56 PM   3999204   4027048   3878772     49.06      2556    241956   8780640     31.95   3617616     86336        20      5368
01:22:01 PM   3999724   4027576   3878244     49.06      2556    242032   8780640     31.95   3617620     86344        80      5368
01:22:06 PM   3999724   4027576   3878244     49.06      2556    242032   8780640     31.95   3617620     86344       100      5368
01:22:11 PM   3999724   4027656   3878164     49.05      2556    242032   8780640     31.95   3617624     86424       100      5368
01:22:16 PM   3999724   4027656   3878164     49.05      2556    242032   8780640     31.95   3617624     86424       100      5368
01:22:21 PM   3999724   4027656   3878164     49.05      2556    242032   8780640     31.95   3617624     86424       100      5368
01:22:26 PM   3999724   4027656   3878164     49.05      2556    242032   8780640     31.95   3617616     86424        20      5368
01:22:31 PM   3999472   4027660   3878160     49.05      2556    242368   8780640     31.95   3617616     86672        20      5368
01:22:36 PM   3999472   4027748   3878072     49.05      2556    242452   8780640     31.95   3617612     86760        80      5368
01:22:41 PM   3999472   4027832   3877988     49.05      2556    242452   8780640     31.95   3617580     86844       100      5368
01:22:46 PM   3999472   4027832   3877988     49.05      2556    242452   8780640     31.95   3617580     86844       100      5368
01:22:51 PM   3999472   4027832   3877988     49.05      2556    242452   8780640     31.95   3617616     86844       100      5368
01:22:56 PM   3999472   4027832   3877988     49.05      2556    242452   8780640     31.95   3617616     86844       100      5368
01:23:01 PM   3999472   4027828   3877992     49.05      2556    242448   8780640     31.95   3617552     86840        20      5368
01:23:06 PM   3999220   4027820   3878000     49.05      2556    242768   8780640     31.95   3617556     87084        20      5368
01:23:11 PM   3998968   4027724   3878096     49.05      2556    242848   8780640     31.95   3617568     87240        80      5368
01:23:16 PM   3998968   4027724   3878096     49.05      2556    242848   8780640     31.95   3617604     87240       100      5368
01:23:21 PM   3998968   4027724   3878096     49.05      2556    242848   8780640     31.95   3617632     87240       100      5368
01:23:26 PM   3998968   4027724   3878096     49.05      2556    242932   8780640     31.95   3617632     87240       288      5368
01:23:31 PM   3998968   4027808   3878012     49.05      2556    242932   8780640     31.95   3617636     87320       288      5368
01:23:36 PM   3998968   4027844   3877976     49.05      2556    243048   8780640     31.95   3617640     87356        72      5368
01:23:41 PM   3998212   4027552   3878268     49.06      2556    243432   8780640     31.95   3617640     87820        24      5368
01:23:46 PM   3998212   4027688   3878132     49.05      2556    243620   8780640     31.95   3617636     87956       260      5368
01:23:51 PM   3998212   4027744   3878076     49.05      2556    243624   8780640     31.95   3617636     88012       280      5368
01:23:56 PM   3998212   4027744   3878076     49.05      2556    243624   8780640     31.95   3617636     88012       180      5368
01:24:01 PM   3998212   4027744   3878076     49.05      2556    243624   8780640     31.95   3617636     88012       180      5368
01:24:06 PM   3998212   4027740   3878080     49.05      2556    243624   8780640     31.95   3617620     88008        20      5368
01:24:11 PM   3998212   4027744   3878076     49.05      2556    243624   8780640     31.95   3617644     88008        20      5368
01:24:16 PM   3997960   4027736   3878084     49.05      2556    243972   8780640     31.95   3617580     88256        20      5368
01:24:21 PM   3997960   4027920   3877900     49.05      2556    244052   8780640     31.95   3617580     88440        80      5368
01:24:26 PM   3997960   4027920   3877900     49.05      2556    244052   8780640     31.95   3617580     88440       100      5368
01:24:31 PM   3997960   4027920   3877900     49.05      2556    244052   8780640     31.95   3617612     88440       100      5368
01:24:36 PM   3997960   4027920   3877900     49.05      2556    244052   8780640     31.95   3617636     88440       100      5368
01:24:41 PM   3997960   4027916   3877904     49.05      2556    244048   8780640     31.95   3617628     88440       100      5368
01:24:46 PM   3997960   4027916   3877904     49.05      2556    244052   8780640     31.95   3617628     88440        20      5368
01:24:51 PM   3997708   4028008   3877812     49.05      2556    244396   8780640     31.95   3617628     88784        28      5368
01:24:56 PM   3997456   4027860   3877960     49.05      2556    244496   8780640     31.95   3617804     88864        80      5368
01:25:01 PM   3997456   4027868   3877952     49.05      2556    244496   8780640     31.95   3617984     88864       100      5368
01:25:06 PM   3997456   4027868   3877952     49.05      2556    244496   8780640     31.95   3617984     88864       100      5368
01:25:11 PM   3997456   4027868   3877952     49.05      2556    244496   8780640     31.95   3617996     88864       100      5368
01:25:16 PM   3997456   4027864   3877956     49.05      2556    244492   8780640     31.95   3617948     88860       100      5368
01:25:21 PM   3997456   4027860   3877960     49.05      2556    244488   8780640     31.95   3617932     88856        20      5368
01:25:26 PM   3997456   4028108   3877712     49.05      2556    244760   8780640     31.95   3617944     89104        20      5368
01:25:31 PM   4017716   4024732   3881088     49.09      1072    220672   8780640     31.95   3604592     76196        80      3288
01:25:36 PM   4021252   4025224   3880596     49.09      1064    217564   8780640     31.95   3600636     74928       100      3288
01:25:41 PM   4029860   4026152   3879668     49.07      1052    209680   8780640     31.95   3592984     73064       104      3044
01:25:46 PM   4027072   4028660   3877160     49.04      1052    215044   8780640     31.95   3598312     73064       104      3044
01:25:51 PM   2341504   2342728   5563092     70.37      1052    214784   8780640     31.95   5275360     73060       104      3044
01:25:56 PM   2341504   2343012   5562808     70.36      1052    214784   8780640     31.95   5275680     73060        24      3044
01:26:01 PM   2716264   2711812   5194008     65.70      1064    209004   8780640     31.95   4904004     71104        24      3044
01:26:06 PM   3361212   3356984   4548836     57.54      1064    209116   8780640     31.95   4248868     71220        80      3044
01:26:11 PM   3689680   3685428   4220392     53.38      1064    209096   8780640     31.95   3900680     71220       104      3044
01:26:16 PM   3925724   3921556   3984264     50.40      1064    209096   8780640     31.95   3677452     71304       104      3044
01:26:21 PM   2243908   2239740   5666080     71.67      1064    209096   8780640     31.95   5354892     71304       104      3044
01:26:26 PM   2243656   2239628   5666192     71.67      1064    209236   8780640     31.95   5355056     71304       104      3044
01:26:31 PM   2243404   2239376   5666444     71.67      1064    209236   8780640     31.95   5355056     71304        24      3044
01:26:36 PM   2285900   2282064   5623756     71.13      1064    209548   8780640     31.95   5301616     71552        24      3044
01:26:41 PM   2418880   2415164   5490656     69.45      1064    209628   8780640     31.95   5172596     71672        80      3044
01:26:46 PM   2418880   2415068   5490752     69.45      1064    209544   8780640     31.95   5172440     71732       100      3044
01:26:51 PM    739836    735860   7169960     90.69      1064    209436   8780640     31.95   6849784     71732       100      3044
01:26:56 PM    739836    735468   7170352     90.70      1064    209168   8780640     31.95   6849588     71640       100      3044
01:27:01 PM   1054756   1050428   6855392     86.71      1064    208936   8780640     31.95   6531588     71636       100      3044
01:27:06 PM   1291076   1286748   6619072     83.72      1064    208936   8780640     31.95   6289964     71636        20      3044
01:27:11 PM   1388816   1384860   6520960     82.48      1064    209416   8780640     31.95   6185652     71884        20      3044
01:27:16 PM   1485868   1481952   6423868     81.25      1064    209348   8780640     31.95   6091004     72128        80      3044
01:27:21 PM    474316    470400   7435420     94.05      1064    209492   8780640     31.95   7102460     72128       100      3044
01:27:26 PM    487096    483332   7422488     93.89      1064    209500   8780640     31.95   7102688     72136       104      3044
01:27:31 PM    486872    483108   7422712     93.89      1064    209500   8780640     31.95   7102688     72136       104      3044
01:27:36 PM    486872    483108   7422712     93.89      1064    209500   8780640     31.95   7102688     72136       104      3044
01:27:41 PM    486872    483108   7422712     93.89      1064    209500   8780640     31.95   7102688     72136        24      3044
01:27:46 PM    486620    483096   7422724     93.89      1064    209744   8780640     31.95   7100596     72404        24      3044
01:27:51 PM    322904    317116   7588704     95.99      1064    207572   8780640     31.95   7267968     70168        84      3044
01:27:56 PM    322904    317216   7588604     95.99      1064    207576   8780640     31.95   7268044     70252       104      3044
01:28:01 PM    322904    317216   7588604     95.99      1064    207576   8780640     31.95   7268044     70252       104      3044
01:28:06 PM    322904    317224   7588596     95.99      1064    207584   8780640     31.95   7268060     70252       104      3044
01:28:11 PM    322904    317344   7588476     95.99      1064    207716   8780640     31.95   7268192     70252       104      3044
01:28:16 PM    321908    316460   7589360     96.00      1064    207836   8780640     31.95   7268336     70224        24      3044
01:28:21 PM    153976     87292   7818528     98.90        24    126416   8780640     31.95   4558912   2970916        24      2944
01:28:26 PM    139512     74360   7831460     99.06        24    129356   8780640     31.95   4563556   2970600       264      2944
01:28:31 PM    139512     74360   7831460     99.06        24    129356   8780640     31.95   4563492   2970588       288      2944
01:28:36 PM    143956     78804   7827016     99.00        24    129364   8780640     31.95   4566544   2968872       296      2944
01:28:41 PM    143888     78740   7827080     99.00        24    129444   8780640     31.95   4566532   2968788       300      2944
01:28:46 PM    141520     76544   7829276     99.03        24    129740   8780640     31.95   4568932   2967968       200      2944
01:28:51 PM    139452     75168   7830652     99.05        24    131172   8780640     31.95   4570480   2967972        40      2944
01:28:56 PM    138192     74400   7831420     99.06        24    132312   8780640     31.95   4571144   2968300        40      2944
01:29:01 PM    141636     77960   7827860     99.01        24    132400   8780640     31.95   4572272   2968000        80      2944
01:29:06 PM    141636     77960   7827860     99.01        24    132400   8780640     31.95   4572272   2968000       100      2944
01:29:11 PM    138348     74716   7831104     99.05        24    132400   8780640     31.95   4573700   2967424       100      2944
01:29:16 PM    138124     74492   7831328     99.06        24    132400   8780640     31.95   4573700   2967424       104      2944
01:29:21 PM    206932    141928   7763892     98.20        24    129656   8780640     31.95   5052652   2439364       104      2944
01:29:26 PM    206204    141200   7764620     98.21        24    129744   8780640     31.95   5052652   2439364        24      2944
01:29:31 PM    197760    132924   7772896     98.32        24    130080   8780640     31.95   5053624   2439384        24      2944
01:29:36 PM    197760    132968   7772852     98.32        24    130160   8780640     31.95   5053624   2439472        84      2944
01:29:41 PM    201264    136512   7769308     98.27        24    130160   8780640     31.95   5054720   2439048       104      2944
01:29:46 PM    201264    136516   7769304     98.27        24    130180   8780640     31.95   5054720   2439052       100      2944
01:29:51 PM    202444     95444   7810376     98.79        12     46964   8780640     31.95   4383400   3106620       100      2268
01:29:56 PM    190856     90488   7815332     98.86        12     60344   8780640     31.95   4399632   3106752       100      2268
01:30:01 PM    190608     90332   7815488     98.86        12     60344   8780640     31.95   4399884   3106752        20      2268
01:30:06 PM    190608     90520   7815300     98.86        24     60776   8780640     31.95   4399884   3107124        20      2268
01:30:11 PM    190608     90608   7815212     98.85        24     60964   8780640     31.95   4399992   3107196        80      2268
01:30:16 PM    183048     85468   7820352     98.92        24     65896   8780640     31.95   4404828   3107196       100      2268
01:30:21 PM    172320     74764   7831056     99.05        24     65768   8780640     31.95   4523192   3005084       100      2268
01:30:26 PM    172096     74540   7831280     99.06        24     65768   8780640     31.95   4523192   3005084       100      2268
01:30:31 PM    159556     62000   7843820     99.22        24     65768   8780640     31.95   4527892   3001412       100      2268
01:30:36 PM    159556     62000   7843820     99.22        24     65768   8780640     31.95   4527892   3001412        20      2268
01:30:41 PM    152864     55432   7850388     99.30        24     66104   8780640     31.95   4532644   2997836        20      2268
01:30:46 PM    152360     54972   7850848     99.30        24     66184   8780640     31.95   4532644   2997924        80      2268
01:30:51 PM    147256     52012   7853808     99.34        24     70392   8780640     31.95   4538688   2996856       100      2268
01:30:56 PM    147256     52012   7853808     99.34        24     70392   8780640     31.95   4538688   2996856       100      2268
01:31:01 PM    142952     47708   7858112     99.40        24     70392   8780640     31.95   4541708   2994664       100      2268
01:31:06 PM    142952     47708   7858112     99.40        24     70392   8780640     31.95   4541708   2994664       100      2268
01:31:11 PM    141580     46336   7859484     99.41        24     70392   8780640     31.95   4549252   2988716       100      2268
01:31:16 PM    141328     46208   7859612     99.42        24     70664   8780640     31.95   4549252   2988964        20      2268
01:31:21 PM    139644     27864   7877956     99.65        24     37244   8780640     31.95   3724292   3841912        80      2176
01:31:26 PM    127012     20676   7885144     99.74        24     48204   8780640     31.95   3735448   3841928       100      2176
01:31:31 PM    126788     20488   7885332     99.74        24     48204   8780640     31.95   3735616   3841928       100      2176
01:31:36 PM    126788     20488   7885332     99.74        24     48204   8780640     31.95   3735616   3841928       100      2176
01:31:41 PM    126788     20672   7885148     99.74        24     48572   8780640     31.95   3735996   3841928       100      2176
01:31:46 PM    126788     20672   7885148     99.74        24     48576   8780640     31.95   3735996   3841928        24      2176
01:31:51 PM    123844      9552   7896268     99.88        24     32300   8780640     31.95   4699308   2877100        24      2176
01:31:56 PM    123288      9036   7896784     99.89        24     32380   8780640     31.95   4699248   2877128        80      2176
01:32:01 PM    114404      4156   7901664     99.95        24     40312   8780640     31.95   4709072   2875856       100      2176
01:32:06 PM    204540     94120   7811700     98.81        24     39964   8780640     31.95   4708920   2785100       100      2176
01:32:11 PM    193272     86388   7819432     98.91        24     47160   8780640     31.95   4722496   2779940       100      2176
01:32:16 PM    193296     86476   7819344     98.91        24     47168   8780640     31.95   4722564   2779880       108      2176
01:32:21 PM    129876     21884   7883936     99.72        24     42844   8780640     31.95   5407516   2167912        28       128
01:32:26 PM    128424     20592   7885228     99.74        24     43116   8780640     31.95   5407580   2168164        28       128
01:32:31 PM    128364     20532   7885288     99.74        24     43196   8780640     31.95   5407580   2168164        80       128
01:32:36 PM    128364     20584   7885236     99.74        24     43196   8780640     31.95   5407584   2168268       100       128
01:32:41 PM    128364     20584   7885236     99.74        24     43196   8780640     31.95   5407584   2168268       100       128
01:32:46 PM    128364     20584   7885236     99.74        24     43196   8780640     31.95   5407584   2168268       100       128
01:32:51 PM    158808     51268   7854552     99.35        24     43740   8780640     31.95   4533948   3002512        80       128
01:32:56 PM    158808     51308   7854512     99.35        24     43756   8780640     31.95   4534116   3002548       100       128
01:33:01 PM    158808     51368   7854452     99.35        24     43996   8780640     31.95   4534116   3002672        20       128
01:33:06 PM    158568     51188   7854632     99.35        24     43996   8780640     31.95   4534120   3002788        20       128
01:33:11 PM    150756     44464   7861356     99.44        24     46172   8780640     31.95   4536300   3002788        20       128
01:33:16 PM    148992     46180   7859640     99.42        24     53136   8780640     31.95   4543740   3002808        20       128
01:33:21 PM    205216     95560   7810260     98.79        24     39600   8780640     31.95   2818204   4674204        80       128
01:33:26 PM    181276     79028   7826792     99.00        24     54268   8780640     31.95   2834268   4674352       284       132
01:33:31 PM    181276     79028   7826792     99.00        24     54268   8780640     31.95   2834344   4674352       284       132
01:33:36 PM    181276     79028   7826792     99.00        24     54268   8780640     31.95   2834408   4674352       284       132
01:33:41 PM    181276     79028   7826792     99.00        24     54268   8780640     31.95   2834408   4674352       284       132
01:33:46 PM    180784     78800   7827020     99.00        24     54796   8780640     31.95   2834820   4674512       280       132
01:33:51 PM    148396     46572   7859248     99.41        24     55348   8780640     31.95   3219188   4321672       120       132
01:33:56 PM    137460     37748   7868072     99.52        24     59336   8780640     31.95   3226544   4319472       128       132
01:34:01 PM    137460     37748   7868072     99.52        24     59336   8780640     31.95   3226548   4319472       148       132
01:34:06 PM    137752     38040   7867780     99.52        24     59336   8780640     31.95   3230368   4316380       148       132
01:34:11 PM    137752     38040   7867780     99.52        24     59336   8780640     31.95   3230368   4316380       148       132
01:34:16 PM    138636     38924   7866896     99.51        24     59336   8780640     31.95   3233904   4313880       148       132
01:34:21 PM    201236     84268   7821552     98.93        12     25008   8780640     31.95   1194372   6287604       148       124
01:34:26 PM    174300     66380   7839440     99.16        24     43128   8780640     31.95   1212072   6288128        20       124
01:34:31 PM    174300     66824   7838996     99.15        24     44156   8780640     31.95   1212900   6288212        80       124
01:34:36 PM    174300     67004   7838816     99.15        24     44356   8780640     31.95   1213272   6288212       100       124
01:34:41 PM    174300     67044   7838776     99.15        24     44356   8780640     31.95   1213400   6288212       100       124
01:34:46 PM    174076     70764   7835056     99.10        24     52244   8780640     31.95   1222096   6288268       104       124
01:34:51 PM    151716     46844   7858976     99.41        24     49188   8780640     31.95   3210888   4343376       104       124
01:34:56 PM    131608     32960   7872860     99.58        24     61640   8780640     31.95   3225988   4343820       104       124
01:35:01 PM    131608     33040   7872780     99.58        24     61912   8780640     31.95   3226084   4343972        24       124
01:35:06 PM    131608     33172   7872648     99.58        24     61992   8780640     31.95   3226180   4344176        80       124
01:35:11 PM    131608     33172   7872648     99.58        24     61992   8780640     31.95   3226184   4344176       100       124
01:35:16 PM    131608     33172   7872648     99.58        24     61992   8780640     31.95   3226192   4344176       100       124
01:35:21 PM    157840     59300   7846520     99.25        24     61784   8780640     31.95   3311672   4229228       100       124
01:35:26 PM    157112     58684   7847136     99.26        24     62012   8780640     31.95   3312008   4229228       100       124
01:35:31 PM    157112     58684   7847136     99.26        24     62012   8780640     31.95   3312012   4229228        20       124
01:35:36 PM    156860     58600   7847220     99.26        24     62348   8780640     31.95   3312012   4229564        20       124
01:35:41 PM    156860     58600   7847220     99.26        24     62428   8780640     31.95   3312012   4229564        80       124
01:35:46 PM    156860     58600   7847220     99.26        24     62428   8780640     31.95   3312012   4229564       100       124
01:35:51 PM    147796     37948   7867872     99.52        24     39172   8780640     31.95   3127836   4419348       100       124
01:35:56 PM    143064     33316   7872504     99.58        24     39408   8780640     31.95   3129252   4418592       100       124
01:36:01 PM    143064     33336   7872484     99.58        24     39416   8780640     31.95   3129288   4418592       108       124
01:36:06 PM    143064     33336   7872484     99.58        24     39416   8780640     31.95   3129288   4418592        28       124
01:36:11 PM    153876     44212   7861608     99.44        24     39656   8780640     31.95   3146048   4402308         0       124
01:36:16 PM    149872     42068   7863752     99.47        24     43376   8780640     31.95   3149768   4402308        20       124
01:36:21 PM    147740     32592   7873228     99.59        24     28568   8780640     31.95   2841032   4703820        20       124
01:36:26 PM    145500     30352   7875468     99.62        24     28568   8780640     31.95   2841052   4703820        20       124
01:36:31 PM    141404     26256   7879564     99.67        24     28568   8780640     31.95   2842872   4702216        20       124
01:36:36 PM    141404     26256   7879564     99.67        24     28572   8780640     31.95   2842872   4702216        24       124
01:36:41 PM    141404     26256   7879564     99.67        24     28572   8780640     31.95   2842904   4702220        24       124
01:36:46 PM    141152     26128   7879692     99.67        24     28908   8780640     31.95   2842904   4702468         0       124
01:36:51 PM    169180     59876   7845944     99.24        24     40256   8780640     31.95   2928268   4594592        20       124
01:36:56 PM    168704     59400   7846420     99.25        24     40256   8780640     31.95   2928268   4594592        20       124
01:37:01 PM    168704     59400   7846420     99.25        24     40256   8780640     31.95   2928380   4594592        20       124
01:37:06 PM    168704     59400   7846420     99.25        24     40256   8780640     31.95   2928380   4594592        20       124
01:37:11 PM    168704     59400   7846420     99.25        24     40256   8780640     31.95   2928384   4594592        20       124
01:37:16 PM    168704     59400   7846420     99.25        24     40256   8780640     31.95   2928388   4594592        20       124
01:37:21 PM    127900     10792   7895028     99.86        24     24652   8780640     31.95   3567640   3997896        80       124
01:37:26 PM    126920     10060   7895760     99.87        24     25232   8780640     31.95   3568128   3997904       100       124
01:37:31 PM    126920     10472   7895348     99.87        24     26068   8780640     31.95   3569036   3997916       100       124
01:37:36 PM    126920     10472   7895348     99.87        24     26068   8780640     31.95   3569036   3997916       100       124
01:37:41 PM    126920     10520   7895300     99.87        24     26068   8780640     31.95   3569132   3997916       100       124
01:37:46 PM    126920     10520   7895300     99.87        24     26068   8780640     31.95   3569132   3997916       100       124
01:37:51 PM    183464     65092   7840728     99.18        24     22148   8780640     31.95   2470548   5038956        24       124
01:37:56 PM    175176     60124   7845696     99.24        24     29004   8780640     31.95   2477164   5038988        80       124
01:38:01 PM    171132     56200   7849620     99.29        24     29004   8780640     31.95   2479892   5037616       100       124
01:38:06 PM    171132     56200   7849620     99.29        24     29004   8780640     31.95   2479896   5037616       100       124
01:38:11 PM    166448     53068   7852752     99.33        24     32224   8780640     31.95   2490576   5030936       100       124
01:38:16 PM    154352     44976   7860844     99.43        24     40148   8780640     31.95   2499172   5030956       100       124
01:38:21 PM    147572     38228   7867592     99.52        24     40176   8780640     31.95   2587004   4954640        20       124
01:38:26 PM    137744     33108   7872712     99.58        24     49628   8780640     31.95   2596716   4955088       204       128
01:38:31 PM    133160     28580   7877240     99.64        24     49708   8780640     31.95   2607244   4946256       264       128
01:38:36 PM    133160     28580   7877240     99.64        24     49708   8780640     31.95   2607244   4946256       284       128
01:38:41 PM    131176     26596   7879224     99.66        24     49708   8780640     31.95   2607924   4945992       284       128
01:38:46 PM    128908     24524   7881296     99.69        24     50132   8780640     31.95   2608316   4946040       180       128
01:38:51 PM    138684     32944   7872876     99.58        12     47400   8780640     31.95   4492904   3051188       180       128
01:38:56 PM    122332     20544   7885276     99.74        24     55344   8780640     31.95   4500620   3051472        20       128
01:39:01 PM    122332     20568   7885252     99.74        24     55344   8780640     31.95   4500712   3051472        20       128
01:39:06 PM    122332     20568   7885252     99.74        24     55424   8780640     31.95   4500712   3051472        80       128
01:39:11 PM    122332     20612   7885208     99.74        24     55428   8780640     31.95   4500716   3051556       104       128
01:39:16 PM    122332     20612   7885208     99.74        24     55428   8780640     31.95   4500716   3051556       104       128
01:39:21 PM    129972     13748   7892072     99.83        24     26424   8780640     31.95   4064496   3492432       104       128
01:39:26 PM    127984     14812   7891008     99.81        24     32596   8780640     31.95   4070696   3492432       104       128
01:39:31 PM    127760     14616   7891204     99.82        24     32596   8780640     31.95   4070756   3492432       104       128
01:39:36 PM    127508     14496   7891324     99.82        24     32852   8780640     31.95   4070768   3492680        24       128
01:39:41 PM    127016     14004   7891816     99.82        24     32940   8780640     31.95   4070768   3492680        80       128
01:39:46 PM    127032     19932   7885888     99.75        12     44736   8780640     31.95   2613488   4959012       100       128
01:39:51 PM    176384     68012   7837808     99.14        12     42156   8780640     31.95   2763608   4748816       100       124
01:39:56 PM    152080     50876   7854944     99.36        12     56500   8780640     31.95   2788032   4742640       100       124
01:40:01 PM    152080     50876   7854944     99.36        12     56500   8780640     31.95   2788032   4742640       100       124
01:40:06 PM    148176     46988   7858832     99.41        12     56500   8780640     31.95   2795536   4735864        20       124
01:40:11 PM    147924     47292   7858528     99.40        24     57700   8780640     31.95   2796372   4736144        20       124
01:40:16 PM    144580     43996   7861824     99.44        24     57780   8780640     31.95   2802760   4730528        80       124
01:40:21 PM    125288     12684   7893136     99.84         8     33800   8780640     31.95   1817684   5745312       100       124
01:40:26 PM    122544     12796   7893024     99.84         8     39420   8780640     31.95   1823764   5745328       100       124
01:40:31 PM    122544     12796   7893024     99.84         8     39420   8780640     31.95   1823764   5745328       100       124
01:40:36 PM    118448      8700   7897120     99.89         8     39420   8780640     31.95   1824952   5744364       100       124
01:40:41 PM    118448      8700   7897120     99.89         8     39420   8780640     31.95   1824972   5744364        20       124
01:40:46 PM    118196      8572   7897248     99.89        20     39724   8780640     31.95   1824996   5744612        20       124
01:40:51 PM    182488     69256   7836564     99.12         8     32464   8780640     31.95   4650744   2859096         0       124
01:40:56 PM    182288     69308   7836512     99.12         8     32956   8780640     31.95   4651272   2859148        20       124
01:41:01 PM    182288     69372   7836448     99.12         8     33080   8780640     31.95   4651400   2859148        20       124
01:41:06 PM    174224     63564   7842256     99.20         8     37608   8780640     31.95   4655952   2859152        24       124
01:41:11 PM    174224     63924   7841896     99.19         8     38392   8780640     31.95   4656684   2859152        24       124
01:41:16 PM    173972     63816   7842004     99.19         8     38600   8780640     31.95   4656988   2859152        24       124
01:41:21 PM    118336      4200   7901620     99.95        20     30868   8780640     31.95   4812040   2762808        24       124
01:41:26 PM    118308      4392   7901428     99.94        20     31072   8780640     31.95   4812580   2762836        80       124
01:41:31 PM    118308      4392   7901428     99.94        20     31072   8780640     31.95   4812580   2762836       100       124
01:41:36 PM    118308      4392   7901428     99.94        20     31072   8780640     31.95   4812580   2762836       100       124
01:41:41 PM    118308      4392   7901428     99.94        20     31072   8780640     31.95   4812580   2762836       100       124
01:41:46 PM    118308      4396   7901424     99.94        20     31076   8780640     31.95   4812588   2762840       104       124
01:41:51 PM    165744     46764   7859056     99.41         8     20940   8780640     31.95   1574280   5951152        24       124
01:41:56 PM    146180     28024   7877796     99.65        20     22628   8780640     31.95   1577424   5950208        24       124
01:42:01 PM    146180     28024   7877796     99.65        20     22708   8780640     31.95   1577428   5950208        80       124
01:42:06 PM    139628     23552   7882268     99.70        20     26764   8780640     31.95   1591856   5940540       100       124
01:42:11 PM    139628     23800   7882020     99.70        20     27320   8780640     31.95   1592356   5940540       100       124
01:42:16 PM    143948     28744   7877076     99.64        20     28508   8780640     31.95   1605052   5929688       100       124
01:42:21 PM    139172     23840   7881980     99.70        20     28588   8780640     31.95   3306996   4223764       100       124
01:42:26 PM    139096     23936   7881884     99.70        20     28596   8780640     31.95   3307360   4224008        20       124
01:42:31 PM    139096     24060   7881760     99.70        20     28916   8780640     31.95   3307360   4224256        20       124
01:42:36 PM    139096     24096   7881724     99.70        20     28916   8780640     31.95   3307364   4224328        20       124
01:42:41 PM    139096     24096   7881724     99.70        20     28916   8780640     31.95   3307364   4224328        20       124
01:42:46 PM    139096     24096   7881724     99.70        20     28916   8780640     31.95   3307408   4224328        20       124
01:42:51 PM    193680     79348   7826472     99.00        20     30252   8780640     31.95   3540560   3941200        20       124
01:42:56 PM    193360     79200   7826620     99.00        20     30676   8780640     31.95   3540972   3941200        80       124
01:43:01 PM    193360     79300   7826520     99.00        20     30796   8780640     31.95   3541200   3941280        20       124
01:43:06 PM    193360     79300   7826520     99.00        20     30796   8780640     31.95   3541200   3941280        20       124
01:43:11 PM    191596     78588   7827232     99.01        20     32996   8780640     31.95   3543344   3941280        20       124
01:43:16 PM    182020     72936   7832884     99.08        20     40768   8780640     31.95   3551824   3941336        20       124
01:43:21 PM    119552    119552   7786268     98.49         4      9376   8780640     31.95      5192   7552180        20       124
01:43:26 PM    198368     95864   7809956     98.79        16     53956   8780640     31.95   2688000   4788088        48       128
01:43:31 PM    198368     95908   7809912     98.79        16     54008   8780640     31.95   2688208   4788156       204       128
01:43:36 PM    198368     95912   7809908     98.79        16     54012   8780640     31.95   2688268   4788156       204       128
01:43:41 PM    197612     95532   7810288     98.79        16     54768   8780640     31.95   2689052   4788156       204       128
01:43:46 PM    196856     95108   7810712     98.80        16     55460   8780640     31.95   2689752   4788204       192       128
01:43:51 PM    145104     43776   7862044     99.45        16     56340   8780640     31.95   3877512   3653440       192       128
01:43:56 PM    140436     41492   7864328     99.48        16     61208   8780640     31.95   3882520   3653616       116       128
01:44:01 PM    128308     29508   7876312     99.63        16     61324   8780640     31.95   3884388   3653244        80       128
01:44:06 PM    128308     29508   7876312     99.63        16     61324   8780640     31.95   3884388   3653244       100       128
01:44:11 PM    122972     24172   7881648     99.69        16     61324   8780640     31.95   3893496   3644740       100       128
01:44:16 PM    122972     24172   7881648     99.69        16     61324   8780640     31.95   3893516   3644740       100       128
01:44:21 PM    142732     43164   7862656     99.45        16     60064   8780640     31.95   4719896   2821984        96       128
01:44:26 PM    170584     71092   7834728     99.10        16     59948   8780640     31.95   4825804   2689732       116       128
01:44:31 PM    170332     70968   7834852     99.10        16     60236   8780640     31.95   4825892   2689988        20       128
01:44:36 PM    170332     70968   7834852     99.10        16     60236   8780640     31.95   4825892   2689988        20       128
01:44:41 PM    170156     70812   7835008     99.10        16     60236   8780640     31.95   4825932   2690028        20       128
01:44:46 PM    168608     70580   7835240     99.11        16     62896   8780640     31.95   4829204   2690064        20       128
01:44:51 PM    117860      1992   7903828     99.97         4     27200   8780640     31.95   3400448   4169296        20       128
01:44:56 PM    182816     68176   7837644     99.14         4     29820   8780640     31.95    620468   6893168        80       128
01:45:01 PM    164364     58520   7847300     99.26         4     47252   8780640     31.95    640520   6893892       100       128
01:45:06 PM    164364     58520   7847300     99.26         4     47252   8780640     31.95    640520   6893892       100       128
01:45:11 PM    164364     58520   7847300     99.26         4     47252   8780640     31.95    640520   6893892       100       128
01:45:16 PM    164364     58520   7847300     99.26         4     47252   8780640     31.95    640520   6893892       100       128
01:45:21 PM    138048     32204   7873616     99.59         4     47424   8780640     31.95    666492   6893892       100       128
01:45:26 PM    133368     29368   7876452     99.63        16     51100   8780640     31.95    670960   6894064        20       128
01:45:31 PM    133368     29496   7876324     99.63        16     51180   8780640     31.95    671028   6894320        80       128
01:45:36 PM    133368     29496   7876324     99.63        16     51180   8780640     31.95    671028   6894320       100       128
01:45:41 PM    133368     29496   7876324     99.63        16     51180   8780640     31.95    671032   6894320       100       128
01:45:46 PM    133368     29496   7876324     99.63        16     51180   8780640     31.95    671040   6894320       100       128
01:45:51 PM    125152     12256   7893564     99.84         4     33304   8780640     31.95   4154248   3416436        76       128
01:45:56 PM    155292     45212   7860608     99.43         4     38860   8780640     31.95   4452664   3089492        20       128
01:46:01 PM    150440     40640   7865180     99.49        16     39324   8780640     31.95   4456544   3086628        20       128
01:46:06 PM    150440     40640   7865180     99.49        16     39324   8780640     31.95   4456544   3086628        20       128
01:46:11 PM    140200     30400   7875420     99.62        16     39324   8780640     31.95   4463840   3080436        20       128
01:46:16 PM    140200     30400   7875420     99.62        16     39324   8780640     31.95   4463800   3080308        20       128
01:46:21 PM    117956      8156   7897664     99.90        16     39324   8780640     31.95   5151488   2413660        20       128
01:46:26 PM    132616     22748   7883072     99.71        16     39260   8780640     31.95   1516692   6019324        84       128
01:46:31 PM    132792     24464   7881356     99.69        16     42420   8780640     31.95   1520060   6019344        20       128
01:46:36 PM    134836     26568   7879252     99.66        16     42420   8780640     31.95   1520212   6019344        20       128
01:46:41 PM    134160     28676   7877144     99.64        16     48072   8780640     31.95   1525804   6019344        20       128
01:46:46 PM    134160     28716   7877104     99.64        16     48072   8780640     31.95   1525900   6019344        20       128
01:46:51 PM    132396     27020   7878800     99.66        16     48216   8780640     31.95   1529832   6019344        20       128
01:46:56 PM    138852     19788   7886032     99.75        16     20980   8780640     31.95   2882896   4660236         0       124
01:47:01 PM    138780     19832   7885988     99.75        16     21240   8780640     31.95   2883112   4660260        24       124
01:47:06 PM    138780     19924   7885896     99.75        16     21304   8780640     31.95   2883324   4660272        32       124
01:47:11 PM    132480     18268   7887552     99.77        16     30776   8780640     31.95   2892860   4660272        32       124
01:47:16 PM    132480     18388   7887432     99.77        16     30776   8780640     31.95   2893188   4660272        32       124
01:47:21 PM    132480     18388   7887432     99.77        16     30776   8780640     31.95   2893188   4660272        32       124
01:47:26 PM    116604      4932   7900888     99.94        16     35696   8780640     31.95   2902760   4660272        32       124
01:47:31 PM    116604      4940   7900880     99.94        16     35776   8780640     31.95   2902800   4660272        80       124
01:47:36 PM    135692     26024   7879796     99.67        16     39624   8780640     31.95   3846428   3700724       104       124
01:47:41 PM    135692     26024   7879796     99.67        16     39624   8780640     31.95   3846428   3700724       104       124
01:47:46 PM    135692     26024   7879796     99.67        16     39624   8780640     31.95   3846432   3700724       104       124
01:47:51 PM    135692     26024   7879796     99.67        16     39624   8780640     31.95   3846432   3700724       104       124
01:47:56 PM    110220    110220   7795600     98.61        16     31884   8780640     31.95   5787188   1779632       104       124
01:48:01 PM    122640      9224   7896596     99.88        16     32192   8780640     31.95   5787244   1772532        24       124
01:48:06 PM    118716      5372   7900448     99.93        16     32272   8780640     31.95   5790576   1769868        80       124
01:48:11 PM    116952      4472   7901348     99.94        16     34020   8780640     31.95   5792356   1769868       100       124
01:48:16 PM    221840    115688   7790132     98.54        16     46656   8780640     31.95    304156   7160560       100       124
01:48:21 PM    219348    114352   7791468     98.55        16     48972   8780640     31.95    306720   7160560       100       124
01:48:26 PM    130208     27300   7878520     99.65        16     53240   8780640     31.95   1719924   5842928       284       128
01:48:31 PM    129960     27052   7878768     99.66        16     53240   8780640     31.95   1719960   5842928       124       128
01:48:36 PM    124924     22728   7883092     99.71        16     54688   8780640     31.95   1721560   5842952       128       128
01:48:41 PM    124856     22808   7883012     99.71        16     54948   8780640     31.95   1721748   5843116       232       128
01:48:46 PM    124856     23132   7882688     99.71        16     55512   8780640     31.95   1722268   5843308       180       128
01:48:51 PM    122840     21116   7884704     99.73        16     55512   8780640     31.95   1725288   5843308       180       128
01:48:56 PM    184108     80252   7825568     98.98         4     51320   8780640     31.95   4759000   2755360       180       128
01:49:01 PM    184108     80252   7825568     98.98         4     51320   8780640     31.95   4759000   2755360       180       128
01:49:06 PM    182216     78568   7827252     99.01        16     51680   8780640     31.95   4759056   2755720        20       128
01:49:11 PM    182092     78460   7827360     99.01        16     51768   8780640     31.95   4759056   2755748        20       128
01:49:16 PM    182092     78536   7827284     99.01        16     51848   8780640     31.95   4759060   2755900        80       128
01:49:21 PM    182092     78536   7827284     99.01        16     51848   8780640     31.95   4759060   2755900       100       128
01:49:26 PM    130200     13704   7892116     99.83         4     25980   8780640     31.95   2340668   5220532       100       124
01:49:31 PM    130200     13704   7892116     99.83         4     25984   8780640     31.95   2340668   5220532       104       124
01:49:36 PM    130200     13708   7892112     99.83         4     25984   8780640     31.95   2340668   5220536       104       124
01:49:41 PM    130200     13708   7892112     99.83         4     25984   8780640     31.95   2340668   5220536        24       124
01:49:46 PM    146412     39128   7866692     99.51        16     44392   8780640     31.95   2345240   5190928        24       124
01:49:51 PM    146188     38904   7866916     99.51        16     44472   8780640     31.95   2345240   5190928        80       124
01:49:56 PM    165240     58336   7847484     99.26        16     45152   8780640     31.95   2440736   5074620       100       124
01:50:01 PM    152656     52748   7853072     99.33        16     59188   8780640     31.95   2457284   5075160       104       124
01:50:06 PM    152656     52772   7853048     99.33        16     59188   8780640     31.95   2457472   5075188       104       124
01:50:11 PM    152404     52520   7853300     99.34        16     59188   8780640     31.95   2457480   5075188       104       124
01:50:16 PM    152404     52520   7853300     99.34        16     59204   8780640     31.95   2457484   5075188        24       124
01:50:21 PM    152152     52400   7853420     99.34        16     59508   8780640     31.95   2457488   5075452        24       124
01:50:26 PM    131184     30628   7875192     99.61         4     57892   8780640     31.95   4463860   3096356        80       124
01:50:31 PM    131184     30656   7875164     99.61         4     57912   8780640     31.95   4464088   3096376       100       124
01:50:36 PM    131184     30656   7875164     99.61         4     57912   8780640     31.95   4464088   3096376       100       124
01:50:41 PM    131184     30656   7875164     99.61         4     57912   8780640     31.95   4464088   3096376       100       124
01:50:46 PM    131184     30656   7875164     99.61         4     57912   8780640     31.95   4464088   3096376       100       124
01:50:51 PM    126396     25996   7879824     99.67         4     58168   8780640     31.95   4467392   3096384        28       124
01:50:56 PM    144180     24480   7881340     99.69        16     19776   8780640     31.95   1556560   5984732        28       124
01:51:01 PM    140160     22244   7883576     99.72        16     23244   8780640     31.95   1560080   5984844        80       124
01:51:06 PM    140160     22244   7883576     99.72        16     23244   8780640     31.95   1560080   5984844       100       124
01:51:11 PM    140160     23228   7882592     99.71        16     25092   8780640     31.95   1561968   5984924       100       124
01:51:16 PM    140160     23228   7882592     99.71        16     25092   8780640     31.95   1561968   5984924       100       124
01:51:21 PM    140160     23228   7882592     99.71        16     25092   8780640     31.95   1561968   5984924       100       124
01:51:26 PM    124284      7352   7898468     99.91        16     25124   8780640     31.95   1574740   5984924        20       124
01:51:31 PM    124032      7240   7898580     99.91        16     25428   8780640     31.95   1574784   5985204        20       124
01:51:36 PM    120000      3208   7902612     99.96        16     25508   8780640     31.95   1574784   5985204        80       124
01:51:41 PM    120000      3276   7902544     99.96        16     25508   8780640     31.95   1574788   5985340       100       124
01:51:46 PM    120000      3276   7902544     99.96        16     25508   8780640     31.95   1574788   5985340       100       124
01:51:51 PM    120000      3400   7902420     99.96        16     25868   8780640     31.95   1575036   5985340       100       124
01:51:56 PM    221584     98408   7807412     98.76         4     12700   8780640     31.95   5936900   1526660        80       124
01:52:01 PM    221584     98452   7807368     98.75         4     12700   8780640     31.95   5937000   1526764       100       124
01:52:06 PM    221584     98584   7807236     98.75        16     12992   8780640     31.95   5937004   1527032        24       124
01:52:11 PM    221584     98604   7807216     98.75        16     12992   8780640     31.95   5937008   1527068        24       124
01:52:16 PM    221584     98604   7807216     98.75        16     12992   8780640     31.95   5937012   1527068        24       124
01:52:21 PM    221584     98604   7807216     98.75        16     12992   8780640     31.95   5937048   1527068        24       124
01:52:26 PM    146652     23488   7882332     99.70         4     12736   8780640     31.95   1569228   5963832        80       124
01:52:31 PM    146652     23616   7882204     99.70         4     12892   8780640     31.95   1569492   5963880       100       124
01:52:36 PM    146652     23616   7882204     99.70         4     12924   8780640     31.95   1569492   5963880       100       124
01:52:41 PM    130776     13768   7892052     99.83         4     25032   8780640     31.95   1581524   5963912       100       124
01:52:46 PM    130776     13768   7892052     99.83         4     25032   8780640     31.95   1581524   5963912       100       124
01:52:51 PM    122712      8444   7897376     99.89         4     30432   8780640     31.95   1590960   5963912       100       124
01:52:56 PM    112632    112632   7793188     98.58        16     31172   8780640     31.95   1604808   5964244        20       124
01:53:01 PM    112632    112632   7793188     98.58        16     31252   8780640     31.95   1604864   5964324        80       124
01:53:06 PM    112632    112632   7793188     98.58        16     31256   8780640     31.95   1604864   5964324       104       124
01:53:11 PM    112380    112380   7793440     98.58        16     33456   8780640     31.95   1606968   5964328       104       124
01:53:16 PM    145892     39396   7866424     99.50        16     45960   8780640     31.95   1659508   5886288       104       124
01:53:21 PM    141888     36668   7869152     99.54        16     48616   8780640     31.95   1662132   5886288       104       124
01:53:26 PM    184660     80648   7825172     98.98        16     51020   8780640     31.95   6492640   1015116       128       128
01:53:31 PM    184408     81088   7824732     98.97        16     52388   8780640     31.95   6493504   1015692       176       128
01:53:36 PM    184408     81164   7824656     98.97        16     52500   8780640     31.95   6493608   1015824       264       128
01:53:41 PM    182644     80080   7825740     98.99        16     53884   8780640     31.95   6494940   1015856       284       128
01:53:46 PM    182644     80516   7825304     98.98        16     54816   8780640     31.95   6495796   1015904       180       128
01:53:51 PM    182644     80516   7825304     98.98        16     54816   8780640     31.95   6495796   1015904       180       128
01:53:56 PM    193812     77392   7828428     99.02         4     26288   8780640     31.95   1951340   5540640        80       124
01:54:01 PM    184264     71064   7834756     99.10        16     32728   8780640     31.95   1957296   5541132        20       124
01:54:06 PM    184264     71152   7834668     99.10        16     32728   8780640     31.95   1957416   5541280        20       124
01:54:11 PM    182248     70220   7835600     99.11        16     35020   8780640     31.95   1959604   5541284        24       124
01:54:16 PM    182248     70280   7835540     99.11        16     35020   8780640     31.95   1959736   5541284        24       124
01:54:21 PM    182248     70280   7835540     99.11        16     35020   8780640     31.95   1959736   5541284        24       124
01:54:26 PM    123844     11468   7894352     99.85        16     34344   8780640     31.95   2086440   5474040         0       124
01:54:31 PM    123844     11468   7894352     99.85        16     34352   8780640     31.95   2086448   5474040        28       124
01:54:36 PM    123844     11544   7894276     99.85        16     34352   8780640     31.95   2086604   5474152        28       124
01:54:41 PM    215608    105196   7800624     98.67         4     38144   8780640     31.95   2816420   4644576        32       124
01:54:46 PM    213844    106972   7798848     98.65         4     45248   8780640     31.95   2824104   4644660        32       124
01:54:51 PM    212108    105248   7800572     98.67         4     45248   8780640     31.95   2826824   4644660        32       124
01:54:56 PM    179852     74268   7831552     99.06        16     47916   8780640     31.95   2856084   4644908        32       124
01:55:01 PM    164736     65312   7840508     99.17        16     60172   8780640     31.95   2870932   4645436        80       124
01:55:06 PM    164736     65344   7840476     99.17        16     60172   8780624     31.95   2871084   4645444       100       124
01:55:11 PM    164736     65344   7840476     99.17        16     60172   8780752     31.95   2871084   4645444       100       124
Average:      2171519   2134446   5771374     73.00      1347    148839   8780143     31.95   3590212   1931845        98      3065
