Linux 7.0.10-arch1-1 (archlinux) 	05/28/2026 	_x86_64_	(4 CPU)

11:05:30 AM  pgpgin/s pgpgout/s   fault/s  majflt/s  pgfree/s pgscank/s pgscand/s pgsteal/s  pgprom/s   pgdem/s
11:05:35 AM      0.00      0.00   1142.12      0.00     47.70      0.00      0.00      0.00      0.00      0.00
11:05:40 AM      0.00      0.00    329.40      0.00    388.60      0.00      0.00      0.00      0.00      0.00
11:05:45 AM      0.00    134.40      0.60      0.00     11.60      0.00      0.00      0.00      0.00      0.00
11:05:50 AM     12.80    389.60      6.40      0.00      4.00      0.00      0.00      0.00      0.00      0.00
11:05:55 AM      0.00      0.00      0.00      0.00      3.80      0.00      0.00      0.00      0.00      0.00
11:06:00 AM      0.00      0.00      0.00      0.00      4.20      0.00      0.00      0.00      0.00      0.00
11:06:05 AM      0.00      0.00      1.40      0.00      0.60      0.00      0.00      0.00      0.00      0.00
11:06:10 AM      0.00      0.80      0.20      0.00      4.20      0.00      0.00      0.00      0.00      0.00
11:06:15 AM      0.00      0.00      0.00      0.00     12.00      0.00      0.00      0.00      0.00      0.00
11:06:20 AM      0.00      0.00      0.00      0.00     48.00      0.00      0.00      0.00      0.00      0.00
11:06:25 AM    188.00     28.00      2.40      0.40     91.60      0.00      0.00      0.00      0.00      0.00
11:06:30 AM      0.00     36.00      0.00      0.00    145.00      0.00      0.00      0.00      0.00      0.00
11:06:35 AM    516.00    220.00      2.00      1.00      4.60      0.00      0.00      0.00      0.00      0.00
11:06:40 AM      0.00      0.00      0.00      0.00    311.20      0.00      0.00      0.00      0.00      0.00
11:06:45 AM      0.00      0.00      0.00      0.00     28.40      0.00      0.00      0.00      0.00      0.00
11:06:50 AM      0.00      0.00      0.40      0.00      3.80      0.00      0.00      0.00      0.00      0.00
11:06:55 AM      0.00      0.00      0.00      0.00      4.20      0.00      0.00      0.00      0.00      0.00
11:07:00 AM    386.40      0.00      7.40      0.40     19.80      0.00      0.00      0.00      0.00      0.00
11:07:05 AM      3.20     51.20      0.00      0.00      1.60      0.00      0.00      0.00      0.00      0.00
11:07:10 AM      0.00    112.00      0.00      0.00    562.80      0.00      0.00      0.00      0.00      0.00
11:07:15 AM    493.60      0.00      4.20      0.80     52.00      0.00      0.00      0.00      0.00      0.00
11:07:20 AM    180.00      0.80      5.80      0.20     19.80      0.00      0.00      0.00      0.00      0.00
11:07:25 AM    745.60      0.00      8.80      2.60     26.80      0.00      0.00      0.00      0.00      0.00
11:07:30 AM    148.80      0.80      1.80      0.20      4.60      0.00      0.00      0.00      0.00      0.00
11:07:35 AM     68.80     24.00      4.00      0.40    176.60      0.00      0.00      0.00      0.00      0.00
11:07:40 AM     92.80     19.20      8.80      0.20     16.40      0.00      0.00      0.00      0.00      0.00
11:07:45 AM     16.00    111.20      0.00      0.00      6.20      0.00      0.00      0.00      0.00      0.00
11:07:50 AM    305.60      0.80      1.00      0.60     29.00      0.00      0.00      0.00      0.00      0.00
11:07:55 AM    238.40      0.00      0.60      0.40      9.40      0.00      0.00      0.00      0.00      0.00
11:08:00 AM     80.00      0.00      0.80      0.20      5.20      0.00      0.00      0.00      0.00      0.00
11:08:05 AM      0.00      0.00      0.80      0.00      2.40      0.00      0.00      0.00      0.00      0.00
11:08:10 AM     16.00     76.00      0.00      0.00      4.60      0.00      0.00      0.00      0.00      0.00
11:08:15 AM     22.40     92.00      0.00      0.00     43.20      0.00      0.00      0.00      0.00      0.00
11:08:20 AM    553.60     28.80      4.40      1.00     47.80      0.00      0.00      0.00      0.00      0.00
11:08:25 AM      9.60      0.80      0.00      0.00     16.00      0.00      0.00      0.00      0.00      0.00
11:08:30 AM   1845.60      1.60    295.00      5.80    294.00      0.00      0.00      0.00      0.00      0.00
11:08:35 AM     38.40      0.80      0.80      0.40      3.00      0.00      0.00      0.00      0.00      0.00
11:08:40 AM      0.00    348.00      0.00      0.00    201.60      0.00      0.00      0.00      0.00      0.00
11:08:45 AM    128.00      7.20      1.80      1.00     17.00      0.00      0.00      0.00      0.00      0.00
11:08:50 AM     47.20    400.80      1.00      0.00    399.60      0.00      0.00      0.00      0.00      0.00
11:08:55 AM     13.60      0.00      3.40      3.40      3.80      0.00      0.00      0.00      0.00      0.00
11:09:00 AM      0.00      1.60      0.00      0.00      4.00      0.00      0.00      0.00      0.00      0.00
11:09:05 AM      0.00      0.00      0.20      0.00      0.60      0.00      0.00      0.00      0.00      0.00
11:09:10 AM      0.00      0.00      0.00      0.00      4.00      0.00      0.00      0.00      0.00      0.00
11:09:15 AM      0.00      0.00      0.20      0.00    106.60      0.00      0.00      0.00      0.00      0.00
11:09:20 AM      0.00     32.00      0.00      0.00      4.00      0.00      0.00      0.00      0.00      0.00
11:09:25 AM     42.40     11.20      1.60      0.40     38.40      0.00      0.00      0.00      0.00      0.00
11:09:30 AM     28.80     92.80      0.00      0.00      8.00      0.00      0.00      0.00      0.00      0.00
11:09:35 AM      3.20      3.20      0.00      0.00     15.20      0.00      0.00      0.00      0.00      0.00
11:09:40 AM      0.00      0.00      0.00      0.00      4.00      0.00      0.00      0.00      0.00      0.00
11:09:45 AM     12.80    127.20      3.20      3.20    260.20      0.00      0.00      0.00      0.00      0.00
11:09:50 AM      0.00      0.00      0.00      0.00      3.80      0.00      0.00      0.00      0.00      0.00
11:09:55 AM   1243.20      0.80      2.40      1.20    137.60      0.00      0.00      0.00      0.00      0.00
11:10:00 AM      0.00     32.00      0.00      0.00      3.80      0.00      0.00      0.00      0.00      0.00
11:10:05 AM     22.40    122.40      0.00      0.00      7.20      0.00      0.00      0.00      0.00      0.00
11:10:10 AM     12.00      4.00      3.00      3.00     15.80      0.00      0.00      0.00      0.00      0.00
11:10:15 AM      0.00      7.20      0.00      0.00     17.00      0.00      0.00      0.00      0.00      0.00
11:10:20 AM      0.00      0.00      0.00      0.00      4.00      0.00      0.00      0.00      0.00      0.00
11:10:25 AM     20.80      0.00      1.40      1.00      3.80      0.00      0.00      0.00      0.00      0.00
11:10:30 AM      0.00      0.00      0.00      0.00      4.00      0.00      0.00      0.00      0.00      0.00
11:10:35 AM      8.00     32.00      2.00      2.00      0.60      0.00      0.00      0.00      0.00      0.00
11:10:40 AM     12.80     85.60      0.00      0.00      4.40      0.00      0.00      0.00      0.00      0.00
11:10:45 AM      0.00      4.00      0.00      0.00      4.00      0.00      0.00      0.00      0.00      0.00
11:10:50 AM      0.00     12.80      0.00      0.00     24.60      0.00      0.00      0.00      0.00      0.00
11:10:55 AM      0.00      0.00      0.00      0.00      3.80      0.00      0.00      0.00      0.00      0.00
11:11:00 AM     10.40      0.00      2.60      2.60      3.80      0.00      0.00      0.00      0.00      0.00
11:11:05 AM      0.00      0.00      0.20      0.00      0.80      0.00      0.00      0.00      0.00      0.00
11:11:10 AM      0.00     32.00      0.00      0.00      3.80      0.00      0.00      0.00      0.00      0.00
11:11:15 AM     19.20    104.80      0.00      0.00    106.40      0.00      0.00      0.00      0.00      0.00
11:11:20 AM      0.00      3.20      0.00      0.00      3.80      0.00      0.00      0.00      0.00      0.00
11:11:25 AM      0.80      0.00      1.20      0.20      5.60      0.00      0.00      0.00      0.00      0.00
11:11:30 AM      0.00      0.00      0.40      0.00      5.60      0.00      0.00      0.00      0.00      0.00
11:11:35 AM      0.00      0.00      0.00      0.00      0.80      0.00      0.00      0.00      0.00      0.00
11:11:40 AM      0.00      0.00      0.00      0.00     14.40      0.00      0.00      0.00      0.00      0.00
11:11:45 AM    432.80     33.60      3.80      1.60     28.60      0.00      0.00      0.00      0.00      0.00
11:11:50 AM     85.60     86.40      1.80      0.60     22.60      0.00      0.00      0.00      0.00      0.00
11:11:55 AM     94.40     19.20     10.80      0.60      9.80      0.00      0.00      0.00      0.00      0.00
11:12:00 AM      6.40      0.00      0.00      0.00      4.40      0.00      0.00      0.00      0.00      0.00
11:12:05 AM      0.00      0.00      0.60      0.00      1.40      0.00      0.00      0.00      0.00      0.00
11:12:10 AM      0.00      0.00      0.00      0.00     31.00      0.00      0.00      0.00      0.00      0.00
11:12:15 AM      0.80      0.00      0.20      0.20     23.80      0.00      0.00      0.00      0.00      0.00
11:12:20 AM     25.60    200.80      0.00      0.00      4.60      0.00      0.00      0.00      0.00      0.00
11:12:25 AM     18.40     23.20      0.60      0.60     14.00      0.00      0.00      0.00      0.00      0.00
11:12:30 AM      0.00      4.80      0.00      0.00      4.00      0.00      0.00      0.00      0.00      0.00
11:12:35 AM      0.00      0.00      0.00      0.00      0.80      0.00      0.00      0.00      0.00      0.00
11:12:40 AM      0.00      0.00      0.00      0.00      4.20      0.00      0.00      0.00      0.00      0.00
11:12:45 AM      0.00      0.80      0.00      0.00     25.40      0.00      0.00      0.00      0.00      0.00
11:12:50 AM    287.20     33.60      0.20      0.20     67.40      0.00      0.00      0.00      0.00      0.00
11:12:55 AM     28.80    124.00      0.40      0.00      9.20      0.00      0.00      0.00      0.00      0.00
11:13:00 AM    402.40      0.80      1.60      1.00     32.40      0.00      0.00      0.00      0.00      0.00
11:13:05 AM      0.80      5.60      1.60      0.20     11.40      0.00      0.00      0.00      0.00      0.00
11:13:10 AM      0.00      1.60      0.00      0.00     29.60      0.00      0.00      0.00      0.00      0.00
11:13:15 AM      0.80      0.00      0.40      0.20      3.80      0.00      0.00      0.00      0.00      0.00
11:13:20 AM    331.20     20.00      4.20      1.20     37.80      0.00      0.00      0.00      0.00      0.00
11:13:25 AM    700.00     32.00     15.80      6.60     11.00      0.00      0.00      0.00      0.00      0.00
11:13:30 AM   1741.60      0.00    320.60     21.80    194.20      0.00      0.00      0.00      0.00      0.00
11:13:35 AM     22.40    111.20      0.40      0.00      1.00      0.00      0.00      0.00      0.00      0.00
11:13:40 AM      0.00      4.80      0.00      0.00      4.00      0.00      0.00      0.00      0.00      0.00
11:13:45 AM      0.00      0.00      0.00      0.00      3.80      0.00      0.00      0.00      0.00      0.00
11:13:50 AM      0.00      0.00      0.00      0.00      4.00      0.00      0.00      0.00      0.00      0.00
11:13:55 AM      0.00      0.00      0.00      0.00      4.00      0.00      0.00      0.00      0.00      0.00
11:14:00 AM      0.00      0.00      0.00      0.00      3.80      0.00      0.00      0.00      0.00      0.00
11:14:05 AM      0.00     32.00      0.00      0.00      0.80      0.00      0.00      0.00      0.00      0.00
11:14:10 AM      0.00     85.60      0.00      0.00      6.20      0.00      0.00      0.00      0.00      0.00
11:14:15 AM      0.00      4.00      0.00      0.00      4.00      0.00      0.00      0.00      0.00      0.00
11:14:20 AM      0.00      0.00      0.00      0.00      3.80      0.00      0.00      0.00      0.00      0.00
11:14:25 AM      0.00      0.00      1.40      0.00      4.00      0.00      0.00      0.00      0.00      0.00
11:14:30 AM      0.00      0.00      0.00      0.00      3.80      0.00      0.00      0.00      0.00      0.00
11:14:35 AM      0.00      0.00      0.00      0.00      0.60      0.00      0.00      0.00      0.00      0.00
11:14:40 AM      0.00     32.00      0.00      0.00      4.00      0.00      0.00      0.00      0.00      0.00
11:14:45 AM      0.00    104.80      0.00      0.00      3.80      0.00      0.00      0.00      0.00      0.00
11:14:50 AM      0.00      4.80      0.00      0.00      4.00      0.00      0.00      0.00      0.00      0.00
11:14:55 AM      0.00      0.00      0.00      0.00      4.00      0.00      0.00      0.00      0.00      0.00
11:15:00 AM      0.00      0.00      0.00      0.00      4.00      0.00      0.00      0.00      0.00      0.00
11:15:05 AM      0.00      0.00      0.00      0.00      0.60      0.00      0.00      0.00      0.00      0.00
11:15:10 AM      0.00      0.00      0.00      0.00      3.80      0.00      0.00      0.00      0.00      0.00
11:15:15 AM      0.00     32.00      0.00      0.00      4.00      0.00      0.00      0.00      0.00      0.00
11:15:20 AM      0.00     85.60      0.00      0.00      3.80      0.00      0.00      0.00      0.00      0.00
11:15:25 AM      0.00      4.00      0.20      0.00      4.00      0.00      0.00      0.00      0.00      0.00
11:15:30 AM      0.00      0.00      0.00      0.00      3.80      0.00      0.00      0.00      0.00      0.00
11:15:35 AM      0.00      0.00      0.00      0.00      0.80      0.00      0.00      0.00      0.00      0.00
11:15:40 AM      0.00      0.00      0.00      0.00      3.80      0.00      0.00      0.00      0.00      0.00
11:15:45 AM      0.00      0.00      0.00      0.00      4.00      0.00      0.00      0.00      0.00      0.00
11:15:50 AM      0.00     32.00      0.00      0.00      3.80      0.00      0.00      0.00      0.00      0.00
11:15:55 AM      0.00    104.80      0.00      0.00      4.00      0.00      0.00      0.00      0.00      0.00
11:16:00 AM      0.00      4.80      0.00      0.00      4.00      0.00      0.00      0.00      0.00      0.00
11:16:05 AM      0.00      0.00      0.00      0.00      0.60      0.00      0.00      0.00      0.00      0.00
11:16:10 AM      0.00      0.00      0.40      0.00      4.00      0.00      0.00      0.00      0.00      0.00
11:16:15 AM      0.00      0.00      0.00      0.00      3.80      0.00      0.00      0.00      0.00      0.00
11:16:20 AM      0.00      0.00      0.00      0.00      4.00      0.00      0.00      0.00      0.00      0.00
11:16:25 AM      0.00     32.00      0.00      0.00      3.80      0.00      0.00      0.00      0.00      0.00
11:16:30 AM      0.00     85.60      0.00      0.00      4.00      0.00      0.00      0.00      0.00      0.00
11:16:35 AM      0.00      5.60      0.00      0.00      0.60      0.00      0.00      0.00      0.00      0.00
11:16:40 AM      0.00      0.00      0.00      0.00      3.80      0.00      0.00      0.00      0.00      0.00
11:16:45 AM      0.00      0.00      0.00      0.00      4.40      0.00      0.00      0.00      0.00      0.00
11:16:50 AM      0.00      0.00      0.00      0.00      4.80      0.00      0.00      0.00      0.00      0.00
11:16:55 AM     16.00     29.60      9.80      0.00      6.00      0.00      0.00      0.00      0.00      0.00
11:17:00 AM      6.40     64.00      0.20      0.00      4.20      0.00      0.00      0.00      0.00      0.00
11:17:05 AM      0.00    136.80      0.00      0.00      1.20      0.00      0.00      0.00      0.00      0.00
11:17:10 AM      0.00      4.00      0.00      0.00      4.20      0.00      0.00      0.00      0.00      0.00
11:17:15 AM      0.00      0.00      0.00      0.00      4.20      0.00      0.00      0.00      0.00      0.00
11:17:20 AM      0.00      0.00      0.00      0.00      4.00      0.00      0.00      0.00      0.00      0.00
11:17:25 AM      6.40     24.80      0.00      0.00      4.00      0.00      0.00      0.00      0.00      0.00
11:17:30 AM      0.00     64.00      0.00      0.00      4.00      0.00      0.00      0.00      0.00      0.00
11:17:35 AM      0.00      0.00      0.00      0.00      0.60      0.00      0.00      0.00      0.00      0.00
11:17:40 AM      6.40    124.00      0.00      0.00      4.60      0.00      0.00      0.00      0.00      0.00
11:17:45 AM      0.00      4.80      0.00      0.00      3.80      0.00      0.00      0.00      0.00      0.00
11:17:50 AM      0.00      0.00      0.00      0.00      4.00      0.00      0.00      0.00      0.00      0.00
11:17:55 AM      0.00      0.00      0.00      0.00      4.00      0.00      0.00      0.00      0.00      0.00
11:18:00 AM      0.00      0.00      0.00      0.00      3.80      0.00      0.00      0.00      0.00      0.00
11:18:05 AM      0.00      0.00      0.00      0.00      0.80      0.00      0.00      0.00      0.00      0.00
11:18:10 AM      0.00     32.00      0.00      0.00      3.80      0.00      0.00      0.00      0.00      0.00
11:18:15 AM      6.40    130.40      0.00      0.00      4.00      0.00      0.00      0.00      0.00      0.00
11:18:20 AM      0.00      4.00      0.00      0.00      7.20      0.00      0.00      0.00      0.00      0.00
11:18:25 AM    238.40      0.00    332.40      8.80    186.80      0.00      0.00      0.00      0.00      0.00
11:18:30 AM      0.00      0.00      0.00      0.00      9.00      0.00      0.00      0.00      0.00      0.00
11:18:35 AM      0.00      0.00      0.00      0.00      0.80      0.00      0.00      0.00      0.00      0.00
11:18:40 AM      0.00      0.00      0.00      0.00      3.80      0.00      0.00      0.00      0.00      0.00
11:18:45 AM      0.00     51.20      0.00      0.00      3.80      0.00      0.00      0.00      0.00      0.00
11:18:50 AM      0.00    110.98    280.24      0.00    214.77      0.00      0.00      0.00      0.00      0.00
11:18:55 AM      0.00     47.20      0.00      0.00      3.80      0.00      0.00      0.00      0.00      0.00
11:19:00 AM      0.00      0.00      0.00      0.00      4.20      0.00      0.00      0.00      0.00      0.00
11:19:05 AM      0.00      0.00      0.00      0.00      0.60      0.00      0.00      0.00      0.00      0.00
11:19:10 AM      0.00      0.00      0.00      0.00      4.00      0.00      0.00      0.00      0.00      0.00
11:19:15 AM      0.00      0.00      0.20      0.00      3.80      0.00      0.00      0.00      0.00      0.00
11:19:20 AM      0.00     32.00      0.00      0.00      4.00      0.00      0.00      0.00      0.00      0.00
11:19:25 AM      0.00    124.00      0.20      0.00      3.80      0.00      0.00      0.00      0.00      0.00
11:19:30 AM      0.00      4.00      0.00      0.00      3.80      0.00      0.00      0.00      0.00      0.00
11:19:35 AM      0.00      0.00      0.00      0.00      0.80      0.00      0.00      0.00      0.00      0.00
11:19:40 AM      0.00      0.00      0.00      0.00    210.20      0.00      0.00      0.00      0.00      0.00
11:19:45 AM      0.00      0.00      0.00      0.00      4.00      0.00      0.00      0.00      0.00      0.00
11:19:50 AM      0.00      0.00      0.00      0.00      3.80      0.00      0.00      0.00      0.00      0.00
11:19:55 AM      0.00     32.00      0.00      0.00      4.00      0.00      0.00      0.00      0.00      0.00
11:20:00 AM      0.00     85.60      0.60      0.00      4.00      0.00      0.00      0.00      0.00      0.00
11:20:05 AM      0.00      4.00      0.00      0.00      0.80      0.00      0.00      0.00      0.00      0.00
11:20:10 AM      0.00      0.00      0.00      0.00      3.80      0.00      0.00      0.00      0.00      0.00
11:20:15 AM      0.00      0.00      0.00      0.00      3.80      0.00      0.00      0.00      0.00      0.00
11:20:20 AM      0.00      0.00      0.80      0.00      4.00      0.00      0.00      0.00      0.00      0.00
11:20:25 AM      0.00      0.00      0.40      0.00      3.80      0.00      0.00      0.00      0.00      0.00
11:20:30 AM      0.00     32.00      0.00      0.00      4.00      0.00      0.00      0.00      0.00      0.00
11:20:35 AM      0.00    104.80      0.00      0.00      0.60      0.00      0.00      0.00      0.00      0.00
11:20:40 AM      0.00      5.60      0.00      0.00      4.00      0.00      0.00      0.00      0.00      0.00
11:20:45 AM      0.00      0.00      0.00      0.00      3.80      0.00      0.00      0.00      0.00      0.00
11:20:50 AM      0.00      0.00      0.00      0.00      3.80      0.00      0.00      0.00      0.00      0.00
11:20:55 AM      0.00      0.00      0.00      0.00      4.00      0.00      0.00      0.00      0.00      0.00
11:21:00 AM      0.00      0.00      0.00      0.00      4.00      0.00      0.00      0.00      0.00      0.00
11:21:05 AM      0.00     32.00      0.00      0.00      0.80      0.00      0.00      0.00      0.00      0.00
11:21:10 AM      0.00     85.60      0.00      0.00      3.80      0.00      0.00      0.00      0.00      0.00
11:21:15 AM      0.00      5.60      0.00      0.00      4.00      0.00      0.00      0.00      0.00      0.00
11:21:20 AM      0.00      0.00      0.00      0.00      4.60      0.00      0.00      0.00      0.00      0.00
11:21:25 AM      0.00      0.00      0.00      0.00      4.00      0.00      0.00      0.00      0.00      0.00
11:21:30 AM      0.00      0.00      0.00      0.00      3.80      0.00      0.00      0.00      0.00      0.00
11:21:35 AM      0.00      0.00      0.00      0.00      0.80      0.00      0.00      0.00      0.00      0.00
11:21:40 AM      0.00     32.00      0.00      0.00      4.00      0.00      0.00      0.00      0.00      0.00
11:21:45 AM      0.00    104.80      0.00      0.00      4.20      0.00      0.00      0.00      0.00      0.00
11:21:50 AM      0.00      4.00      0.00      0.00      5.00      0.00      0.00      0.00      0.00      0.00
11:21:55 AM      0.00     51.20      6.00      0.00      4.80      0.00      0.00      0.00      0.00      0.00
11:22:00 AM      0.00     14.40      6.00      0.00      4.40      0.00      0.00      0.00      0.00      0.00
11:22:05 AM      0.00      0.00      0.20      0.00      2.00      0.00      0.00      0.00      0.00      0.00
11:22:10 AM      0.00      0.00      0.00      0.00      4.20      0.00      0.00      0.00      0.00      0.00
11:22:15 AM      0.00     64.00      0.00      0.00      4.40      0.00      0.00      0.00      0.00      0.00
11:22:20 AM      0.00    124.00      0.00      0.00      3.80      0.00      0.00      0.00      0.00      0.00
11:22:25 AM      0.00     28.00      0.00      0.00      4.00      0.00      0.00      0.00      0.00      0.00
11:22:30 AM      0.00      0.00      0.00      0.00      3.80      0.00      0.00      0.00      0.00      0.00
11:22:35 AM      0.00      0.00      0.00      0.00      0.80      0.00      0.00      0.00      0.00      0.00
11:22:40 AM      0.00      0.00      0.00      0.00      4.20      0.00      0.00      0.00      0.00      0.00
11:22:45 AM      0.00     51.20      0.00      0.00      4.00      0.00      0.00      0.00      0.00      0.00
11:22:50 AM      0.00      0.00      0.00      0.00      3.80      0.00      0.00      0.00      0.00      0.00
11:22:55 AM      0.00    111.20      0.00      0.00      4.00      0.00      0.00      0.00      0.00      0.00
11:23:00 AM      0.00      4.00      0.00      0.00      3.80      0.00      0.00      0.00      0.00      0.00
11:23:05 AM      0.00      0.00      0.00      0.00      0.80      0.00      0.00      0.00      0.00      0.00
11:23:10 AM      0.00      0.00      0.00      0.00      4.00      0.00      0.00      0.00      0.00      0.00
11:23:15 AM      0.00      0.00      0.00      0.00      3.80      0.00      0.00      0.00      0.00      0.00
11:23:20 AM      0.00      0.00      0.00      0.00      7.20      0.00      0.00      0.00      0.00      0.00
11:23:25 AM      0.00     32.00      0.00      0.00      4.00      0.00      0.00      0.00      0.00      0.00
11:23:30 AM      0.00     85.60      0.00      0.00      4.00      0.00      0.00      0.00      0.00      0.00
11:23:35 AM      0.00      4.80      0.00      0.00      0.60      0.00      0.00      0.00      0.00      0.00
11:23:40 AM      0.00      0.00      0.00      0.00      4.00      0.00      0.00      0.00      0.00      0.00
11:23:45 AM      0.00      0.00      0.00      0.00      3.80      0.00      0.00      0.00      0.00      0.00
11:23:50 AM      0.00      0.00    281.60      0.00    211.40      0.00      0.00      0.00      0.00      0.00
11:23:55 AM      0.00      0.00      0.00      0.00      4.00      0.00      0.00      0.00      0.00      0.00
11:24:00 AM      0.00     32.00      0.00      0.00      3.80      0.00      0.00      0.00      0.00      0.00
11:24:05 AM      3.20    117.60      0.00      0.00      3.60      0.00      0.00      0.00      0.00      0.00
11:24:10 AM      0.00      6.40      0.00      0.00      4.60      0.00      0.00      0.00      0.00      0.00
11:24:15 AM      0.00      0.00      0.00      0.00      4.20      0.00      0.00      0.00      0.00      0.00
11:24:20 AM      0.00      0.00      0.00      0.00      3.80      0.00      0.00      0.00      0.00      0.00
11:24:25 AM      0.00      0.00      0.00      0.00      3.80      0.00      0.00      0.00      0.00      0.00
11:24:30 AM      0.00      0.00      0.00      0.00      4.00      0.00      0.00      0.00      0.00      0.00
11:24:35 AM      0.00     32.00      0.00      0.00      0.60      0.00      0.00      0.00      0.00      0.00
11:24:40 AM      3.20    104.80      0.00      0.00      9.00      0.00      0.00      0.00      0.00      0.00
11:24:45 AM      0.00      4.00      0.00      0.00      5.40      0.00      0.00      0.00      0.00      0.00
11:24:50 AM      0.00      0.00      0.00      0.00      4.00      0.00      0.00      0.00      0.00      0.00
11:24:55 AM      0.00      0.00      0.00      0.00      3.80      0.00      0.00      0.00      0.00      0.00
11:25:00 AM      0.00      0.00      0.00      0.00      4.00      0.00      0.00      0.00      0.00      0.00
11:25:05 AM      0.00      0.00      0.00      0.00    206.40      0.00      0.00      0.00      0.00      0.00
11:25:10 AM      0.00     32.00      0.00      0.00      3.80      0.00      0.00      0.00      0.00      0.00
11:25:15 AM      0.00    111.20      0.00      0.00      7.80      0.00      0.00      0.00      0.00      0.00
11:25:20 AM      0.00      4.80      0.00      0.00      5.20      0.00      0.00      0.00      0.00      0.00
11:25:25 AM      0.00      0.00      0.00      0.00      4.00      0.00      0.00      0.00      0.00      0.00
11:25:30 AM      0.00      0.00      0.00      0.00      3.80      0.00      0.00      0.00      0.00      0.00
11:25:35 AM      0.00      0.00      0.00      0.00      0.80      0.00      0.00      0.00      0.00      0.00
11:25:40 AM      0.00      0.00      0.00      0.00      4.60      0.00      0.00      0.00      0.00      0.00
11:25:45 AM      0.00     32.00      0.00      0.00      4.00      0.00      0.00      0.00      0.00      0.00
11:25:50 AM      0.00     85.60      0.00      0.00      4.40      0.00      0.00      0.00      0.00      0.00
11:25:55 AM      0.00      4.00      0.00      0.00      3.80      0.00      0.00      0.00      0.00      0.00
11:26:00 AM      0.00      0.00      0.00      0.00      4.00      0.00      0.00      0.00      0.00      0.00
11:26:05 AM      0.00      0.00      0.00      0.00      0.60      0.00      0.00      0.00      0.00      0.00
11:26:10 AM      0.00      0.00      0.00      0.00      4.20      0.00      0.00      0.00      0.00      0.00
11:26:15 AM      0.00      0.00      0.00      0.00      3.80      0.00      0.00      0.00      0.00      0.00
11:26:20 AM      0.00     32.00      0.00      0.00      4.20      0.00      0.00      0.00      0.00      0.00
11:26:25 AM      0.00    111.20      0.00      0.00      5.60      0.00      0.00      0.00      0.00      0.00
11:26:30 AM      0.00      4.80      0.00      0.00      4.80      0.00      0.00      0.00      0.00      0.00
11:26:35 AM      0.00      0.00      0.00      0.00      0.60      0.00      0.00      0.00      0.00      0.00
11:26:40 AM      0.00      0.00      0.00      0.00      3.80      0.00      0.00      0.00      0.00      0.00
11:26:45 AM      0.00      0.00      0.00      0.00      5.20      0.00      0.00      0.00      0.00      0.00
11:26:50 AM      0.00      0.00      0.00      0.00      4.80      0.00      0.00      0.00      0.00      0.00
11:26:55 AM      0.00     32.00      6.00      0.00      5.40      0.00      0.00      0.00      0.00      0.00
11:27:00 AM      0.00    186.40      6.20      0.00     10.40      0.00      0.00      0.00      0.00      0.00
11:27:05 AM      0.00      4.80      1.00      0.00      2.00      0.00      0.00      0.00      0.00      0.00
11:27:10 AM      0.00      0.00      0.00      0.00      4.40      0.00      0.00      0.00      0.00      0.00
11:27:15 AM      0.00      0.00      0.00      0.00      4.20      0.00      0.00      0.00      0.00      0.00
11:27:20 AM      0.00      0.00      0.00      0.00      4.00      0.00      0.00      0.00      0.00      0.00
11:27:25 AM      0.00     87.20      0.00      0.00      3.80      0.00      0.00      0.00      0.00      0.00
11:27:30 AM      0.00    136.80      0.00      0.00      4.20      0.00      0.00      0.00      0.00      0.00
11:27:35 AM      0.00      0.00      0.00      0.00      0.60      0.00      0.00      0.00      0.00      0.00
11:27:40 AM      0.00      4.00      0.00      0.00      4.40      0.00      0.00      0.00      0.00      0.00
11:27:45 AM      0.00      0.00      0.00      0.00      3.80      0.00      0.00      0.00      0.00      0.00
11:27:50 AM      0.00      0.00      0.00      0.00      4.00      0.00      0.00      0.00      0.00      0.00
11:27:55 AM      0.00      0.00      0.00      0.00      3.80      0.00      0.00      0.00      0.00      0.00
11:28:00 AM      0.00      0.00      0.00      0.00      3.80      0.00      0.00      0.00      0.00      0.00
11:28:05 AM      0.00     32.00      0.00      0.00      0.80      0.00      0.00      0.00      0.00      0.00
11:28:10 AM      0.00     85.60      0.00      0.00      4.00      0.00      0.00      0.00      0.00      0.00
11:28:15 AM      0.00      5.60      0.00      0.00      4.00      0.00      0.00      0.00      0.00      0.00
11:28:20 AM      0.00      0.00      0.00      0.00      7.60      0.00      0.00      0.00      0.00      0.00
11:28:25 AM      0.00      0.00      0.00      0.00      4.00      0.00      0.00      0.00      0.00      0.00
11:28:30 AM      0.00      0.00      0.00      0.00      3.80      0.00      0.00      0.00      0.00      0.00
11:28:35 AM      0.00      0.00      0.00      0.00      0.80      0.00      0.00      0.00      0.00      0.00
11:28:40 AM      0.00     32.00      0.00      0.00      3.80      0.00      0.00      0.00      0.00      0.00
11:28:45 AM      0.00    104.80      0.00      0.00      4.00      0.00      0.00      0.00      0.00      0.00
11:28:50 AM      0.00      4.80    281.60      0.00    210.80      0.00      0.00      0.00      0.00      0.00
11:28:55 AM      0.00      0.00      0.00      0.00      3.80      0.00      0.00      0.00      0.00      0.00
11:29:00 AM      0.00      0.00      0.00      0.00      4.00      0.00      0.00      0.00      0.00      0.00
11:29:05 AM      0.00      0.00      0.00      0.00      0.60      0.00      0.00      0.00      0.00      0.00
11:29:10 AM      0.00      0.00      0.00      0.00      4.00      0.00      0.00      0.00      0.00      0.00
11:29:15 AM      0.00     32.00      0.00      0.00      4.00      0.00      0.00      0.00      0.00      0.00
11:29:20 AM      0.00     85.60      0.00      0.00      5.00      0.00      0.00      0.00      0.00      0.00
11:29:25 AM      0.00      4.00      0.00      0.00      4.20      0.00      0.00      0.00      0.00      0.00
11:29:30 AM      0.00      0.00      0.00      0.00      3.80      0.00      0.00      0.00      0.00      0.00
11:29:35 AM      0.00      0.00      0.00      0.00      0.80      0.00      0.00      0.00      0.00      0.00
11:29:40 AM      0.00      0.00      0.00      0.00      3.80      0.00      0.00      0.00      0.00      0.00
11:29:45 AM      0.00      0.00      0.00      0.00      4.00      0.00      0.00      0.00      0.00      0.00
11:29:50 AM      0.00     32.00      0.00      0.00      3.80      0.00      0.00      0.00      0.00      0.00
11:29:55 AM      0.00    104.80      0.00      0.00      5.80      0.00      0.00      0.00      0.00      0.00
11:30:00 AM      0.00      4.80      0.00      0.00      6.20      0.00      0.00      0.00      0.00      0.00
11:30:05 AM      0.00      0.00      0.00      0.00      0.60      0.00      0.00      0.00      0.00      0.00
11:30:10 AM      0.00      0.00      0.00      0.00      4.00      0.00      0.00      0.00      0.00      0.00
11:30:15 AM      0.00      0.00      0.00      0.00      4.00      0.00      0.00      0.00      0.00      0.00
11:30:20 AM      0.00      0.00      0.00      0.00      4.00      0.00      0.00      0.00      0.00      0.00
11:30:25 AM      0.00     32.00      0.00      0.00      3.80      0.00      0.00      0.00      0.00      0.00
11:30:30 AM      0.00     85.60      0.00      0.00     13.60      0.00      0.00      0.00      0.00      0.00
11:30:35 AM      0.00      4.00      0.00      0.00      3.80      0.00      0.00      0.00      0.00      0.00
11:30:40 AM      0.00      0.00      0.00      0.00      4.00      0.00      0.00      0.00      0.00      0.00
11:30:45 AM      0.00      0.00      0.00      0.00      3.80      0.00      0.00      0.00      0.00      0.00
11:30:50 AM      0.00      0.00      0.40      0.00      3.80      0.00      0.00      0.00      0.00      0.00
11:30:55 AM      0.00      0.00      0.00      0.00      4.00      0.00      0.00      0.00      0.00      0.00
11:31:00 AM      0.00     32.00      0.00      0.00      3.80      0.00      0.00      0.00      0.00      0.00
11:31:05 AM      0.00    104.80      0.00      0.00     13.60      0.00      0.00      0.00      0.00      0.00
11:31:10 AM      0.00      4.00      0.00      0.00      7.80      0.00      0.00      0.00      0.00      0.00
11:31:15 AM      0.00      0.00      0.00      0.00      4.20      0.00      0.00      0.00      0.00      0.00
11:31:20 AM      0.00      0.00      0.00      0.00      3.80      0.00      0.00      0.00      0.00      0.00
11:31:25 AM      0.00      0.00      0.00      0.00      4.00      0.00      0.00      0.00      0.00      0.00
11:31:30 AM      0.00      0.00      0.00      0.00      3.80      0.00      0.00      0.00      0.00      0.00
11:31:35 AM      0.00     32.00      0.00      0.00      0.60      0.00      0.00      0.00      0.00      0.00
11:31:40 AM      0.00     85.60      0.00      0.00     14.40      0.00      0.00      0.00      0.00      0.00
11:31:45 AM      0.00      7.20      0.00      0.00      8.20      0.00      0.00      0.00      0.00      0.00
11:31:50 AM      0.00      0.00      0.20      0.00      5.00      0.00      0.00      0.00      0.00      0.00
11:31:55 AM      0.00      0.00      6.00      0.00      6.40      0.00      0.00      0.00      0.00      0.00
11:32:00 AM      0.00     40.80      6.60      0.00      8.40      0.00      0.00      0.00      0.00      0.00
11:32:05 AM      0.00      0.00      0.40      0.00      1.00      0.00      0.00      0.00      0.00      0.00
11:32:10 AM      0.00     64.00      0.00      0.00      4.40      0.00      0.00      0.00      0.00      0.00
11:32:15 AM      0.00    130.14      0.00      0.00     22.55      0.00      0.00      0.00      0.00      0.00
11:32:20 AM      0.00      4.00      0.00      0.00      9.60      0.00      0.00      0.00      0.00      0.00
11:32:25 AM      0.00     23.20      0.00      0.00      4.00      0.00      0.00      0.00      0.00      0.00
11:32:30 AM      0.00      0.00      0.00      0.00      4.20      0.00      0.00      0.00      0.00      0.00
11:32:35 AM      0.00      0.00      0.00      0.00      0.80      0.00      0.00      0.00      0.00      0.00
11:32:40 AM      0.00      0.00      0.00      0.00      3.80      0.00      0.00      0.00      0.00      0.00
11:32:45 AM      0.00    117.60      0.00      0.00     11.20      0.00      0.00      0.00      0.00      0.00
11:32:50 AM      0.00      0.00      0.00      0.00      3.80      0.00      0.00      0.00      0.00      0.00
11:32:55 AM      0.00      4.80      0.00      0.00      8.00      0.00      0.00      0.00      0.00      0.00
11:33:00 AM      0.00      0.00      0.00      0.00      3.80      0.00      0.00      0.00      0.00      0.00
11:33:05 AM      0.00      0.00      0.00      0.00      0.60      0.00      0.00      0.00      0.00      0.00
11:33:10 AM      0.00      0.00      0.00      0.00      4.00      0.00      0.00      0.00      0.00      0.00
11:33:15 AM      0.00      0.00      0.00      0.00      3.80      0.00      0.00      0.00      0.00      0.00
11:33:20 AM      0.00      0.00      0.00      0.00      7.60      0.00      0.00      0.00      0.00      0.00
11:33:25 AM      0.00    136.80      0.00      0.00     16.60      0.00      0.00      0.00      0.00      0.00
11:33:30 AM      0.00      4.00      0.00      0.00      8.00      0.00      0.00      0.00      0.00      0.00
11:33:35 AM      0.00      0.00      0.00      0.00      1.40      0.00      0.00      0.00      0.00      0.00
11:33:40 AM      0.00      0.00      0.00      0.00      3.80      0.00      0.00      0.00      0.00      0.00
11:33:45 AM      0.00      0.00      0.00      0.00      4.00      0.00      0.00      0.00      0.00      0.00
11:33:50 AM      0.00      0.00    283.60      0.00    218.80      0.00      0.00      0.00      0.00      0.00
11:33:55 AM      0.00     32.00      0.00      0.00      4.00      0.00      0.00      0.00      0.00      0.00
11:34:00 AM      0.00     85.60      0.00      0.00     13.40      0.00      0.00      0.00      0.00      0.00
11:34:05 AM      0.00      4.80      0.00      0.00      4.00      0.00      0.00      0.00      0.00      0.00
11:34:10 AM      0.00      0.00      0.00      0.00      3.80      0.00      0.00      0.00      0.00      0.00
11:34:15 AM      0.00      0.00      0.00      0.00      4.00      0.00      0.00      0.00      0.00      0.00
11:34:20 AM      0.00      0.00      0.00      0.00      4.00      0.00      0.00      0.00      0.00      0.00
11:34:25 AM      0.00      0.00      0.00      0.00      3.80      0.00      0.00      0.00      0.00      0.00
11:34:30 AM      0.00     32.00      0.00      0.00      4.00      0.00      0.00      0.00      0.00      0.00
11:34:35 AM      0.00    104.80      0.00      0.00     13.40      0.00      0.00      0.00      0.00      0.00
11:34:40 AM      0.00      4.00      0.00      0.00      8.00      0.00      0.00      0.00      0.00      0.00
11:34:45 AM      0.00      0.00      0.00      0.00      3.80      0.00      0.00      0.00      0.00      0.00
11:34:50 AM      0.00      0.00      0.00      0.00      4.00      0.00      0.00      0.00      0.00      0.00
11:34:55 AM      0.00      0.00      0.00      0.00      3.80      0.00      0.00      0.00      0.00      0.00
11:35:00 AM      0.00      0.00      0.00      0.00      4.00      0.00      0.00      0.00      0.00      0.00
11:35:05 AM      0.00     32.00      0.00      0.00      0.60      0.00      0.00      0.00      0.00      0.00
11:35:10 AM      0.00     85.60      0.00      0.00     14.20      0.00      0.00      0.00      0.00      0.00
11:35:15 AM      0.00      5.60      0.00      0.00      8.00      0.00      0.00      0.00      0.00      0.00
11:35:20 AM      0.00      0.00      0.00      0.00      4.00      0.00      0.00      0.00      0.00      0.00
11:35:25 AM      0.00      0.00      0.00      0.00      4.00      0.00      0.00      0.00      0.00      0.00
11:35:30 AM      0.00      0.00      0.00      0.00      3.80      0.00      0.00      0.00      0.00      0.00
11:35:35 AM      0.00      0.00      0.00      0.00      0.80      0.00      0.00      0.00      0.00      0.00
11:35:40 AM      0.00     32.00      0.00      0.00      3.80      0.00      0.00      0.00      0.00      0.00
11:35:45 AM      0.00    117.60      0.00      0.00     18.40      0.00      0.00      0.00      0.00      0.00
11:35:50 AM      0.00      4.00      0.00      0.00      7.80      0.00      0.00      0.00      0.00      0.00
11:35:55 AM      0.00      0.00      0.00      0.00      3.80      0.00      0.00      0.00      0.00      0.00
11:36:00 AM      0.00      0.00      0.00      0.00      4.80      0.00      0.00      0.00      0.00      0.00
11:36:05 AM      0.00      0.00    544.00      0.00      0.60      0.00      0.00      0.00      0.00      0.00
11:36:10 AM      0.00      0.00      0.00      0.00      4.00      0.00      0.00      0.00      0.00      0.00
11:36:15 AM      0.00     32.00      0.00      0.00      3.80      0.00      0.00      0.00      0.00      0.00
11:36:20 AM      0.00     92.00      0.00      0.00     15.20      0.00      0.00      0.00      0.00      0.00
11:36:25 AM      0.00      4.80      0.00      0.00      8.00      0.00      0.00      0.00      0.00      0.00
11:36:30 AM      0.00      0.00      0.00      0.00      3.80      0.00      0.00      0.00      0.00      0.00
11:36:35 AM      0.00      0.00    399.60      0.00      0.80      0.00      0.00      0.00      0.00      0.00
11:36:40 AM      0.00      0.00      0.00      0.00      3.80      0.00      0.00      0.00      0.00      0.00
11:36:45 AM      0.00      0.00      0.00      0.00      4.40      0.00      0.00      0.00      0.00      0.00
11:36:50 AM      0.00     32.00      0.00      0.00      4.80      0.00      0.00      0.00      0.00      0.00
11:36:55 AM      0.00    111.20      6.00      0.00     20.20      0.00      0.00      0.00      0.00      0.00
11:37:00 AM      0.00     56.80      0.20      0.00     13.80      0.00      0.00      0.00      0.00      0.00
11:37:05 AM    323.20 181876.80  49734.80      4.00  52900.80 266150.40   1788.60  51314.20      0.00      0.00
11:37:10 AM    324.00      0.00      5.00      2.60      6.40      0.00      0.00      0.00      0.00      0.00
11:37:15 AM     64.00      0.00      2.60      2.00      4.00      0.00      0.00      0.00      0.00      0.00
11:37:20 AM      0.00      0.00      0.00      0.00      4.00      0.00      0.00      0.00      0.00      0.00
11:37:25 AM     12.80    181.60      0.00      0.00     13.80      0.00      0.00      0.00      0.00      0.00
11:37:30 AM    101.60      0.00      6.00      5.00      4.80      0.00      0.00      0.00      0.00      0.00
11:37:35 AM     61.60      0.00      1.20      1.00      0.60      0.00      0.00      0.00      0.00      0.00
11:37:40 AM      0.00     27.20      0.00      0.00      6.40      0.00      0.00      0.00      0.00      0.00
11:37:45 AM      0.00      0.00      0.00      0.00      3.80      0.00      0.00      0.00      0.00      0.00
11:37:50 AM      0.00      0.00      0.00      0.00      4.00      0.00      0.00      0.00      0.00      0.00
11:37:55 AM      0.00      0.00      0.00      0.00      3.80      0.00      0.00      0.00      0.00      0.00
11:38:00 AM      0.00      0.00      0.00      0.00      3.80      0.00      0.00      0.00      0.00      0.00
11:38:05 AM 152781.60 171212.80  38195.40  38195.40  42849.20  40998.00    102.40  41100.40      0.00      0.00
11:38:10 AM      0.00  22274.40      0.00      0.00   5542.20      0.00      0.00      0.00      0.00      0.00
11:38:15 AM      0.00      4.80      0.00      0.00      6.40      0.00      0.00      0.00      0.00      0.00
11:38:20 AM     81.60      0.00      1.80      1.40      8.00      0.00      0.00      0.00      0.00      0.00
11:38:25 AM     11.20      0.00      0.20      0.20      4.20      0.00      0.00      0.00      0.00      0.00
11:38:30 AM      0.00      0.00      0.00      0.00      3.80      0.00      0.00      0.00      0.00      0.00
11:38:35 AM 180528.80 134193.60  44899.40  44938.60  37961.20 261338.00   7095.20  37363.60      0.00      0.00
11:38:40 AM   1891.20     32.00      3.20      1.20      3.80      0.00      0.00      0.00      0.00      0.00
11:38:45 AM    127.20     85.60      0.60     28.60    312.40      0.00      0.00      0.00      0.00      0.00
11:38:50 AM      0.00      4.00      0.00      0.00      4.00      0.00      0.00      0.00      0.00      0.00
11:38:55 AM   1889.60      0.00    298.00     71.20    957.40      0.00      0.00      0.00      0.00      0.00
11:39:00 AM      0.00      0.00      0.00      0.00      4.00      0.00      0.00      0.00      0.00      0.00
11:39:05 AM 172553.60 178368.00  43058.00  43093.40  45145.00  47181.00     12.80  44622.40      0.00      0.00
11:39:10 AM     76.00      0.00      0.60      0.40      4.00      0.00      0.00      0.00      0.00      0.00
11:39:15 AM    244.00      0.00     12.40     61.20    619.40      0.00      0.00      0.00      0.00      0.00
11:39:20 AM      0.00    104.80      0.20      0.00      4.60      0.00      0.00      0.00      0.00      0.00
11:39:25 AM    137.60      0.00      0.00     34.40    414.60      0.00      0.00      0.00      0.00      0.00
11:39:30 AM      0.00      0.00      0.00      0.00      3.80      0.00      0.00      0.00      0.00      0.00
11:39:35 AM  20491.20  20208.80   5083.80   5122.80   5518.00   5081.60      0.00   5077.80      0.00      0.00
11:39:40 AM      0.00      0.00      0.00      0.00      3.80      0.00      0.00      0.00      0.00      0.00
11:39:45 AM      0.00      0.00      0.00      0.00      4.00      0.00      0.00      0.00      0.00      0.00
11:39:50 AM    163.20      0.00      0.00     40.80    414.20      0.00      0.00      0.00      0.00      0.00
11:39:55 AM      0.00      0.00      0.00      0.00      4.00      0.00      0.00      0.00      0.00      0.00
11:40:00 AM    148.80      0.00      0.00     37.20    414.20      0.00      0.00      0.00      0.00      0.00
11:40:05 AM 148654.40 134361.60  37232.40  37230.60  33935.60  69432.80  55345.40  33807.60      0.00      0.00
11:40:10 AM     16.80      0.00      3.60      0.00      4.00      0.00      0.00      0.00      0.00      0.00
11:40:15 AM     12.80      0.00      0.60      0.40      4.00      0.00      0.00      0.00      0.00      0.00
11:40:20 AM      0.00      0.00      0.00      0.00      4.00      0.00      0.00      0.00      0.00      0.00
11:40:25 AM      0.00      0.00      0.00      0.00      3.80      0.00      0.00      0.00      0.00      0.00
11:40:30 AM      0.00      0.00      0.00      0.00      4.20      0.00      0.00      0.00      0.00      0.00
11:40:35 AM  83113.60  98065.60  20842.80  20842.40  24613.20  26390.60      0.00  24568.20      0.00      0.00
11:40:40 AM    184.80      0.00      1.00     45.40    517.00      0.00      0.00      0.00      0.00      0.00
11:40:45 AM      0.00      0.00      0.00      0.00      3.80      0.00      0.00      0.00      0.00      0.00
11:40:50 AM     80.00      0.00      0.60     20.00    209.00      0.00      0.00      0.00      0.00      0.00
11:40:55 AM      0.00      0.00      0.00      0.00      4.00      0.00      0.00      0.00      0.00      0.00
11:41:00 AM    204.00      0.00      1.40     51.00   1835.60      0.00      0.00      0.00      0.00      0.00
11:41:05 AM 145984.80 123862.40  36567.40  36565.20  33235.20 240742.60    590.00  33029.40      0.00      0.00
11:41:10 AM      0.00      0.00      0.00      0.00      3.80      0.00      0.00      0.00      0.00      0.00
11:41:15 AM   3619.20  17780.80    234.40    221.20   4468.80   4432.20     12.80   4444.20      0.00      0.00
11:41:20 AM     11.20      0.00      3.00      2.80      5.60      0.00      0.00      0.00      0.00      0.00
11:41:25 AM     56.00      0.00      0.20      0.20      4.00      0.00      0.00      0.00      0.00      0.00
11:41:30 AM      0.00      0.00      0.00      0.00      4.00      0.00      0.00      0.00      0.00      0.00
11:41:35 AM  20458.40   7476.80   5104.00   5103.80   1904.20   2892.80      0.00   1869.20      0.00      0.00
11:41:40 AM      8.80      0.00      2.20      2.20      4.60      0.00      0.00      0.00      0.00      0.00
11:41:45 AM   3034.40    104.80     45.60     28.40     32.60      0.00      0.00      0.00      0.00      0.00
11:41:50 AM    510.40   5116.80     10.40      9.60   1284.20   1406.80      0.00   1279.20      0.00      0.00
11:41:55 AM   2386.40      0.00     15.40      4.40      4.20      0.00      0.00      0.00      0.00      0.00
11:42:00 AM    262.40      0.00     16.40     11.40      5.20      0.00      0.00      0.00      0.00      0.00
11:42:05 AM  46855.20  54201.60  11627.40  11626.60  13651.40  15858.20      0.00  13624.60      0.00      0.00
11:42:10 AM     80.00      0.00      2.20     20.00    209.60      0.00      0.00      0.00      0.00      0.00
11:42:15 AM      0.00      0.00      6.00      0.00      4.00      0.00      0.00      0.00      0.00      0.00
11:42:20 AM    141.60    181.60      1.20     34.00    311.80      0.00      0.00      0.00      0.00      0.00
11:42:25 AM      0.00     28.00      0.00      0.00      4.00      0.00      0.00      0.00      0.00      0.00
11:42:30 AM    947.20      0.00     12.40     49.40    427.20      0.00      0.00      0.00      0.00      0.00
11:42:35 AM 153134.53 150008.78  37987.82  37982.44  39048.10  61318.56     38.92  38967.47      0.00      0.00
11:42:40 AM      1.60      0.00      3.41      0.40      4.01      0.00      0.00      0.00      0.00      0.00
11:42:45 AM      0.00      0.00      0.00      0.00      3.99      0.00      0.00      0.00      0.00      0.00
11:42:50 AM      0.00     32.00      0.00      0.00      3.80      0.00      0.00      0.00      0.00      0.00
11:42:55 AM      0.00    117.60      0.00      0.00      3.80      0.00      0.00      0.00      0.00      0.00
11:43:00 AM      0.00      5.60      0.00      0.00      4.00      0.00      0.00      0.00      0.00      0.00
11:43:05 AM  90796.00  86936.00  22722.00  22721.80  22085.80  23453.80      9.20  21949.20      0.00      0.00
11:43:10 AM      0.00      0.00      0.00      0.00      4.00      0.00      0.00      0.00      0.00      0.00
11:43:15 AM   3995.20      0.00    124.40    105.40      4.80      0.00      0.00      0.00      0.00      0.00
11:43:20 AM   1342.40  20480.00     32.80     20.40   5140.60   5532.20      0.00   5122.60      0.00      0.00
11:43:25 AM      0.00     32.00      0.00      0.00      3.80      0.00      0.00      0.00      0.00      0.00
11:43:30 AM      0.00     85.60      0.00      0.00      4.00      0.00      0.00      0.00      0.00      0.00
11:43:35 AM  79766.40  61723.20  19941.60  19941.60  15537.00  15625.60      0.00  15433.40      0.00      0.00
11:43:40 AM      0.00      0.00      0.00      0.00      3.80      0.00      0.00      0.00      0.00      0.00
11:43:45 AM      0.00      0.00      0.00      0.00      4.00      0.00      0.00      0.00      0.00      0.00
11:43:50 AM      0.00      0.00      0.00      0.00      3.80      0.00      0.00      0.00      0.00      0.00
11:43:55 AM   3554.40   9390.40    309.00     29.00   2873.80   2380.60      0.00   2373.60      0.00      0.00
11:44:00 AM      0.00      0.00      0.00      0.00      3.80      0.00      0.00      0.00      0.00      0.00
11:44:05 AM  90984.00  84540.00  22738.40  22736.20  22163.80  24993.00     96.80  22072.00      0.00      0.00
11:44:10 AM      0.00      0.00      2.20      0.00      4.60      0.00      0.00      0.00      0.00      0.00
11:44:15 AM    177.60      0.00      1.20     44.40    632.20      0.00      0.00      0.00      0.00      0.00
11:44:20 AM     28.80      0.00      7.40      7.40      7.00      0.00      0.00      0.00      0.00      0.00
11:44:25 AM    151.20      0.00      1.40     37.80    516.60      0.00      0.00      0.00      0.00      0.00
11:44:30 AM      0.00      4.80      0.00      0.00      4.00      0.00      0.00      0.00      0.00      0.00
11:44:35 AM  40235.20  37576.80  10003.20  10055.00  10322.80  11021.40      0.00   9469.60      0.00      0.00
11:44:40 AM      0.00      0.00      0.00      0.00      4.00      0.00      0.00      0.00      0.00      0.00
11:44:45 AM    201.60      0.00      0.00     50.40    517.60      0.00      0.00      0.00      0.00      0.00
11:44:50 AM      3.20      0.00      0.80      0.80      4.00      0.00      0.00      0.00      0.00      0.00
11:44:55 AM    258.40      0.00      1.60     64.60   2231.20      0.00      0.00      0.00      0.00      0.00
11:45:00 AM      6.40    136.80      0.00      0.00      4.80      0.00      0.00      0.00      0.00      0.00
11:45:05 AM  94750.40  89355.20  23724.20  23720.40  23369.60 166351.00    283.20  23318.20      0.00      0.00
11:45:10 AM      0.00      0.00      0.00      0.00      3.80      0.00      0.00      0.00      0.00      0.00
11:45:15 AM   2021.60  16872.00    216.80    215.20   4246.20   4326.40      0.00   4228.40      0.00      0.00
11:45:20 AM      2.40      0.00      0.60      0.60      3.80      0.00      0.00      0.00      0.00      0.00
11:45:25 AM      0.00      0.00      0.00      0.00      4.00      0.00      0.00      0.00      0.00      0.00
11:45:30 AM      0.00     32.00      0.00      0.00      3.80      0.00      0.00      0.00      0.00      0.00
11:45:35 AM  10116.80     85.60   2529.20   2529.20     13.20      0.00      0.00      0.00      0.00      0.00
11:45:40 AM      0.00      4.00      0.00      0.00      3.80      0.00      0.00      0.00      0.00      0.00
11:45:45 AM      0.00      0.00      0.00      0.00      4.60      0.00      0.00      0.00      0.00      0.00
11:45:50 AM      0.00      0.00      0.00      0.00      4.00      0.00      0.00      0.00      0.00      0.00
11:45:55 AM      0.80      0.00      0.40      0.20      3.80      0.00      0.00      0.00      0.00      0.00
11:46:00 AM      0.00      0.00      0.00      0.00      4.00      0.00      0.00      0.00      0.00      0.00
11:46:05 AM  69287.20  75100.80  17087.60  17147.20  20646.20  27541.80      0.00  19804.20      0.00      0.00
11:46:10 AM     50.40    104.80      2.80      0.40      5.20      0.00      0.00      0.00      0.00      0.00
11:46:15 AM    242.40      0.00      7.60     60.60   2386.80      0.00      0.00      0.00      0.00      0.00
11:46:20 AM      0.80      0.00      0.20      0.20      4.00      0.00      0.00      0.00      0.00      0.00
11:46:25 AM    288.80      0.00      8.80     72.20   1407.00      0.00      0.00      0.00      0.00      0.00
11:46:30 AM      0.00      0.00      0.00      0.00      3.80      0.00      0.00      0.00      0.00      0.00
11:46:35 AM 103631.20  95683.20  25929.60  25929.40  24681.40  48850.20     12.80  24568.40      0.00      0.00
11:46:40 AM      0.00      5.60      0.00      0.00      3.80      0.00      0.00      0.00      0.00      0.00
11:46:45 AM   5080.80      0.00     48.20     27.60      8.60      0.00      0.00      0.00      0.00      0.00
11:46:50 AM    525.60      0.00     13.00     19.40    107.60      0.00      0.00      0.00      0.00      0.00
11:46:55 AM   2997.60  19794.40     20.80      6.60   4955.60   5730.80      0.00   4951.20      0.00      0.00
11:47:00 AM    146.40      0.00     18.60     12.00      4.80      0.00      0.00      0.00      0.00      0.00
11:47:05 AM  25640.00  18111.20   6368.20   6367.80   4595.80   5885.80      0.00   4529.00      0.00      0.00
11:47:10 AM    100.80    253.60      2.80      1.80      5.00      0.00      0.00      0.00      0.00      0.00
11:47:15 AM    118.40     19.20     45.80     31.80      8.20      0.00      0.00      0.00      0.00      0.00
11:47:20 AM     36.80      0.00      0.40      9.20    106.80      0.00      0.00      0.00      0.00      0.00
11:47:25 AM      0.00     24.00      0.00      0.00      3.80      0.00      0.00      0.00      0.00      0.00
11:47:30 AM    700.80      0.00     16.20     18.20    113.40      0.00      0.00      0.00      0.00      0.00
11:47:35 AM  86290.40  71648.00  21567.80  21566.20  20360.80 176476.40  11187.20  20211.40      0.00      0.00
11:47:40 AM     34.40     64.00      3.60      0.20      4.20      0.00      0.00      0.00      0.00      0.00
11:47:45 AM      6.40    124.00      0.00      0.00      3.80      0.00      0.00      0.00      0.00      0.00
11:47:50 AM    690.40      4.00      0.20      0.20      4.00      0.00      0.00      0.00      0.00      0.00
11:47:55 AM      0.00      0.00      0.00      0.00      3.80      0.00      0.00      0.00      0.00      0.00
11:48:00 AM      0.00      0.00      0.00      0.00      3.80      0.00      0.00      0.00      0.00      0.00
11:48:05 AM  31145.60  38228.00   7740.60   7740.60  10487.20  13543.60      0.00  10389.60      0.00      0.00
11:48:10 AM    232.80      0.00      1.20     58.20    619.40      0.00      0.00      0.00      0.00      0.00
11:48:15 AM    890.40     32.00      5.80      3.00     38.00      0.00      0.00      0.00      0.00      0.00
11:48:20 AM   6615.20    104.80     73.60     74.00    336.40      0.00      0.00      0.00      0.00      0.00
11:48:25 AM     20.00      4.80      3.00      0.40      4.00      0.00      0.00      0.00      0.00      0.00
11:48:30 AM    243.20      0.00      3.60     60.80    619.80      0.00      0.00      0.00      0.00      0.00
11:48:35 AM  35619.20  36511.20   8859.80   8859.80   9161.40  11220.00      0.00   9134.80      0.00      0.00
11:48:40 AM    242.40      0.00      0.00     60.60    619.60      0.00      0.00      0.00      0.00      0.00
11:48:45 AM      0.80      0.00      0.20      0.20      3.80      0.00      0.00      0.00      0.00      0.00
11:48:50 AM    340.80     32.00      2.80     85.20   2725.60      0.00      0.00      0.00      0.00      0.00
11:48:55 AM   2422.40     92.00    333.80     38.40    162.60      0.00      0.00      0.00      0.00      0.00
11:49:00 AM    273.60    354.40      0.00     68.40    809.80      0.00      0.00     87.60      0.00      0.00
11:49:05 AM  62612.80  63880.80  15675.00  15673.00  16157.40  18373.80     13.40  16050.60      0.00      0.00
11:49:10 AM      0.00      0.00      0.00      0.00      4.00      0.00      0.00      0.00      0.00      0.00
11:49:15 AM    640.00      0.00    182.40    170.00     12.80      0.00      0.00      0.00      0.00      0.00
11:49:20 AM      8.00      0.00      2.00      2.00      3.80      0.00      0.00      0.00      0.00      0.00
11:49:25 AM      3.20     32.00      0.00      0.00      4.00      0.00      0.00      0.00      0.00      0.00
11:49:30 AM      0.00    111.20      0.00      0.00      3.80      0.00      0.00      0.00      0.00      0.00
11:49:35 AM  73848.30  67976.05  18464.87  18455.69  18584.63 222389.22  29236.33  18436.13      0.00      0.00
11:49:40 AM     52.91      0.00      8.62      5.01      4.61      0.00      0.00      0.00      0.00      0.00
11:49:45 AM      0.00      0.00      0.00      0.00      4.00      0.00      0.00      0.00      0.00      0.00
11:49:50 AM      7.20      0.00      1.80      1.80      3.80      0.00      0.00      0.00      0.00      0.00
11:49:55 AM      0.00      0.00      0.00      0.00      4.00      0.00      0.00      0.00      0.00      0.00
11:50:00 AM      0.00     32.00      0.00      0.00      3.80      0.00      0.00      0.00      0.00      0.00
11:50:05 AM  24504.80  20335.20   6129.80   6128.80   5097.60   5105.80      0.00   5073.80      0.00      0.00
11:50:10 AM     87.82    414.37      0.80     21.96    311.38      0.00      0.00    102.59      0.00      0.00
11:50:15 AM      0.00      0.00      0.00      0.00      5.40      0.00      0.00      0.00      0.00      0.00
11:50:20 AM      2.40      0.00      0.60      0.60      4.00      0.00      0.00      0.00      0.00      0.00
11:50:25 AM    244.00      0.00      1.00     42.00    414.20      0.00      0.00      0.00      0.00      0.00
11:50:30 AM      1.60      0.00      0.40      0.40      4.00      0.00      0.00      0.00      0.00      0.00
11:50:35 AM  30548.00  31624.80   7595.80   7637.00   9715.00  10907.40      0.00   8310.60      0.00      0.00
11:50:40 AM      0.00  13953.60      7.60      0.00   8614.60   3533.60      0.00   3531.40      0.00      0.00
11:50:45 AM      0.00      4.00      0.00      0.00      4.00      0.00      0.00      0.00      0.00      0.00
11:50:50 AM      0.00      0.00      0.00      0.00      3.80      0.00      0.00      0.00      0.00      0.00
11:50:55 AM      0.00      0.00      0.00      0.00      4.00      0.00      0.00      0.00      0.00      0.00
11:51:00 AM      0.00      0.00      0.00      0.00      3.80      0.00      0.00      0.00      0.00      0.00
11:51:05 AM  87110.40  78876.80  21111.80  21107.40  20823.00  21787.60     19.80  20683.20      0.00      0.00
11:51:10 AM     16.00     32.00      3.80      0.20      3.80      0.00      0.00      0.00      0.00      0.00
11:51:15 AM   3272.80     85.60    227.20    209.00     10.20      0.00      0.00      0.00      0.00      0.00
11:51:20 AM    437.60      4.80      2.80      1.20     18.60      0.00      0.00      0.00      0.00      0.00
11:51:25 AM    184.00      0.00      0.20      0.20      5.60      0.00      0.00      0.00      0.00      0.00
11:51:30 AM    191.20      0.00      7.00      2.00      4.40      0.00      0.00      0.00      0.00      0.00
11:51:35 AM  17552.00  20516.80   4387.00   4386.80   5134.60   5120.00      0.00   5120.00      0.00      0.00
11:51:40 AM      0.00      0.00      0.00      0.00      4.00      0.00      0.00      0.00      0.00      0.00
11:51:45 AM   1518.40      0.00     51.60     33.00     18.80      0.00      0.00      0.00      0.00      0.00
11:51:50 AM     24.00    104.80     15.60     14.80      5.00      0.00      0.00      0.00      0.00      0.00
11:51:55 AM   4517.60      0.00     31.60     13.20      4.40      0.00      0.00      0.00      0.00      0.00
11:52:00 AM    104.00  20480.00     28.40     25.20   5127.00   5120.80      0.00   5120.80      0.00      0.00
11:52:05 AM  85622.40  70665.60  20890.40  20885.80  19002.00  23914.20     90.20  18883.80      0.00      0.00
11:52:10 AM     81.60      4.80     23.60     20.40      6.40      0.00      0.00      0.00      0.00      0.00
11:52:15 AM    347.20     38.40      8.60     69.20    723.20      0.00      0.00      0.00      0.00      0.00
11:52:20 AM     15.20      0.00      4.20      4.20      4.20      0.00      0.00      0.00      0.00      0.00
11:52:25 AM    267.20    136.80      4.00     65.20   1106.20      0.00      0.00      0.00      0.00      0.00
11:52:30 AM   1284.00      0.00     19.20     11.60     30.20      0.00      0.00      0.00      0.00      0.00
11:52:35 AM  38840.80  41235.20   9682.80   9745.00  14023.00  79874.60      0.00  11088.40      0.00      0.00
11:52:40 AM      0.00      0.00      0.00      0.00      3.80      0.00      0.00      0.00      0.00      0.00
11:52:45 AM      0.80      4.00      0.20      0.20      4.20      0.00      0.00      0.00      0.00      0.00
11:52:50 AM      0.80      0.00      0.20      0.20      3.80      0.00      0.00      0.00      0.00      0.00
11:52:55 AM      0.00      0.00      0.00      0.00      3.80      0.00      0.00      0.00      0.00      0.00
11:53:00 AM      0.80      0.00      0.20      0.20      4.00      0.00      0.00      0.00      0.00      0.00
11:53:05 AM  99822.40  78153.60  24963.40  24960.40  21619.20  29441.20     13.00  21498.00      0.00      0.00
11:53:10 AM     16.00      0.00      2.40      0.20      4.00      0.00      0.00      0.00      0.00      0.00
11:53:15 AM   4052.00  13335.20    221.40    202.20   3357.20   5881.60      0.00   3310.80      0.00      0.00
11:53:20 AM   2750.40      4.00     56.40     33.60     11.80      0.00      0.00      0.00      0.00      0.00
11:53:25 AM     10.40      0.00      2.80      2.80      3.80      0.00      0.00      0.00      0.00      0.00
11:53:30 AM    156.00      0.00      2.20      0.80      5.00      0.00      0.00      0.00      0.00      0.00
11:53:35 AM  45410.40  44436.00  11318.40  11317.60  11239.60  33965.80      0.00  11196.40      0.00      0.00
11:53:40 AM      0.00      0.00      0.00      0.00      3.80      0.00      0.00      0.00      0.00      0.00
11:53:45 AM      0.80      0.00      0.20      0.20      4.20      0.00      0.00      0.00      0.00      0.00
11:53:50 AM      0.00     85.60      0.00      0.00      3.80      0.00      0.00      0.00      0.00      0.00
11:53:55 AM   2876.80      0.00    331.60     37.80    192.20      0.00      0.00      0.00      0.00      0.00
11:54:00 AM      0.00      0.00      0.00      0.00      3.80      0.00      0.00      0.00      0.00      0.00
11:54:05 AM  99856.00  94331.20  24972.00  24971.20  24719.40  91587.00     59.60  24507.20      0.00      0.00
11:54:10 AM    277.60      5.60      1.80     69.40    824.80      0.00      0.00      0.00      0.00      0.00
11:54:15 AM      0.00      0.00      0.00      0.00      4.00      0.00      0.00      0.00      0.00      0.00
11:54:20 AM    171.20  20512.00      1.20     42.80   5697.20  11127.60      0.00   5180.40      0.00      0.00
11:54:25 AM      0.00      0.00      0.00      0.00      3.80      0.00      0.00      0.00      0.00      0.00
11:54:30 AM    780.80      0.00      1.80     58.80    722.20      0.00      0.00      0.00      0.00      0.00
11:54:35 AM  87744.00  75016.80  21931.60  21929.60  20183.40  24959.60     95.60  20026.80      0.00      0.00
11:54:40 AM     35.20      0.00      2.00      0.00      4.80      0.00      0.00      0.00      0.00      0.00
11:54:45 AM      3.20      5.60      0.00      0.00      3.80      0.00      0.00      0.00      0.00      0.00
11:54:50 AM      2.40      0.00      0.60      0.60      4.20      0.00      0.00      0.00      0.00      0.00
11:54:55 AM      0.00      0.00      0.00      0.00      3.80      0.00      0.00      0.00      0.00      0.00
11:55:00 AM      0.00      0.00      0.00      0.00      3.80      0.00      0.00      0.00      0.00      0.00
11:55:05 AM  14360.00   2517.60   3578.40   3578.20    649.60    781.40      0.00    624.40      0.00      0.00
11:55:10 AM      0.80      0.00      0.20      0.20      3.80      0.00      0.00      0.00      0.00      0.00
11:55:15 AM   4070.40  16643.20    223.00    203.60   4427.80   5289.40      0.00   4370.00      0.00      0.00
11:55:20 AM     23.20      4.00      0.60      0.40      4.60      0.00      0.00      0.00      0.00      0.00
11:55:25 AM      0.00      0.00      0.00      0.00      4.00      0.00      0.00      0.00      0.00      0.00
11:55:30 AM      0.00      0.00      0.00      0.00      3.80      0.00      0.00      0.00      0.00      0.00
11:55:35 AM  16212.00      0.00   3685.00   3679.00     13.80      0.00      0.00      0.00      0.00      0.00
11:55:40 AM      0.00      0.00      0.00      0.00      3.80      0.00      0.00      0.00      0.00      0.00
11:55:45 AM      0.00     32.00      0.00      0.00      3.80      0.00      0.00      0.00      0.00      0.00
11:55:50 AM      3.20   3092.80      0.00      0.00    770.00   4559.20      0.00    765.80      0.00      0.00
11:55:55 AM      0.00      4.00      0.00      0.00      3.80      0.00      0.00      0.00      0.00      0.00
11:56:00 AM      3.20      0.00      1.20      0.80      4.00      0.00      0.00      0.00      0.00      0.00
11:56:05 AM  64592.80  61089.60  16177.40  16177.40  15547.40  90427.20     15.20  15510.40      0.00      0.00
11:56:10 AM    157.60      0.00      0.80     38.40    414.40      0.00      0.00      0.00      0.00      0.00
11:56:15 AM      0.00      0.00      0.00      0.00      3.80      0.00      0.00      0.00      0.00      0.00
11:56:20 AM    178.40    184.00      1.00     44.60   1120.40   1299.00      0.00    526.60      0.00      0.00
11:56:25 AM    832.00    104.80      0.20      0.20      3.80      0.00      0.00      0.00      0.00      0.00
11:56:30 AM    184.80      0.00      1.00     46.20    516.80      0.00      0.00      0.00      0.00      0.00
11:56:35 AM  83812.80  79420.80  20051.00  20048.00  20910.00  35818.80     11.80  20856.40      0.00      0.00
11:56:40 AM     51.20      4.00      1.00      0.40      4.60      0.00      0.00      0.00      0.00      0.00
11:56:45 AM   3163.20  20480.00     79.40     55.60   5161.60   5122.00      0.00   5122.00      0.00      0.00
11:56:50 AM    513.60      0.00     20.20     17.60      5.00      0.00      0.00      0.00      0.00      0.00
11:56:55 AM   4009.60      0.00     39.20     17.60      5.00      0.00      0.00      0.00      0.00      0.00
11:57:00 AM    201.60      0.00     34.00     29.00      4.60      0.00      0.00      0.00      0.00      0.00
11:57:05 AM  41208.00  27764.00  10199.40  10192.40   7242.80  10494.40      0.00   7141.00      0.00      0.00
11:57:10 AM    153.60  12687.20      0.40      0.40   3136.80   3313.40      0.00   3132.60      0.00      0.00
11:57:15 AM    702.40     28.00    180.60    159.80     17.00      0.00      0.00      0.00      0.00      0.00
11:57:20 AM      1.60      0.00      0.60      0.40      4.20      0.00      0.00      0.00      0.00      0.00
11:57:25 AM     34.40      0.00      2.60      1.80      3.80      0.00      0.00      0.00      0.00      0.00
11:57:30 AM    916.00      0.00     26.60     18.80      6.80      0.00      0.00      0.00      0.00      0.00
11:57:35 AM  63885.83  59477.84  15740.12  15734.73  17499.40  21472.65      0.00  17327.94      0.00      0.00
11:57:40 AM     76.15    201.20     11.02      1.60      4.01      0.00      0.00      0.00      0.00      0.00
11:57:45 AM      1.60      0.00      0.40      0.40      3.80      0.00      0.00      0.00      0.00      0.00
11:57:50 AM    400.00      0.00      0.80      0.80      4.00      0.00      0.00      0.00      0.00      0.00
11:57:55 AM      0.00      0.00      0.00      0.00      4.00      0.00      0.00      0.00      0.00      0.00
11:58:00 AM      0.00      0.00      0.00      0.00      3.80      0.00      0.00      0.00      0.00      0.00
11:58:05 AM   9030.40      0.00   2241.20   2239.80      9.00      0.00      0.00      0.00      0.00      0.00
11:58:10 AM      0.00      4.80      0.00      0.00      3.80      0.00      0.00      0.00      0.00      0.00
11:58:15 AM    404.00     32.00      6.80     63.80    850.60      0.00      0.00      0.00      0.00      0.00
11:58:20 AM   4003.20  11272.00     60.00     34.60   2920.20  18974.60      0.00   2911.40      0.00      0.00
11:58:25 AM    290.40      0.00      2.60     72.60   1144.60      0.00      0.00      0.00      0.00      0.00
11:58:30 AM      0.00      0.00      0.00      0.00      3.80      0.00      0.00      0.00      0.00      0.00
11:58:35 AM 103842.40  97276.00  25918.20  25987.00  25696.00  73850.20     25.60  24602.00      0.00      0.00
11:58:40 AM      1.60     92.00      0.40      0.40      4.00      0.00      0.00      0.00      0.00      0.00
11:58:45 AM      2.40      4.00      1.00      0.60      3.80      0.00      0.00      0.00      0.00      0.00
11:58:50 AM      0.00      0.00      0.00      0.00      4.00      0.00      0.00      0.00      0.00      0.00
11:58:55 AM   2597.21      0.00    333.33     36.93    215.57      0.00      0.00      0.00      0.00      0.00
11:59:00 AM      0.00      0.00      0.00      0.00      4.00      0.00      0.00      0.00      0.00      0.00
11:59:05 AM  92936.80  90933.60  23230.00  23230.20  24747.40  43917.80      0.00  24658.40      0.00      0.00
11:59:10 AM     28.00     32.00      1.20      0.40      4.00      0.00      0.00      0.00      0.00      0.00
11:59:15 AM   4483.20    111.20    233.20    214.00     66.80      0.00      0.00      0.00      0.00      0.00
11:59:20 AM      8.00      4.00      2.20      2.00      3.80      0.00      0.00      0.00      0.00      0.00
11:59:25 AM   1748.80      0.00      7.60      6.40      4.00      0.00      0.00      0.00      0.00      0.00
11:59:30 AM      0.00      0.00      0.00      0.00      3.80      0.00      0.00      0.00      0.00      0.00
11:59:35 AM  32357.60  34448.00   8009.60   8009.40   8838.40  28812.00      0.00   8807.60      0.00      0.00
11:59:40 AM      5.60      0.00      1.40      1.40      4.20      0.00      0.00      0.00      0.00      0.00
11:59:45 AM     17.60     32.00      1.20      1.20      4.00      0.00      0.00      0.00      0.00      0.00
11:59:50 AM      0.80     92.00      0.20      0.20      3.80      0.00      0.00      0.00      0.00      0.00
11:59:55 AM    153.60      4.80      0.20      0.20      4.20      0.00      0.00      0.00      0.00      0.00
12:00:00 PM      0.00      0.00      0.00      0.00      3.80      0.00      0.00      0.00      0.00      0.00
12:00:05 PM  47168.00  55322.40  11810.00  11809.60  14296.20 137002.40    191.40  14206.80      0.00      0.00
12:00:10 PM      0.00      0.00      0.00      0.00      4.00      0.00      0.00      0.00      0.00      0.00
12:00:15 PM      0.00      0.00      0.00      0.00      3.80      0.00      0.00      0.00      0.00      0.00
12:00:20 PM      0.00     32.00      0.00      0.00      4.00      0.00      0.00      0.00      0.00      0.00
12:00:25 PM    368.00    111.20      1.40      1.40      3.80      0.00      0.00      0.00      0.00      0.00
12:00:30 PM      0.00      4.80      0.00      0.00      4.00      0.00      0.00      0.00      0.00      0.00
12:00:35 PM 100797.60  85243.20  25170.60  25169.40  22685.00  59895.80    950.40  22622.80      0.00      0.00
12:00:40 PM   2740.80      0.00      9.60      1.60      4.00      0.00      0.00      0.00      0.00      0.00
12:00:45 PM      0.00      0.00      0.00      0.00      3.80      0.00      0.00      0.00      0.00      0.00
12:00:50 PM    504.00      0.00      3.40      3.20      3.80      0.00      0.00      0.00      0.00      0.00
12:00:55 PM      0.00      0.00      0.00      0.00      4.20      0.00      0.00      0.00      0.00      0.00
12:01:00 PM      0.00     92.00      0.00      0.00      3.80      0.00      0.00      0.00      0.00      0.00
12:01:05 PM  27913.60  41862.40   6989.80   6988.60  11072.20  14018.00     18.40  11048.80      0.00      0.00
12:01:10 PM      0.00      5.60      0.00      0.00      3.80      0.00      0.00      0.00      0.00      0.00
12:01:15 PM   3071.20      0.00    136.80    117.40     12.00      0.00      0.00      0.00      0.00      0.00
12:01:20 PM    412.80      0.00      0.20      0.20      3.80      0.00      0.00      0.00      0.00      0.00
12:01:25 PM      0.00      0.00      0.20      0.00      3.80      0.00      0.00      0.00      0.00      0.00
12:01:30 PM      2.40      0.00      1.40      0.60      4.40      0.00      0.00      0.00      0.00      0.00
12:01:35 PM  49580.80  43762.40  12392.40  12391.60  11308.00  28959.40      0.00  11206.60      0.00      0.00
12:01:40 PM      0.00      0.00      0.00      0.00      4.00      0.00      0.00      0.00      0.00      0.00
12:01:45 PM   2400.00      4.00     62.40     40.40     27.40      0.00      0.00      0.00      0.00      0.00
12:01:50 PM     23.20      0.00     11.00     10.00      5.00      0.00      0.00      0.00      0.00      0.00
12:01:55 PM   3984.00      0.00     33.60     14.00      4.20      0.00      0.00      0.00      0.00      0.00
12:02:00 PM   1163.20   1772.00     34.40     29.20   1037.60   1561.80      0.00   1031.80      0.00      0.00
12:02:05 PM  44162.40  42147.20   9927.20   9913.80  13231.80  14695.00      0.00  13129.40      0.00      0.00
12:02:10 PM   2251.20      0.00     16.80     11.60     14.00      0.00      0.00      0.00      0.00      0.00
12:02:15 PM    374.40    206.40     15.00      3.40      5.00      0.00      0.00      0.00      0.00      0.00
12:02:20 PM     68.80      0.00      7.80      3.00      4.00      0.00      0.00      0.00      0.00      0.00
12:02:25 PM     34.40      0.00     11.00      8.60      6.40      0.00      0.00      0.00      0.00      0.00
12:02:30 PM    849.60      0.00     29.00     21.40      5.40      0.00      0.00      0.00      0.00      0.00
12:02:35 PM  20499.20  20263.20   5146.40   5146.20   5146.00   6478.00      0.00   5127.20      0.00      0.00
12:02:40 PM      0.00     28.00      0.00      0.00      3.80      0.00      0.00      0.00      0.00      0.00
12:02:45 PM      4.00    130.40      1.00      1.00      4.00      0.00      0.00      0.00      0.00      0.00
12:02:50 PM      0.00      0.00      0.00      0.00      3.80      0.00      0.00      0.00      0.00      0.00
12:02:55 PM      0.80      0.00      0.20      0.20      3.80      0.00      0.00      0.00      0.00      0.00
12:03:00 PM      0.00      0.00      0.00      0.00      4.20      0.00      0.00      0.00      0.00      0.00
12:03:05 PM  37505.60  41230.40   9370.20   9367.80  12513.20  15766.60      0.00  12461.60      0.00      0.00
12:03:10 PM   1476.80      0.00      4.00      0.80      4.00      0.00      0.00      0.00      0.00      0.00
12:03:15 PM   2437.60      0.00    223.00    204.00     11.40      0.00      0.00      0.00      0.00      0.00
12:03:20 PM   2185.60      0.00     71.20     49.00     17.20      0.00      0.00      0.00      0.00      0.00
12:03:25 PM   1176.80      0.00      5.20      4.00     16.20      0.00      0.00      0.00      0.00      0.00
12:03:30 PM      0.00      0.00      0.00      0.00      4.00      0.00      0.00      0.00      0.00      0.00
12:03:35 PM   6568.80     32.00   1584.00   1583.80     10.80      0.00      0.00      0.00      0.00      0.00
12:03:40 PM      6.40    122.40      0.00      0.00      3.80      0.00      0.00      0.00      0.00      0.00
12:03:45 PM      0.00      0.00      0.00      0.00      4.00      0.00      0.00      0.00      0.00      0.00
12:03:50 PM      1.60      0.00      0.40      0.40      3.80      0.00      0.00      0.00      0.00      0.00
12:03:55 PM      0.00      0.00      0.00      0.00      4.00      0.00      0.00      0.00      0.00      0.00
12:04:00 PM   1858.40      0.00    332.40     33.40    167.80      0.00      0.00      0.00      0.00      0.00
12:04:05 PM  85399.20  91904.80  21341.80  21340.80  23952.40 170358.60   2738.00  23796.00      0.00      0.00
12:04:10 PM    379.20    130.40      4.80      1.40      4.40      0.00      0.00      0.00      0.00      0.00
12:04:15 PM      0.00      4.00      0.00      0.00      3.80      0.00      0.00      0.00      0.00      0.00
12:04:20 PM    342.40      0.00     14.40     13.80      4.60      0.00      0.00      0.00      0.00      0.00
12:04:25 PM     82.40      0.00      2.20      1.80      3.80      0.00      0.00      0.00      0.00      0.00
12:04:30 PM      0.00      0.00      0.00      0.00      4.00      0.00      0.00      0.00      0.00      0.00
12:04:35 PM  61130.40  54776.80  15320.00  15318.00  15655.60  19647.20      0.00  15573.80      0.00      0.00
12:04:40 PM    760.80     32.00      0.40      0.40      4.00      0.00      0.00      0.00      0.00      0.00
12:04:45 PM     43.20    111.20      5.20      5.20      3.80      0.00      0.00      0.00      0.00      0.00
12:04:50 PM      2.40      6.40      0.60      0.60      4.00      0.00      0.00      0.00      0.00      0.00
12:04:55 PM      0.00      0.00      0.00      0.00      3.80      0.00      0.00      0.00      0.00      0.00
12:05:00 PM      0.00      0.00      0.00      0.00      3.80      0.00      0.00      0.00      0.00      0.00
12:05:05 PM  53753.60  41692.00  13460.20  13459.00  11171.80  18454.60      0.00  11135.20      0.00      0.00
12:05:10 PM      0.00      0.00      0.00      0.00      3.80      0.00      0.00      0.00      0.00      0.00
12:05:15 PM   3908.80  21847.20    239.00    219.40   5586.40   6200.80      0.00   5528.60      0.00      0.00
12:05:20 PM    548.80     98.40      1.40      1.00     17.80      0.00      0.00      0.00      0.00      0.00
12:05:25 PM   2750.40      4.80      9.60      4.60     75.40      0.00      0.00      0.00      0.00      0.00
12:05:30 PM      3.20      0.00      0.00      0.40      4.00      0.00      0.00      0.00      0.00      0.00
Average:      5342.96   5404.38   1359.23   1283.20   1492.94   4190.24    152.93   1403.04      0.00      0.00
