Linux 7.0.10-arch1-1 (archlinux) 	05/28/2026 	_x86_64_	(4 CPU)

11:05:30 AM  %smem-10  %smem-60 %smem-300     %smem  %fmem-10  %fmem-60 %fmem-300     %fmem
11:05:35 AM      0.00      0.00      0.00      0.00      0.00      0.00      0.00      0.00
11:05:40 AM      0.00      0.00      0.00      0.00      0.00      0.00      0.00      0.00
11:05:45 AM      0.00      0.00      0.00      0.00      0.00      0.00      0.00      0.00
11:05:50 AM      0.00      0.00      0.00      0.00      0.00      0.00      0.00      0.00
11:05:55 AM      0.00      0.00      0.00      0.00      0.00      0.00      0.00      0.00
11:06:00 AM      0.00      0.00      0.00      0.00      0.00      0.00      0.00      0.00
11:06:05 AM      0.00      0.00      0.00      0.00      0.00      0.00      0.00      0.00
11:06:10 AM      0.00      0.00      0.00      0.00      0.00      0.00      0.00      0.00
11:06:15 AM      0.00      0.00      0.00      0.00      0.00      0.00      0.00      0.00
11:06:20 AM      0.00      0.00      0.00      0.00      0.00      0.00      0.00      0.00
11:06:25 AM      0.00      0.00      0.00      0.00      0.00      0.00      0.00      0.00
11:06:30 AM      0.00      0.00      0.00      0.00      0.00      0.00      0.00      0.00
11:06:35 AM      0.00      0.00      0.00      0.00      0.00      0.00      0.00      0.00
11:06:40 AM      0.00      0.00      0.00      0.00      0.00      0.00      0.00      0.00
11:06:45 AM      0.00      0.00      0.00      0.00      0.00      0.00      0.00      0.00
11:06:50 AM      0.00      0.00      0.00      0.00      0.00      0.00      0.00      0.00
11:06:55 AM      0.00      0.00      0.00      0.00      0.00      0.00      0.00      0.00
11:07:00 AM      0.00      0.00      0.00      0.00      0.00      0.00      0.00      0.00
11:07:05 AM      0.00      0.00      0.00      0.00      0.00      0.00      0.00      0.00
11:07:10 AM      0.00      0.00      0.00      0.00      0.00      0.00      0.00      0.00
11:07:15 AM      0.00      0.00      0.00      0.00      0.00      0.00      0.00      0.00
11:07:20 AM      0.00      0.00      0.00      0.00      0.00      0.00      0.00      0.00
11:07:25 AM      0.00      0.00      0.00      0.00      0.00      0.00      0.00      0.00
11:07:30 AM      0.00      0.00      0.00      0.00      0.00      0.00      0.00      0.00
11:07:35 AM      0.00      0.00      0.00      0.00      0.00      0.00      0.00      0.00
11:07:40 AM      0.00      0.00      0.00      0.00      0.00      0.00      0.00      0.00
11:07:45 AM      0.00      0.00      0.00      0.00      0.00      0.00      0.00      0.00
11:07:50 AM      0.00      0.00      0.00      0.00      0.00      0.00      0.00      0.00
11:07:55 AM      0.00      0.00      0.00      0.00      0.00      0.00      0.00      0.00
11:08:00 AM      0.00      0.00      0.00      0.00      0.00      0.00      0.00      0.00
11:08:05 AM      0.00      0.00      0.00      0.00      0.00      0.00      0.00      0.00
11:08:10 AM      0.00      0.00      0.00      0.00      0.00      0.00      0.00      0.00
11:08:15 AM      0.00      0.00      0.00      0.00      0.00      0.00      0.00      0.00
11:08:20 AM      0.00      0.00      0.00      0.00      0.00      0.00      0.00      0.00
11:08:25 AM      0.00      0.00      0.00      0.00      0.00      0.00      0.00      0.00
11:08:30 AM      0.00      0.00      0.00      0.00      0.00      0.00      0.00      0.00
11:08:35 AM      0.00      0.00      0.00      0.00      0.00      0.00      0.00      0.00
11:08:40 AM      0.00      0.00      0.00      0.00      0.00      0.00      0.00      0.00
11:08:45 AM      0.00      0.00      0.00      0.00      0.00      0.00      0.00      0.00
11:08:50 AM      0.00      0.00      0.00      0.00      0.00      0.00      0.00      0.00
11:08:55 AM      0.00      0.00      0.00      0.00      0.00      0.00      0.00      0.00
11:09:00 AM      0.00      0.00      0.00      0.00      0.00      0.00      0.00      0.00
11:09:05 AM      0.00      0.00      0.00      0.00      0.00      0.00      0.00      0.00
11:09:10 AM      0.00      0.00      0.00      0.00      0.00      0.00      0.00      0.00
11:09:15 AM      0.00      0.00      0.00      0.00      0.00      0.00      0.00      0.00
11:09:20 AM      0.00      0.00      0.00      0.00      0.00      0.00      0.00      0.00
11:09:25 AM      0.00      0.00      0.00      0.00      0.00      0.00      0.00      0.00
11:09:30 AM      0.00      0.00      0.00      0.00      0.00      0.00      0.00      0.00
11:09:35 AM      0.00      0.00      0.00      0.00      0.00      0.00      0.00      0.00
11:09:40 AM      0.00      0.00      0.00      0.00      0.00      0.00      0.00      0.00
11:09:45 AM      0.00      0.00      0.00      0.00      0.00      0.00      0.00      0.00
11:09:50 AM      0.00      0.00      0.00      0.00      0.00      0.00      0.00      0.00
11:09:55 AM      0.00      0.00      0.00      0.00      0.00      0.00      0.00      0.00
11:10:00 AM      0.00      0.00      0.00      0.00      0.00      0.00      0.00      0.00
11:10:05 AM      0.00      0.00      0.00      0.00      0.00      0.00      0.00      0.00
11:10:10 AM      0.00      0.00      0.00      0.00      0.00      0.00      0.00      0.00
11:10:15 AM      0.00      0.00      0.00      0.00      0.00      0.00      0.00      0.00
11:10:20 AM      0.00      0.00      0.00      0.00      0.00      0.00      0.00      0.00
11:10:25 AM      0.00      0.00      0.00      0.00      0.00      0.00      0.00      0.00
11:10:30 AM      0.00      0.00      0.00      0.00      0.00      0.00      0.00      0.00
11:10:35 AM      0.00      0.00      0.00      0.00      0.00      0.00      0.00      0.00
11:10:40 AM      0.00      0.00      0.00      0.00      0.00      0.00      0.00      0.00
11:10:45 AM      0.00      0.00      0.00      0.00      0.00      0.00      0.00      0.00
11:10:50 AM      0.00      0.00      0.00      0.00      0.00      0.00      0.00      0.00
11:10:55 AM      0.00      0.00      0.00      0.00      0.00      0.00      0.00      0.00
11:11:00 AM      0.00      0.00      0.00      0.00      0.00      0.00      0.00      0.00
11:11:05 AM      0.00      0.00      0.00      0.00      0.00      0.00      0.00      0.00
11:11:10 AM      0.00      0.00      0.00      0.00      0.00      0.00      0.00      0.00
11:11:15 AM      0.00      0.00      0.00      0.00      0.00      0.00      0.00      0.00
11:11:20 AM      0.00      0.00      0.00      0.00      0.00      0.00      0.00      0.00
11:11:25 AM      0.00      0.00      0.00      0.00      0.00      0.00      0.00      0.00
11:11:30 AM      0.00      0.00      0.00      0.00      0.00      0.00      0.00      0.00
11:11:35 AM      0.00      0.00      0.00      0.00      0.00      0.00      0.00      0.00
11:11:40 AM      0.00      0.00      0.00      0.00      0.00      0.00      0.00      0.00
11:11:45 AM      0.00      0.00      0.00      0.00      0.00      0.00      0.00      0.00
11:11:50 AM      0.00      0.00      0.00      0.00      0.00      0.00      0.00      0.00
11:11:55 AM      0.00      0.00      0.00      0.00      0.00      0.00      0.00      0.00
11:12:00 AM      0.00      0.00      0.00      0.00      0.00      0.00      0.00      0.00
11:12:05 AM      0.00      0.00      0.00      0.00      0.00      0.00      0.00      0.00
11:12:10 AM      0.00      0.00      0.00      0.00      0.00      0.00      0.00      0.00
11:12:15 AM      0.00      0.00      0.00      0.00      0.00      0.00      0.00      0.00
11:12:20 AM      0.00      0.00      0.00      0.00      0.00      0.00      0.00      0.00
11:12:25 AM      0.00      0.00      0.00      0.00      0.00      0.00      0.00      0.00
11:12:30 AM      0.00      0.00      0.00      0.00      0.00      0.00      0.00      0.00
11:12:35 AM      0.00      0.00      0.00      0.00      0.00      0.00      0.00      0.00
11:12:40 AM      0.00      0.00      0.00      0.00      0.00      0.00      0.00      0.00
11:12:45 AM      0.00      0.00      0.00      0.00      0.00      0.00      0.00      0.00
11:12:50 AM      0.00      0.00      0.00      0.00      0.00      0.00      0.00      0.00
11:12:55 AM      0.00      0.00      0.00      0.00      0.00      0.00      0.00      0.00
11:13:00 AM      0.00      0.00      0.00      0.00      0.00      0.00      0.00      0.00
11:13:05 AM      0.00      0.00      0.00      0.00      0.00      0.00      0.00      0.00
11:13:10 AM      0.00      0.00      0.00      0.00      0.00      0.00      0.00      0.00
11:13:15 AM      0.00      0.00      0.00      0.00      0.00      0.00      0.00      0.00
11:13:20 AM      0.00      0.00      0.00      0.00      0.00      0.00      0.00      0.00
11:13:25 AM      0.00      0.00      0.00      0.00      0.00      0.00      0.00      0.00
11:13:30 AM      0.00      0.00      0.00      0.00      0.00      0.00      0.00      0.00
11:13:35 AM      0.00      0.00      0.00      0.00      0.00      0.00      0.00      0.00
11:13:40 AM      0.00      0.00      0.00      0.00      0.00      0.00      0.00      0.00
11:13:45 AM      0.00      0.00      0.00      0.00      0.00      0.00      0.00      0.00
11:13:50 AM      0.00      0.00      0.00      0.00      0.00      0.00      0.00      0.00
11:13:55 AM      0.00      0.00      0.00      0.00      0.00      0.00      0.00      0.00
11:14:00 AM      0.00      0.00      0.00      0.00      0.00      0.00      0.00      0.00
11:14:05 AM      0.00      0.00      0.00      0.00      0.00      0.00      0.00      0.00
11:14:10 AM      0.00      0.00      0.00      0.00      0.00      0.00      0.00      0.00
11:14:15 AM      0.00      0.00      0.00      0.00      0.00      0.00      0.00      0.00
11:14:20 AM      0.00      0.00      0.00      0.00      0.00      0.00      0.00      0.00
11:14:25 AM      0.00      0.00      0.00      0.00      0.00      0.00      0.00      0.00
11:14:30 AM      0.00      0.00      0.00      0.00      0.00      0.00      0.00      0.00
11:14:35 AM      0.00      0.00      0.00      0.00      0.00      0.00      0.00      0.00
11:14:40 AM      0.00      0.00      0.00      0.00      0.00      0.00      0.00      0.00
11:14:45 AM      0.00      0.00      0.00      0.00      0.00      0.00      0.00      0.00
11:14:50 AM      0.00      0.00      0.00      0.00      0.00      0.00      0.00      0.00
11:14:55 AM      0.00      0.00      0.00      0.00      0.00      0.00      0.00      0.00
11:15:00 AM      0.00      0.00      0.00      0.00      0.00      0.00      0.00      0.00
11:15:05 AM      0.00      0.00      0.00      0.00      0.00      0.00      0.00      0.00
11:15:10 AM      0.00      0.00      0.00      0.00      0.00      0.00      0.00      0.00
11:15:15 AM      0.00      0.00      0.00      0.00      0.00      0.00      0.00      0.00
11:15:20 AM      0.00      0.00      0.00      0.00      0.00      0.00      0.00      0.00
11:15:25 AM      0.00      0.00      0.00      0.00      0.00      0.00      0.00      0.00
11:15:30 AM      0.00      0.00      0.00      0.00      0.00      0.00      0.00      0.00
11:15:35 AM      0.00      0.00      0.00      0.00      0.00      0.00      0.00      0.00
11:15:40 AM      0.00      0.00      0.00      0.00      0.00      0.00      0.00      0.00
11:15:45 AM      0.00      0.00      0.00      0.00      0.00      0.00      0.00      0.00
11:15:50 AM      0.00      0.00      0.00      0.00      0.00      0.00      0.00      0.00
11:15:55 AM      0.00      0.00      0.00      0.00      0.00      0.00      0.00      0.00
11:16:00 AM      0.00      0.00      0.00      0.00      0.00      0.00      0.00      0.00
11:16:05 AM      0.00      0.00      0.00      0.00      0.00      0.00      0.00      0.00
11:16:10 AM      0.00      0.00      0.00      0.00      0.00      0.00      0.00      0.00
11:16:15 AM      0.00      0.00      0.00      0.00      0.00      0.00      0.00      0.00
11:16:20 AM      0.00      0.00      0.00      0.00      0.00      0.00      0.00      0.00
11:16:25 AM      0.00      0.00      0.00      0.00      0.00      0.00      0.00      0.00
11:16:30 AM      0.00      0.00      0.00      0.00      0.00      0.00      0.00      0.00
11:16:35 AM      0.00      0.00      0.00      0.00      0.00      0.00      0.00      0.00
11:16:40 AM      0.00      0.00      0.00      0.00      0.00      0.00      0.00      0.00
11:16:45 AM      0.00      0.00      0.00      0.00      0.00      0.00      0.00      0.00
11:16:50 AM      0.00      0.00      0.00      0.00      0.00      0.00      0.00      0.00
11:16:55 AM      0.00      0.00      0.00      0.00      0.00      0.00      0.00      0.00
11:17:00 AM      0.00      0.00      0.00      0.00      0.00      0.00      0.00      0.00
11:17:05 AM      0.00      0.00      0.00      0.00      0.00      0.00      0.00      0.00
11:17:10 AM      0.00      0.00      0.00      0.00      0.00      0.00      0.00      0.00
11:17:15 AM      0.00      0.00      0.00      0.00      0.00      0.00      0.00      0.00
11:17:20 AM      0.00      0.00      0.00      0.00      0.00      0.00      0.00      0.00
11:17:25 AM      0.00      0.00      0.00      0.00      0.00      0.00      0.00      0.00
11:17:30 AM      0.00      0.00      0.00      0.00      0.00      0.00      0.00      0.00
11:17:35 AM      0.00      0.00      0.00      0.00      0.00      0.00      0.00      0.00
11:17:40 AM      0.00      0.00      0.00      0.00      0.00      0.00      0.00      0.00
11:17:45 AM      0.00      0.00      0.00      0.00      0.00      0.00      0.00      0.00
11:17:50 AM      0.00      0.00      0.00      0.00      0.00      0.00      0.00      0.00
11:17:55 AM      0.00      0.00      0.00      0.00      0.00      0.00      0.00      0.00
11:18:00 AM      0.00      0.00      0.00      0.00      0.00      0.00      0.00      0.00
11:18:05 AM      0.00      0.00      0.00      0.00      0.00      0.00      0.00      0.00
11:18:10 AM      0.00      0.00      0.00      0.00      0.00      0.00      0.00      0.00
11:18:15 AM      0.00      0.00      0.00      0.00      0.00      0.00      0.00      0.00
11:18:20 AM      0.00      0.00      0.00      0.00      0.00      0.00      0.00      0.00
11:18:25 AM      0.00      0.00      0.00      0.00      0.00      0.00      0.00      0.00
11:18:30 AM      0.00      0.00      0.00      0.00      0.00      0.00      0.00      0.00
11:18:35 AM      0.00      0.00      0.00      0.00      0.00      0.00      0.00      0.00
11:18:40 AM      0.00      0.00      0.00      0.00      0.00      0.00      0.00      0.00
11:18:45 AM      0.00      0.00      0.00      0.00      0.00      0.00      0.00      0.00
11:18:50 AM      0.00      0.00      0.00      0.00      0.00      0.00      0.00      0.00
11:18:55 AM      0.00      0.00      0.00      0.00      0.00      0.00      0.00      0.00
11:19:00 AM      0.00      0.00      0.00      0.00      0.00      0.00      0.00      0.00
11:19:05 AM      0.00      0.00      0.00      0.00      0.00      0.00      0.00      0.00
11:19:10 AM      0.00      0.00      0.00      0.00      0.00      0.00      0.00      0.00
11:19:15 AM      0.00      0.00      0.00      0.00      0.00      0.00      0.00      0.00
11:19:20 AM      0.00      0.00      0.00      0.00      0.00      0.00      0.00      0.00
11:19:25 AM      0.00      0.00      0.00      0.00      0.00      0.00      0.00      0.00
11:19:30 AM      0.00      0.00      0.00      0.00      0.00      0.00      0.00      0.00
11:19:35 AM      0.00      0.00      0.00      0.00      0.00      0.00      0.00      0.00
11:19:40 AM      0.00      0.00      0.00      0.00      0.00      0.00      0.00      0.00
11:19:45 AM      0.00      0.00      0.00      0.00      0.00      0.00      0.00      0.00
11:19:50 AM      0.00      0.00      0.00      0.00      0.00      0.00      0.00      0.00
11:19:55 AM      0.00      0.00      0.00      0.00      0.00      0.00      0.00      0.00
11:20:00 AM      0.00      0.00      0.00      0.00      0.00      0.00      0.00      0.00
11:20:05 AM      0.00      0.00      0.00      0.00      0.00      0.00      0.00      0.00
11:20:10 AM      0.00      0.00      0.00      0.00      0.00      0.00      0.00      0.00
11:20:15 AM      0.00      0.00      0.00      0.00      0.00      0.00      0.00      0.00
11:20:20 AM      0.00      0.00      0.00      0.00      0.00      0.00      0.00      0.00
11:20:25 AM      0.00      0.00      0.00      0.00      0.00      0.00      0.00      0.00
11:20:30 AM      0.00      0.00      0.00      0.00      0.00      0.00      0.00      0.00
11:20:35 AM      0.00      0.00      0.00      0.00      0.00      0.00      0.00      0.00
11:20:40 AM      0.00      0.00      0.00      0.00      0.00      0.00      0.00      0.00
11:20:45 AM      0.00      0.00      0.00      0.00      0.00      0.00      0.00      0.00
11:20:50 AM      0.00      0.00      0.00      0.00      0.00      0.00      0.00      0.00
11:20:55 AM      0.00      0.00      0.00      0.00      0.00      0.00      0.00      0.00
11:21:00 AM      0.00      0.00      0.00      0.00      0.00      0.00      0.00      0.00
11:21:05 AM      0.00      0.00      0.00      0.00      0.00      0.00      0.00      0.00
11:21:10 AM      0.00      0.00      0.00      0.00      0.00      0.00      0.00      0.00
11:21:15 AM      0.00      0.00      0.00      0.00      0.00      0.00      0.00      0.00
11:21:20 AM      0.00      0.00      0.00      0.00      0.00      0.00      0.00      0.00
11:21:25 AM      0.00      0.00      0.00      0.00      0.00      0.00      0.00      0.00
11:21:30 AM      0.00      0.00      0.00      0.00      0.00      0.00      0.00      0.00
11:21:35 AM      0.00      0.00      0.00      0.00      0.00      0.00      0.00      0.00
11:21:40 AM      0.00      0.00      0.00      0.00      0.00      0.00      0.00      0.00
11:21:45 AM      0.00      0.00      0.00      0.00      0.00      0.00      0.00      0.00
11:21:50 AM      0.00      0.00      0.00      0.00      0.00      0.00      0.00      0.00
11:21:55 AM      0.00      0.00      0.00      0.00      0.00      0.00      0.00      0.00
11:22:00 AM      0.00      0.00      0.00      0.00      0.00      0.00      0.00      0.00
11:22:05 AM      0.00      0.00      0.00      0.00      0.00      0.00      0.00      0.00
11:22:10 AM      0.00      0.00      0.00      0.00      0.00      0.00      0.00      0.00
11:22:15 AM      0.00      0.00      0.00      0.00      0.00      0.00      0.00      0.00
11:22:20 AM      0.00      0.00      0.00      0.00      0.00      0.00      0.00      0.00
11:22:25 AM      0.00      0.00      0.00      0.00      0.00      0.00      0.00      0.00
11:22:30 AM      0.00      0.00      0.00      0.00      0.00      0.00      0.00      0.00
11:22:35 AM      0.00      0.00      0.00      0.00      0.00      0.00      0.00      0.00
11:22:40 AM      0.00      0.00      0.00      0.00      0.00      0.00      0.00      0.00
11:22:45 AM      0.00      0.00      0.00      0.00      0.00      0.00      0.00      0.00
11:22:50 AM      0.00      0.00      0.00      0.00      0.00      0.00      0.00      0.00
11:22:55 AM      0.00      0.00      0.00      0.00      0.00      0.00      0.00      0.00
11:23:00 AM      0.00      0.00      0.00      0.00      0.00      0.00      0.00      0.00
11:23:05 AM      0.00      0.00      0.00      0.00      0.00      0.00      0.00      0.00
11:23:10 AM      0.00      0.00      0.00      0.00      0.00      0.00      0.00      0.00
11:23:15 AM      0.00      0.00      0.00      0.00      0.00      0.00      0.00      0.00
11:23:20 AM      0.00      0.00      0.00      0.00      0.00      0.00      0.00      0.00
11:23:25 AM      0.00      0.00      0.00      0.00      0.00      0.00      0.00      0.00
11:23:30 AM      0.00      0.00      0.00      0.00      0.00      0.00      0.00      0.00
11:23:35 AM      0.00      0.00      0.00      0.00      0.00      0.00      0.00      0.00
11:23:40 AM      0.00      0.00      0.00      0.00      0.00      0.00      0.00      0.00
11:23:45 AM      0.00      0.00      0.00      0.00      0.00      0.00      0.00      0.00
11:23:50 AM      0.00      0.00      0.00      0.00      0.00      0.00      0.00      0.00
11:23:55 AM      0.00      0.00      0.00      0.00      0.00      0.00      0.00      0.00
11:24:00 AM      0.00      0.00      0.00      0.00      0.00      0.00      0.00      0.00
11:24:05 AM      0.00      0.00      0.00      0.00      0.00      0.00      0.00      0.00
11:24:10 AM      0.00      0.00      0.00      0.00      0.00      0.00      0.00      0.00
11:24:15 AM      0.00      0.00      0.00      0.00      0.00      0.00      0.00      0.00
11:24:20 AM      0.00      0.00      0.00      0.00      0.00      0.00      0.00      0.00
11:24:25 AM      0.00      0.00      0.00      0.00      0.00      0.00      0.00      0.00
11:24:30 AM      0.00      0.00      0.00      0.00      0.00      0.00      0.00      0.00
11:24:35 AM      0.00      0.00      0.00      0.00      0.00      0.00      0.00      0.00
11:24:40 AM      0.00      0.00      0.00      0.00      0.00      0.00      0.00      0.00
11:24:45 AM      0.00      0.00      0.00      0.00      0.00      0.00      0.00      0.00
11:24:50 AM      0.00      0.00      0.00      0.00      0.00      0.00      0.00      0.00
11:24:55 AM      0.00      0.00      0.00      0.00      0.00      0.00      0.00      0.00
11:25:00 AM      0.00      0.00      0.00      0.00      0.00      0.00      0.00      0.00
11:25:05 AM      0.00      0.00      0.00      0.00      0.00      0.00      0.00      0.00
11:25:10 AM      0.00      0.00      0.00      0.00      0.00      0.00      0.00      0.00
11:25:15 AM      0.00      0.00      0.00      0.00      0.00      0.00      0.00      0.00
11:25:20 AM      0.00      0.00      0.00      0.00      0.00      0.00      0.00      0.00
11:25:25 AM      0.00      0.00      0.00      0.00      0.00      0.00      0.00      0.00
11:25:30 AM      0.00      0.00      0.00      0.00      0.00      0.00      0.00      0.00
11:25:35 AM      0.00      0.00      0.00      0.00      0.00      0.00      0.00      0.00
11:25:40 AM      0.00      0.00      0.00      0.00      0.00      0.00      0.00      0.00
11:25:45 AM      0.00      0.00      0.00      0.00      0.00      0.00      0.00      0.00
11:25:50 AM      0.00      0.00      0.00      0.00      0.00      0.00      0.00      0.00
11:25:55 AM      0.00      0.00      0.00      0.00      0.00      0.00      0.00      0.00
11:26:00 AM      0.00      0.00      0.00      0.00      0.00      0.00      0.00      0.00
11:26:05 AM      0.00      0.00      0.00      0.00      0.00      0.00      0.00      0.00
11:26:10 AM      0.00      0.00      0.00      0.00      0.00      0.00      0.00      0.00
11:26:15 AM      0.00      0.00      0.00      0.00      0.00      0.00      0.00      0.00
11:26:20 AM      0.00      0.00      0.00      0.00      0.00      0.00      0.00      0.00
11:26:25 AM      0.00      0.00      0.00      0.00      0.00      0.00      0.00      0.00
11:26:30 AM      0.00      0.00      0.00      0.00      0.00      0.00      0.00      0.00
11:26:35 AM      0.00      0.00      0.00      0.00      0.00      0.00      0.00      0.00
11:26:40 AM      0.00      0.00      0.00      0.00      0.00      0.00      0.00      0.00
11:26:45 AM      0.00      0.00      0.00      0.00      0.00      0.00      0.00      0.00
11:26:50 AM      0.00      0.00      0.00      0.00      0.00      0.00      0.00      0.00
11:26:55 AM      0.00      0.00      0.00      0.00      0.00      0.00      0.00      0.00
11:27:00 AM      0.00      0.00      0.00      0.00      0.00      0.00      0.00      0.00
11:27:05 AM      0.00      0.00      0.00      0.00      0.00      0.00      0.00      0.00
11:27:10 AM      0.00      0.00      0.00      0.00      0.00      0.00      0.00      0.00
11:27:15 AM      0.00      0.00      0.00      0.00      0.00      0.00      0.00      0.00
11:27:20 AM      0.00      0.00      0.00      0.00      0.00      0.00      0.00      0.00
11:27:25 AM      0.00      0.00      0.00      0.00      0.00      0.00      0.00      0.00
11:27:30 AM      0.00      0.00      0.00      0.00      0.00      0.00      0.00      0.00
11:27:35 AM      0.00      0.00      0.00      0.00      0.00      0.00      0.00      0.00
11:27:40 AM      0.00      0.00      0.00      0.00      0.00      0.00      0.00      0.00
11:27:45 AM      0.00      0.00      0.00      0.00      0.00      0.00      0.00      0.00
11:27:50 AM      0.00      0.00      0.00      0.00      0.00      0.00      0.00      0.00
11:27:55 AM      0.00      0.00      0.00      0.00      0.00      0.00      0.00      0.00
11:28:00 AM      0.00      0.00      0.00      0.00      0.00      0.00      0.00      0.00
11:28:05 AM      0.00      0.00      0.00      0.00      0.00      0.00      0.00      0.00
11:28:10 AM      0.00      0.00      0.00      0.00      0.00      0.00      0.00      0.00
11:28:15 AM      0.00      0.00      0.00      0.00      0.00      0.00      0.00      0.00
11:28:20 AM      0.00      0.00      0.00      0.00      0.00      0.00      0.00      0.00
11:28:25 AM      0.00      0.00      0.00      0.00      0.00      0.00      0.00      0.00
11:28:30 AM      0.00      0.00      0.00      0.00      0.00      0.00      0.00      0.00
11:28:35 AM      0.00      0.00      0.00      0.00      0.00      0.00      0.00      0.00
11:28:40 AM      0.00      0.00      0.00      0.00      0.00      0.00      0.00      0.00
11:28:45 AM      0.00      0.00      0.00      0.00      0.00      0.00      0.00      0.00
11:28:50 AM      0.00      0.00      0.00      0.00      0.00      0.00      0.00      0.00
11:28:55 AM      0.00      0.00      0.00      0.00      0.00      0.00      0.00      0.00
11:29:00 AM      0.00      0.00      0.00      0.00      0.00      0.00      0.00      0.00
11:29:05 AM      0.00      0.00      0.00      0.00      0.00      0.00      0.00      0.00
11:29:10 AM      0.00      0.00      0.00      0.00      0.00      0.00      0.00      0.00
11:29:15 AM      0.00      0.00      0.00      0.00      0.00      0.00      0.00      0.00
11:29:20 AM      0.00      0.00      0.00      0.00      0.00      0.00      0.00      0.00
11:29:25 AM      0.00      0.00      0.00      0.00      0.00      0.00      0.00      0.00
11:29:30 AM      0.00      0.00      0.00      0.00      0.00      0.00      0.00      0.00
11:29:35 AM      0.00      0.00      0.00      0.00      0.00      0.00      0.00      0.00
11:29:40 AM      0.00      0.00      0.00      0.00      0.00      0.00      0.00      0.00
11:29:45 AM      0.00      0.00      0.00      0.00      0.00      0.00      0.00      0.00
11:29:50 AM      0.00      0.00      0.00      0.00      0.00      0.00      0.00      0.00
11:29:55 AM      0.00      0.00      0.00      0.00      0.00      0.00      0.00      0.00
11:30:00 AM      0.00      0.00      0.00      0.00      0.00      0.00      0.00      0.00
11:30:05 AM      0.00      0.00      0.00      0.00      0.00      0.00      0.00      0.00
11:30:10 AM      0.00      0.00      0.00      0.00      0.00      0.00      0.00      0.00
11:30:15 AM      0.00      0.00      0.00      0.00      0.00      0.00      0.00      0.00
11:30:20 AM      0.00      0.00      0.00      0.00      0.00      0.00      0.00      0.00
11:30:25 AM      0.00      0.00      0.00      0.00      0.00      0.00      0.00      0.00
11:30:30 AM      0.00      0.00      0.00      0.00      0.00      0.00      0.00      0.00
11:30:35 AM      0.00      0.00      0.00      0.00      0.00      0.00      0.00      0.00
11:30:40 AM      0.00      0.00      0.00      0.00      0.00      0.00      0.00      0.00
11:30:45 AM      0.00      0.00      0.00      0.00      0.00      0.00      0.00      0.00
11:30:50 AM      0.00      0.00      0.00      0.00      0.00      0.00      0.00      0.00
11:30:55 AM      0.00      0.00      0.00      0.00      0.00      0.00      0.00      0.00
11:31:00 AM      0.00      0.00      0.00      0.00      0.00      0.00      0.00      0.00
11:31:05 AM      0.00      0.00      0.00      0.00      0.00      0.00      0.00      0.00
11:31:10 AM      0.00      0.00      0.00      0.00      0.00      0.00      0.00      0.00
11:31:15 AM      0.00      0.00      0.00      0.00      0.00      0.00      0.00      0.00
11:31:20 AM      0.00      0.00      0.00      0.00      0.00      0.00      0.00      0.00
11:31:25 AM      0.00      0.00      0.00      0.00      0.00      0.00      0.00      0.00
11:31:30 AM      0.00      0.00      0.00      0.00      0.00      0.00      0.00      0.00
11:31:35 AM      0.00      0.00      0.00      0.00      0.00      0.00      0.00      0.00
11:31:40 AM      0.00      0.00      0.00      0.00      0.00      0.00      0.00      0.00
11:31:45 AM      0.00      0.00      0.00      0.00      0.00      0.00      0.00      0.00
11:31:50 AM      0.00      0.00      0.00      0.00      0.00      0.00      0.00      0.00
11:31:55 AM      0.00      0.00      0.00      0.00      0.00      0.00      0.00      0.00
11:32:00 AM      0.00      0.00      0.00      0.00      0.00      0.00      0.00      0.00
11:32:05 AM      0.00      0.00      0.00      0.00      0.00      0.00      0.00      0.00
11:32:10 AM      0.00      0.00      0.00      0.00      0.00      0.00      0.00      0.00
11:32:15 AM      0.00      0.00      0.00      0.00      0.00      0.00      0.00      0.00
11:32:20 AM      0.00      0.00      0.00      0.00      0.00      0.00      0.00      0.00
11:32:25 AM      0.00      0.00      0.00      0.00      0.00      0.00      0.00      0.00
11:32:30 AM      0.00      0.00      0.00      0.00      0.00      0.00      0.00      0.00
11:32:35 AM      0.00      0.00      0.00      0.00      0.00      0.00      0.00      0.00
11:32:40 AM      0.00      0.00      0.00      0.00      0.00      0.00      0.00      0.00
11:32:45 AM      0.00      0.00      0.00      0.00      0.00      0.00      0.00      0.00
11:32:50 AM      0.00      0.00      0.00      0.00      0.00      0.00      0.00      0.00
11:32:55 AM      0.00      0.00      0.00      0.00      0.00      0.00      0.00      0.00
11:33:00 AM      0.00      0.00      0.00      0.00      0.00      0.00      0.00      0.00
11:33:05 AM      0.00      0.00      0.00      0.00      0.00      0.00      0.00      0.00
11:33:10 AM      0.00      0.00      0.00      0.00      0.00      0.00      0.00      0.00
11:33:15 AM      0.00      0.00      0.00      0.00      0.00      0.00      0.00      0.00
11:33:20 AM      0.00      0.00      0.00      0.00      0.00      0.00      0.00      0.00
11:33:25 AM      0.00      0.00      0.00      0.00      0.00      0.00      0.00      0.00
11:33:30 AM      0.00      0.00      0.00      0.00      0.00      0.00      0.00      0.00
11:33:35 AM      0.00      0.00      0.00      0.00      0.00      0.00      0.00      0.00
11:33:40 AM      0.00      0.00      0.00      0.00      0.00      0.00      0.00      0.00
11:33:45 AM      0.00      0.00      0.00      0.00      0.00      0.00      0.00      0.00
11:33:50 AM      0.00      0.00      0.00      0.00      0.00      0.00      0.00      0.00
11:33:55 AM      0.00      0.00      0.00      0.00      0.00      0.00      0.00      0.00
11:34:00 AM      0.00      0.00      0.00      0.00      0.00      0.00      0.00      0.00
11:34:05 AM      0.00      0.00      0.00      0.00      0.00      0.00      0.00      0.00
11:34:10 AM      0.00      0.00      0.00      0.00      0.00      0.00      0.00      0.00
11:34:15 AM      0.00      0.00      0.00      0.00      0.00      0.00      0.00      0.00
11:34:20 AM      0.00      0.00      0.00      0.00      0.00      0.00      0.00      0.00
11:34:25 AM      0.00      0.00      0.00      0.00      0.00      0.00      0.00      0.00
11:34:30 AM      0.00      0.00      0.00      0.00      0.00      0.00      0.00      0.00
11:34:35 AM      0.00      0.00      0.00      0.00      0.00      0.00      0.00      0.00
11:34:40 AM      0.00      0.00      0.00      0.00      0.00      0.00      0.00      0.00
11:34:45 AM      0.00      0.00      0.00      0.00      0.00      0.00      0.00      0.00
11:34:50 AM      0.00      0.00      0.00      0.00      0.00      0.00      0.00      0.00
11:34:55 AM      0.00      0.00      0.00      0.00      0.00      0.00      0.00      0.00
11:35:00 AM      0.00      0.00      0.00      0.00      0.00      0.00      0.00      0.00
11:35:05 AM      0.00      0.00      0.00      0.00      0.00      0.00      0.00      0.00
11:35:10 AM      0.00      0.00      0.00      0.00      0.00      0.00      0.00      0.00
11:35:15 AM      0.00      0.00      0.00      0.00      0.00      0.00      0.00      0.00
11:35:20 AM      0.00      0.00      0.00      0.00      0.00      0.00      0.00      0.00
11:35:25 AM      0.00      0.00      0.00      0.00      0.00      0.00      0.00      0.00
11:35:30 AM      0.00      0.00      0.00      0.00      0.00      0.00      0.00      0.00
11:35:35 AM      0.00      0.00      0.00      0.00      0.00      0.00      0.00      0.00
11:35:40 AM      0.00      0.00      0.00      0.00      0.00      0.00      0.00      0.00
11:35:45 AM      0.00      0.00      0.00      0.00      0.00      0.00      0.00      0.00
11:35:50 AM      0.00      0.00      0.00      0.00      0.00      0.00      0.00      0.00
11:35:55 AM      0.00      0.00      0.00      0.00      0.00      0.00      0.00      0.00
11:36:00 AM      0.00      0.00      0.00      0.00      0.00      0.00      0.00      0.00
11:36:05 AM      0.00      0.00      0.00      0.00      0.00      0.00      0.00      0.00
11:36:10 AM      0.00      0.00      0.00      0.00      0.00      0.00      0.00      0.00
11:36:15 AM      0.00      0.00      0.00      0.00      0.00      0.00      0.00      0.00
11:36:20 AM      0.00      0.00      0.00      0.00      0.00      0.00      0.00      0.00
11:36:25 AM      0.00      0.00      0.00      0.00      0.00      0.00      0.00      0.00
11:36:30 AM      0.00      0.00      0.00      0.00      0.00      0.00      0.00      0.00
11:36:35 AM      0.00      0.00      0.00      0.00      0.00      0.00      0.00      0.00
11:36:40 AM      0.00      0.00      0.00      0.00      0.00      0.00      0.00      0.00
11:36:45 AM      0.00      0.00      0.00      0.00      0.00      0.00      0.00      0.00
11:36:50 AM      0.00      0.00      0.00      0.00      0.00      0.00      0.00      0.00
11:36:55 AM      0.00      0.00      0.00      0.00      0.00      0.00      0.00      0.00
11:37:00 AM      0.00      0.00      0.00      0.00      0.00      0.00      0.00      0.00
11:37:05 AM      1.44      0.26      0.05      3.31      1.44      0.26      0.05      3.31
11:37:10 AM      0.79      0.23      0.05      0.00      0.79      0.23      0.05      0.00
11:37:15 AM      0.53      0.22      0.05      0.00      0.53      0.22      0.05      0.00
11:37:20 AM      0.29      0.19      0.05      0.00      0.29      0.19      0.05      0.00
11:37:25 AM      0.19      0.18      0.04      0.00      0.19      0.18      0.04      0.00
11:37:30 AM      0.10      0.16      0.04      0.00      0.10      0.16      0.04      0.00
11:37:35 AM      0.07      0.15      0.04      0.01      0.07      0.15      0.04      0.01
11:37:40 AM      0.03      0.14      0.04      0.00      0.03      0.14      0.04      0.00
11:37:45 AM      0.02      0.13      0.04      0.00      0.02      0.13      0.04      0.00
11:37:50 AM      0.01      0.11      0.04      0.00      0.01      0.11      0.04      0.00
11:37:55 AM      0.00      0.10      0.04      0.00      0.00      0.10      0.04      0.00
11:38:00 AM      0.00      0.09      0.04      0.00      0.00      0.09      0.04      0.00
11:38:05 AM      0.90      0.25      0.07      2.34      0.90      0.25      0.07      2.34
11:38:10 AM      0.49      0.23      0.07      0.00      0.49      0.23      0.07      0.00
11:38:15 AM      0.33      0.21      0.07      0.00      0.33      0.21      0.07      0.00
11:38:20 AM      0.18      0.19      0.06      0.00      0.18      0.19      0.06      0.00
11:38:25 AM      0.12      0.18      0.06      0.00      0.12      0.18      0.06      0.00
11:38:30 AM      0.06      0.16      0.06      0.00      0.06      0.16      0.06      0.00
11:38:35 AM      3.12      0.70      0.18      6.96      3.12      0.70      0.18      6.96
11:38:40 AM      1.71      0.64      0.17      0.00      1.71      0.64      0.17      0.00
11:38:45 AM      1.14      0.60      0.17      0.00      1.14      0.60      0.17      0.00
11:38:50 AM      0.63      0.54      0.17      0.00      0.63      0.54      0.17      0.00
11:38:55 AM      0.42      0.50      0.16      0.00      0.42      0.50      0.16      0.00
11:39:00 AM      0.23      0.45      0.16      0.00      0.23      0.45      0.16      0.00
11:39:05 AM      4.32      1.18      0.31      9.24      4.32      1.18      0.31      9.24
11:39:10 AM      2.37      1.06      0.31      0.00      2.37      1.06      0.31      0.00
11:39:15 AM      1.59      0.99      0.30      0.00      1.59      0.99      0.30      0.00
11:39:20 AM      0.87      0.90      0.29      0.00      0.87      0.90      0.29      0.00
11:39:25 AM      0.58      0.84      0.29      0.00      0.58      0.84      0.29      0.00
11:39:30 AM      0.32      0.76      0.28      0.00      0.32      0.76      0.28      0.00
11:39:35 AM      0.21      0.71      0.28      0.22      0.21      0.71      0.28      0.22
11:39:40 AM      0.11      0.64      0.27      0.00      0.11      0.64      0.27      0.00
11:39:45 AM      0.07      0.60      0.27      0.00      0.07      0.60      0.27      0.00
11:39:50 AM      0.04      0.54      0.26      0.00      0.04      0.54      0.26      0.00
11:39:55 AM      0.02      0.51      0.26      0.00      0.02      0.51      0.26      0.00
11:40:00 AM      0.01      0.46      0.25      0.00      0.01      0.46      0.25      0.00
11:40:05 AM      2.72      0.92      0.35      6.25      2.72      0.92      0.35      6.25
11:40:10 AM      1.49      0.83      0.34      0.00      1.49      0.83      0.34      0.00
11:40:15 AM      1.00      0.78      0.34      0.00      1.00      0.78      0.34      0.00
11:40:20 AM      0.54      0.70      0.33      0.00      0.54      0.70      0.33      0.00
11:40:25 AM      0.36      0.66      0.33      0.00      0.36      0.66      0.33      0.00
11:40:30 AM      0.20      0.59      0.32      0.00      0.20      0.59      0.32      0.00
11:40:35 AM      1.22      0.75      0.36      2.67      1.22      0.75      0.36      2.67
11:40:40 AM      0.67      0.68      0.35      0.00      0.67      0.68      0.35      0.00
11:40:45 AM      0.44      0.63      0.34      0.00      0.44      0.63      0.34      0.00
11:40:50 AM      0.24      0.57      0.33      0.00      0.24      0.57      0.33      0.00
11:40:55 AM      0.16      0.53      0.33      0.00      0.16      0.53      0.33      0.00
11:41:00 AM      0.08      0.48      0.32      0.00      0.08      0.48      0.32      0.00
11:41:05 AM      3.68      1.11      0.45      8.15      3.68      1.11      0.45      8.15
11:41:10 AM      2.02      1.00      0.44      0.00      2.02      1.00      0.44      0.00
11:41:15 AM      1.35      0.93      0.44      0.24      1.35      0.93      0.44      0.24
11:41:20 AM      0.74      0.85      0.43      0.00      0.74      0.85      0.43      0.00
11:41:25 AM      0.49      0.79      0.42      0.00      0.49      0.79      0.42      0.00
11:41:30 AM      0.27      0.71      0.41      0.00      0.27      0.71      0.41      0.00
11:41:35 AM      0.18      0.67      0.41      0.05      0.18      0.67      0.41      0.05
11:41:40 AM      0.10      0.60      0.40      0.00      0.10      0.60      0.40      0.00
11:41:45 AM      0.06      0.56      0.39      0.00      0.06      0.56      0.39      0.00
11:41:50 AM      0.03      0.51      0.38      0.01      0.03      0.51      0.38      0.01
11:41:55 AM      0.02      0.47      0.38      0.00      0.02      0.47      0.38      0.00
11:42:00 AM      0.01      0.43      0.37      0.00      0.01      0.43      0.37      0.00
11:42:05 AM      0.55      0.50      0.38      1.53      0.55      0.50      0.38      1.53
11:42:10 AM      0.30      0.45      0.37      0.00      0.30      0.45      0.37      0.00
11:42:15 AM      0.20      0.42      0.37      0.00      0.20      0.42      0.37      0.00
11:42:20 AM      0.11      0.38      0.36      0.00      0.11      0.38      0.36      0.00
11:42:25 AM      0.07      0.35      0.35      0.00      0.07      0.35      0.35      0.00
11:42:30 AM      0.03      0.32      0.35      0.00      0.03      0.32      0.35      0.00
11:42:35 AM      4.01      1.02      0.49      8.81      4.01      1.02      0.49      8.81
11:42:40 AM      2.20      0.92      0.48      0.00      2.20      0.92      0.48      0.00
11:42:45 AM      1.47      0.86      0.47      0.00      1.47      0.86      0.47      0.00
11:42:50 AM      0.81      0.78      0.46      0.00      0.81      0.78      0.46      0.00
11:42:55 AM      0.54      0.73      0.46      0.00      0.54      0.73      0.46      0.00
11:43:00 AM      0.29      0.66      0.45      0.00      0.29      0.66      0.45      0.00
11:43:05 AM      0.74      0.71      0.46      1.20      0.74      0.71      0.46      1.20
11:43:10 AM      0.40      0.64      0.45      0.00      0.40      0.64      0.45      0.00
11:43:15 AM      0.27      0.60      0.44      0.00      0.27      0.60      0.44      0.00
11:43:20 AM      0.14      0.54      0.43      0.09      0.14      0.54      0.43      0.09
11:43:25 AM      0.09      0.51      0.43      0.00      0.09      0.51      0.43      0.00
11:43:30 AM      0.05      0.46      0.42      0.00      0.05      0.46      0.42      0.00
11:43:35 AM      1.30      0.66      0.46      3.07      1.30      0.66      0.46      3.07
11:43:40 AM      0.71      0.59      0.45      0.00      0.71      0.59      0.45      0.00
11:43:45 AM      0.47      0.55      0.44      0.00      0.47      0.55      0.44      0.00
11:43:50 AM      0.26      0.50      0.43      0.00      0.26      0.50      0.43      0.00
11:43:55 AM      0.17      0.47      0.43      0.12      0.17      0.47      0.43      0.10
11:44:00 AM      0.09      0.42      0.42      0.00      0.09      0.42      0.42      0.00
11:44:05 AM      1.87      0.72      0.48      4.25      1.87      0.72      0.48      4.24
11:44:10 AM      1.02      0.65      0.47      0.00      1.02      0.65      0.47      0.00
11:44:15 AM      0.68      0.61      0.46      0.00      0.68      0.61      0.46      0.00
11:44:20 AM      0.37      0.55      0.45      0.00      0.37      0.55      0.45      0.00
11:44:25 AM      0.25      0.51      0.45      0.00      0.25      0.51      0.45      0.00
11:44:30 AM      0.13      0.46      0.44      0.00      0.13      0.46      0.44      0.00
11:44:35 AM      0.45      0.50      0.44      0.83      0.45      0.50      0.44      0.83
11:44:40 AM      0.24      0.45      0.43      0.00      0.24      0.45      0.43      0.00
11:44:45 AM      0.16      0.42      0.43      0.00      0.16      0.42      0.43      0.00
11:44:50 AM      0.09      0.38      0.42      0.00      0.09      0.38      0.42      0.00
11:44:55 AM      0.06      0.36      0.41      0.00      0.06      0.36      0.41      0.00
11:45:00 AM      0.03      0.32      0.40      0.00      0.03      0.32      0.40      0.00
11:45:05 AM      2.01      0.66      0.47      4.56      2.01      0.66      0.47      4.56
11:45:10 AM      1.10      0.60      0.46      0.00      1.10      0.60      0.46      0.00
11:45:15 AM      0.74      0.56      0.45      0.19      0.74      0.56      0.45      0.19
11:45:20 AM      0.40      0.50      0.44      0.00      0.40      0.50      0.44      0.00
11:45:25 AM      0.27      0.47      0.44      0.00      0.27      0.47      0.44      0.00
11:45:30 AM      0.14      0.42      0.43      0.00      0.14      0.42      0.43      0.00
11:45:35 AM      0.09      0.40      0.42      0.03      0.09      0.40      0.42      0.03
11:45:40 AM      0.05      0.36      0.41      0.00      0.05      0.36      0.41      0.00
11:45:45 AM      0.03      0.33      0.41      0.00      0.03      0.33      0.41      0.00
11:45:50 AM      0.01      0.30      0.40      0.00      0.01      0.30      0.40      0.00
11:45:55 AM      0.01      0.28      0.39      0.00      0.01      0.28      0.39      0.00
11:46:00 AM      0.00      0.25      0.38      0.00      0.00      0.25      0.38      0.00
11:46:05 AM      0.91      0.40      0.41      2.37      0.91      0.40      0.41      2.37
11:46:10 AM      0.49      0.36      0.40      0.00      0.49      0.36      0.40      0.00
11:46:15 AM      0.33      0.34      0.40      0.00      0.33      0.34      0.40      0.00
11:46:20 AM      0.18      0.30      0.39      0.00      0.18      0.30      0.39      0.00
11:46:25 AM      0.12      0.28      0.38      0.01      0.12      0.28      0.38      0.01
11:46:30 AM      0.06      0.25      0.37      0.00      0.06      0.25      0.37      0.00
11:46:35 AM      2.94      0.76      0.48      6.54      2.94      0.76      0.48      6.53
11:46:40 AM      1.61      0.69      0.47      0.00      1.61      0.69      0.47      0.00
11:46:45 AM      1.08      0.64      0.46      0.01      1.08      0.64      0.46      0.00
11:46:50 AM      0.59      0.58      0.45      0.00      0.59      0.58      0.45      0.00
11:46:55 AM      0.39      0.54      0.44      0.12      0.39      0.54      0.44      0.12
11:47:00 AM      0.21      0.49      0.43      0.00      0.21      0.49      0.43      0.00
11:47:05 AM      0.14      0.46      0.43      0.07      0.14      0.46      0.43      0.07
11:47:10 AM      0.07      0.41      0.42      0.00      0.07      0.41      0.42      0.00
11:47:15 AM      0.05      0.39      0.41      0.00      0.05      0.39      0.41      0.00
11:47:20 AM      0.02      0.35      0.40      0.00      0.02      0.35      0.40      0.00
11:47:25 AM      0.01      0.32      0.40      0.00      0.01      0.32      0.40      0.00
11:47:30 AM      0.00      0.29      0.39      0.00      0.00      0.29      0.39      0.00
11:47:35 AM      1.45      0.54      0.44      3.25      1.45      0.54      0.44      3.25
11:47:40 AM      0.79      0.48      0.43      0.00      0.79      0.48      0.43      0.00
11:47:45 AM      0.53      0.45      0.42      0.00      0.53      0.45      0.42      0.00
11:47:50 AM      0.29      0.41      0.41      0.00      0.29      0.41      0.41      0.00
11:47:55 AM      0.19      0.38      0.41      0.00      0.19      0.38      0.41      0.00
11:48:00 AM      0.10      0.34      0.40      0.00      0.10      0.34      0.40      0.00
11:48:05 AM      0.43      0.39      0.40      1.08      0.43      0.39      0.40      1.08
11:48:10 AM      0.23      0.35      0.40      0.00      0.23      0.35      0.40      0.00
11:48:15 AM      0.15      0.33      0.39      0.01      0.15      0.33      0.39      0.00
11:48:20 AM      0.08      0.29      0.38      0.00      0.08      0.29      0.38      0.00
11:48:25 AM      0.05      0.27      0.38      0.00      0.05      0.27      0.38      0.00
11:48:30 AM      0.03      0.25      0.37      0.00      0.03      0.25      0.37      0.00
11:48:35 AM      0.20      0.26      0.37      0.75      0.20      0.26      0.37      0.75
11:48:40 AM      0.11      0.24      0.36      0.00      0.11      0.24      0.36      0.00
11:48:45 AM      0.07      0.22      0.35      0.00      0.07      0.22      0.35      0.00
11:48:50 AM      0.03      0.20      0.35      0.00      0.03      0.20      0.35      0.00
11:48:55 AM      0.02      0.18      0.34      0.00      0.02      0.18      0.34      0.00
11:49:00 AM      0.01      0.17      0.33      0.00      0.01      0.17      0.33      0.00
11:49:05 AM      1.09      0.35      0.37      2.66      1.09      0.35      0.37      2.66
11:49:10 AM      0.60      0.32      0.36      0.00      0.60      0.32      0.36      0.00
11:49:15 AM      0.40      0.30      0.36      0.00      0.40      0.30      0.36      0.00
11:49:20 AM      0.22      0.27      0.35      0.00      0.22      0.27      0.35      0.00
11:49:25 AM      0.14      0.25      0.34      0.00      0.14      0.25      0.34      0.00
11:49:30 AM      0.08      0.22      0.33      0.00      0.08      0.22      0.33      0.00
11:49:35 AM      1.50      0.47      0.39      3.32      1.50      0.47      0.39      3.32
11:49:40 AM      0.82      0.43      0.38      0.00      0.82      0.43      0.38      0.00
11:49:45 AM      0.55      0.40      0.37      0.00      0.55      0.40      0.37      0.00
11:49:50 AM      0.30      0.36      0.36      0.00      0.30      0.36      0.36      0.00
11:49:55 AM      0.20      0.33      0.36      0.00      0.20      0.33      0.36      0.00
11:50:00 AM      0.11      0.30      0.35      0.00      0.11      0.30      0.35      0.00
11:50:05 AM      0.07      0.28      0.34      0.24      0.07      0.28      0.34      0.24
11:50:10 AM      0.03      0.25      0.34      0.00      0.03      0.25      0.34      0.00
11:50:15 AM      0.02      0.24      0.33      0.00      0.02      0.24      0.33      0.00
11:50:20 AM      0.01      0.21      0.32      0.00      0.01      0.21      0.32      0.00
11:50:25 AM      0.00      0.20      0.32      0.00      0.00      0.20      0.32      0.00
11:50:30 AM      0.00      0.18      0.31      0.00      0.00      0.18      0.31      0.00
11:50:35 AM      0.36      0.23      0.32      0.99      0.36      0.23      0.32      0.99
11:50:40 AM      0.20      0.21      0.31      0.15      0.20      0.21      0.31      0.15
11:50:45 AM      0.13      0.19      0.31      0.00      0.13      0.19      0.31      0.00
11:50:50 AM      0.07      0.18      0.30      0.00      0.07      0.18      0.30      0.00
11:50:55 AM      0.04      0.16      0.30      0.00      0.04      0.16      0.30      0.00
11:51:00 AM      0.02      0.15      0.29      0.00      0.02      0.15      0.29      0.00
11:51:05 AM      1.28      0.37      0.33      2.83      1.28      0.37      0.33      2.83
11:51:10 AM      0.70      0.33      0.32      0.00      0.70      0.33      0.32      0.00
11:51:15 AM      0.47      0.31      0.32      0.00      0.47      0.31      0.32      0.00
11:51:20 AM      0.25      0.28      0.31      0.00      0.25      0.28      0.31      0.00
11:51:25 AM      0.17      0.26      0.31      0.00      0.17      0.26      0.31      0.00
11:51:30 AM      0.09      0.23      0.30      0.00      0.09      0.23      0.30      0.00
11:51:35 AM      0.06      0.22      0.30      0.21      0.06      0.22      0.30      0.21
11:51:40 AM      0.03      0.20      0.29      0.00      0.03      0.20      0.29      0.00
11:51:45 AM      0.02      0.18      0.28      0.00      0.02      0.18      0.28      0.00
11:51:50 AM      0.01      0.16      0.28      0.00      0.01      0.16      0.28      0.00
11:51:55 AM      0.00      0.15      0.27      0.00      0.00      0.15      0.27      0.00
11:52:00 AM      0.00      0.14      0.27      0.13      0.00      0.14      0.27      0.13
11:52:05 AM      1.63      0.42      0.33      3.96      1.63      0.42      0.33      3.96
11:52:10 AM      0.89      0.38      0.32      0.00      0.89      0.38      0.32      0.00
11:52:15 AM      0.60      0.36      0.31      0.00      0.60      0.36      0.31      0.00
11:52:20 AM      0.32      0.32      0.31      0.00      0.32      0.32      0.31      0.00
11:52:25 AM      0.22      0.30      0.30      0.00      0.22      0.30      0.30      0.00
11:52:30 AM      0.12      0.27      0.29      0.00      0.12      0.27      0.29      0.00
11:52:35 AM      1.16      0.45      0.33      2.47      1.16      0.45      0.33      2.47
11:52:40 AM      0.64      0.40      0.32      0.00      0.64      0.40      0.32      0.00
11:52:45 AM      0.42      0.38      0.32      0.00      0.42      0.38      0.32      0.00
11:52:50 AM      0.28      0.35      0.31      0.00      0.28      0.35      0.31      0.00
11:52:55 AM      0.15      0.32      0.31      0.00      0.15      0.32      0.31      0.00
11:53:00 AM      0.10      0.30      0.30      0.00      0.10      0.30      0.30      0.00
11:53:05 AM      1.68      0.56      0.36      3.89      1.68      0.56      0.36      3.89
11:53:10 AM      1.13      0.53      0.35      0.00      1.13      0.53      0.35      0.00
11:53:15 AM      0.62      0.47      0.34      0.15      0.62      0.47      0.34      0.15
11:53:20 AM      0.41      0.44      0.34      0.00      0.41      0.44      0.34      0.00
11:53:25 AM      0.22      0.40      0.33      0.00      0.22      0.40      0.33      0.00
11:53:30 AM      0.15      0.37      0.33      0.00      0.15      0.37      0.33      0.00
11:53:35 AM      0.80      0.47      0.35      1.97      0.80      0.47      0.35      1.97
11:53:40 AM      0.54      0.44      0.34      0.00      0.54      0.44      0.34      0.00
11:53:45 AM      0.29      0.39      0.33      0.00      0.29      0.39      0.33      0.00
11:53:50 AM      0.19      0.37      0.33      0.00      0.19      0.37      0.33      0.00
11:53:55 AM      0.10      0.33      0.32      0.00      0.10      0.33      0.32      0.00
11:54:00 AM      0.07      0.31      0.32      0.00      0.07      0.31      0.32      0.00
11:54:05 AM      2.39      0.70      0.40      5.18      2.39      0.70      0.40      5.18
11:54:10 AM      1.60      0.66      0.39      0.00      1.60      0.66      0.39      0.00
11:54:15 AM      0.88      0.60      0.38      0.00      0.88      0.60      0.38      0.00
11:54:20 AM      0.58      0.56      0.38      0.13      0.58      0.56      0.38      0.13
11:54:25 AM      0.32      0.50      0.37      0.00      0.32      0.50      0.37      0.00
11:54:30 AM      0.21      0.47      0.36      0.00      0.21      0.47      0.36      0.00
11:54:35 AM      1.74      0.72      0.42      3.82      1.74      0.72      0.42      3.82
11:54:40 AM      1.17      0.67      0.41      0.00      1.17      0.67      0.41      0.00
11:54:45 AM      0.64      0.61      0.40      0.00      0.64      0.61      0.40      0.00
11:54:50 AM      0.43      0.57      0.40      0.00      0.43      0.57      0.40      0.00
11:54:55 AM      0.23      0.51      0.39      0.00      0.23      0.51      0.39      0.00
11:55:00 AM      0.15      0.48      0.38      0.00      0.15      0.48      0.38      0.00
11:55:05 AM      0.08      0.43      0.37      0.01      0.08      0.43      0.37      0.01
11:55:10 AM      0.05      0.40      0.37      0.00      0.05      0.40      0.37      0.00
11:55:15 AM      0.03      0.36      0.36      0.33      0.03      0.36      0.36      0.33
11:55:20 AM      0.02      0.34      0.35      0.00      0.02      0.34      0.35      0.00
11:55:25 AM      0.01      0.31      0.34      0.00      0.01      0.31      0.34      0.00
11:55:30 AM      0.00      0.29      0.34      0.00      0.00      0.29      0.34      0.00
11:55:35 AM      0.00      0.26      0.33      0.00      0.00      0.26      0.33      0.00
11:55:40 AM      0.00      0.24      0.33      0.00      0.00      0.24      0.33      0.00
11:55:45 AM      0.00      0.22      0.32      0.00      0.00      0.22      0.32      0.00
11:55:50 AM      0.00      0.20      0.32      0.06      0.00      0.20      0.32      0.06
11:55:55 AM      0.00      0.18      0.31      0.00      0.00      0.18      0.31      0.00
11:56:00 AM      0.00      0.17      0.30      0.00      0.00      0.17      0.30      0.00
11:56:05 AM      1.08      0.35      0.34      2.52      1.08      0.35      0.34      2.52
11:56:10 AM      0.72      0.33      0.33      0.00      0.72      0.33      0.33      0.00
11:56:15 AM      0.39      0.29      0.33      0.00      0.39      0.29      0.33      0.00
11:56:20 AM      0.26      0.27      0.32      0.03      0.26      0.27      0.32      0.03
11:56:25 AM      0.14      0.25      0.31      0.00      0.14      0.25      0.31      0.00
11:56:30 AM      0.09      0.23      0.31      0.00      0.09      0.23      0.31      0.00
11:56:35 AM      1.50      0.47      0.36      3.45      1.50      0.47      0.36      3.45
11:56:40 AM      1.00      0.44      0.35      0.00      1.00      0.44      0.35      0.00
11:56:45 AM      0.55      0.40      0.34      0.19      0.55      0.40      0.34      0.19
11:56:50 AM      0.37      0.37      0.34      0.00      0.37      0.37      0.34      0.00
11:56:55 AM      0.20      0.33      0.33      0.00      0.20      0.33      0.33      0.00
11:57:00 AM      0.13      0.31      0.33      0.00      0.13      0.31      0.33      0.00
11:57:05 AM      0.79      0.41      0.35      1.83      0.79      0.41      0.35      1.83
11:57:10 AM      0.53      0.38      0.34      0.15      0.53      0.38      0.34      0.15
11:57:15 AM      0.29      0.35      0.33      0.00      0.29      0.35      0.33      0.00
11:57:20 AM      0.19      0.32      0.33      0.00      0.19      0.32      0.33      0.00
11:57:25 AM      0.10      0.29      0.32      0.00      0.10      0.29      0.32      0.00
11:57:30 AM      0.07      0.27      0.32      0.00      0.07      0.27      0.32      0.00
11:57:35 AM      1.12      0.44      0.35      2.67      1.12      0.44      0.35      2.67
11:57:40 AM      0.75      0.41      0.35      0.00      0.75      0.41      0.35      0.00
11:57:45 AM      0.41      0.37      0.34      0.00      0.41      0.37      0.34      0.00
11:57:50 AM      0.27      0.35      0.33      0.00      0.27      0.35      0.33      0.00
11:57:55 AM      0.15      0.31      0.33      0.00      0.15      0.31      0.33      0.00
11:58:00 AM      0.10      0.29      0.32      0.00      0.10      0.29      0.32      0.00
11:58:05 AM      0.05      0.26      0.31      0.03      0.05      0.26      0.31      0.03
11:58:10 AM      0.03      0.25      0.31      0.00      0.03      0.25      0.31      0.00
11:58:15 AM      0.01      0.22      0.30      0.00      0.01      0.22      0.30      0.00
11:58:20 AM      0.01      0.21      0.30      0.18      0.01      0.21      0.30      0.18
11:58:25 AM      0.00      0.18      0.29      0.00      0.00      0.18      0.29      0.00
11:58:30 AM      0.00      0.17      0.29      0.00      0.00      0.17      0.29      0.00
11:58:35 AM      1.81      0.48      0.35      4.98      1.81      0.48      0.35      4.98
11:58:40 AM      1.36      0.48      0.35      0.00      1.36      0.48      0.35      0.00
11:58:45 AM      0.74      0.44      0.34      0.00      0.74      0.44      0.34      0.00
11:58:50 AM      0.50      0.41      0.34      0.00      0.50      0.41      0.34      0.00
11:58:55 AM      0.27      0.37      0.33      0.00      0.27      0.37      0.33      0.00
11:59:00 AM      0.18      0.34      0.33      0.00      0.18      0.34      0.33      0.00
11:59:05 AM      1.91      0.64      0.39      4.83      1.91      0.64      0.39      4.83
11:59:10 AM      1.43      0.63      0.39      0.00      1.43      0.63      0.39      0.00
11:59:15 AM      0.78      0.57      0.38      0.00      0.78      0.57      0.38      0.00
11:59:20 AM      0.52      0.53      0.37      0.00      0.52      0.53      0.37      0.00
11:59:25 AM      0.28      0.48      0.36      0.00      0.28      0.48      0.36      0.00
11:59:30 AM      0.19      0.45      0.36      0.00      0.19      0.45      0.36      0.00
11:59:35 AM      0.83      0.53      0.38      1.72      0.83      0.53      0.38      1.72
11:59:40 AM      0.55      0.50      0.37      0.00      0.55      0.50      0.37      0.00
11:59:45 AM      0.30      0.45      0.36      0.00      0.30      0.45      0.36      0.00
11:59:50 AM      0.20      0.42      0.36      0.00      0.20      0.42      0.36      0.00
11:59:55 AM      0.11      0.38      0.35      0.00      0.11      0.38      0.35      0.00
12:00:00 PM      0.07      0.35      0.34      0.00      0.07      0.35      0.34      0.00
12:00:05 PM      1.12      0.52      0.38      2.55      1.12      0.52      0.38      2.55
12:00:10 PM      0.75      0.48      0.37      0.00      0.75      0.48      0.37      0.00
12:00:15 PM      0.41      0.44      0.36      0.00      0.41      0.44      0.36      0.00
12:00:20 PM      0.27      0.41      0.36      0.00      0.27      0.41      0.36      0.00
12:00:25 PM      0.15      0.37      0.35      0.00      0.15      0.37      0.35      0.00
12:00:30 PM      0.10      0.34      0.34      0.00      0.10      0.34      0.34      0.00
12:00:35 PM      2.41      0.73      0.43      6.54      2.41      0.73      0.43      6.53
12:00:40 PM      1.91      0.75      0.43      0.00      1.91      0.75      0.43      0.00
12:00:45 PM      1.04      0.68      0.42      0.00      1.04      0.68      0.42      0.00
12:00:50 PM      0.70      0.63      0.42      0.00      0.70      0.63      0.42      0.00
12:00:55 PM      0.38      0.57      0.41      0.00      0.38      0.57      0.41      0.00
12:01:00 PM      0.25      0.53      0.40      0.00      0.25      0.53      0.40      0.00
12:01:05 PM      0.50      0.55      0.41      1.00      0.50      0.55      0.41      1.00
12:01:10 PM      0.33      0.51      0.40      0.00      0.33      0.51      0.40      0.00
12:01:15 PM      0.18      0.46      0.39      0.00      0.18      0.46      0.39      0.00
12:01:20 PM      0.12      0.43      0.39      0.00      0.12      0.43      0.39      0.00
12:01:25 PM      0.06      0.39      0.38      0.00      0.06      0.39      0.38      0.00
12:01:30 PM      0.04      0.36      0.37      0.00      0.04      0.36      0.37      0.00
12:01:35 PM      1.47      0.59      0.42      3.43      1.47      0.59      0.42      3.43
12:01:40 PM      0.98      0.55      0.41      0.00      0.98      0.55      0.41      0.00
12:01:45 PM      0.54      0.50      0.40      0.00      0.54      0.50      0.40      0.00
12:01:50 PM      0.36      0.47      0.40      0.00      0.36      0.47      0.40      0.00
12:01:55 PM      0.19      0.42      0.39      0.00      0.19      0.42      0.39      0.00
12:02:00 PM      0.13      0.39      0.38      0.11      0.13      0.39      0.38      0.11
12:02:05 PM      0.61      0.45      0.40      1.57      0.61      0.45      0.40      1.57
12:02:10 PM      0.41      0.42      0.39      0.00      0.41      0.42      0.39      0.00
12:02:15 PM      0.22      0.38      0.38      0.00      0.22      0.38      0.38      0.00
12:02:20 PM      0.15      0.36      0.38      0.00      0.15      0.36      0.38      0.00
12:02:25 PM      0.08      0.32      0.37      0.00      0.08      0.32      0.37      0.00
12:02:30 PM      0.05      0.30      0.36      0.00      0.05      0.30      0.36      0.00
12:02:35 PM      0.21      0.30      0.36      0.53      0.21      0.30      0.36      0.53
12:02:40 PM      0.14      0.28      0.35      0.00      0.14      0.28      0.35      0.00
12:02:45 PM      0.07      0.25      0.35      0.00      0.07      0.25      0.35      0.00
12:02:50 PM      0.05      0.24      0.34      0.00      0.05      0.24      0.34      0.00
12:02:55 PM      0.02      0.21      0.33      0.00      0.02      0.21      0.33      0.00
12:03:00 PM      0.01      0.20      0.33      0.00      0.01      0.20      0.33      0.00
12:03:05 PM      0.91      0.34      0.36      2.06      0.91      0.34      0.36      2.06
12:03:10 PM      0.61      0.32      0.35      0.00      0.61      0.32      0.35      0.00
12:03:15 PM      0.33      0.29      0.34      0.00      0.33      0.29      0.34      0.00
12:03:20 PM      0.22      0.27      0.34      0.00      0.22      0.27      0.34      0.00
12:03:25 PM      0.12      0.24      0.33      0.00      0.12      0.24      0.33      0.00
12:03:30 PM      0.08      0.23      0.33      0.00      0.08      0.23      0.33      0.00
12:03:35 PM      0.04      0.20      0.32      0.01      0.04      0.20      0.32      0.01
12:03:40 PM      0.02      0.19      0.31      0.00      0.02      0.19      0.31      0.00
12:03:45 PM      0.01      0.17      0.31      0.00      0.01      0.17      0.31      0.00
12:03:50 PM      0.01      0.16      0.30      0.00      0.01      0.16      0.30      0.00
12:03:55 PM      0.00      0.14      0.29      0.00      0.00      0.14      0.29      0.00
12:04:00 PM      0.00      0.13      0.29      0.00      0.00      0.13      0.29      0.00
12:04:05 PM      1.63      0.41      0.34      5.19      1.63      0.41      0.34      5.19
12:04:10 PM      1.53      0.48      0.36      0.00      1.53      0.48      0.36      0.00
12:04:15 PM      0.84      0.43      0.35      0.00      0.84      0.43      0.35      0.00
12:04:20 PM      0.56      0.41      0.35      0.00      0.56      0.41      0.35      0.00
12:04:25 PM      0.31      0.37      0.34      0.00      0.31      0.37      0.34      0.00
12:04:30 PM      0.20      0.34      0.33      0.00      0.20      0.34      0.33      0.00
12:04:35 PM      1.20      0.51      0.37      2.58      1.20      0.51      0.37      2.58
12:04:40 PM      0.80      0.47      0.36      0.00      0.80      0.47      0.36      0.00
12:04:45 PM      0.44      0.43      0.35      0.00      0.44      0.43      0.35      0.00
12:04:50 PM      0.29      0.40      0.35      0.00      0.29      0.40      0.35      0.00
12:04:55 PM      0.16      0.36      0.34      0.00      0.16      0.36      0.34      0.00
12:05:00 PM      0.10      0.33      0.34      0.00      0.10      0.33      0.34      0.00
12:05:05 PM      1.14      0.50      0.37      2.77      1.14      0.50      0.37      2.77
12:05:10 PM      0.76      0.47      0.36      0.00      0.76      0.47      0.36      0.00
12:05:15 PM      0.60      0.45      0.36      0.47      0.60      0.45      0.36      0.47
12:05:20 PM      0.40      0.42      0.36      0.00      0.40      0.42      0.36      0.00
12:05:25 PM      0.22      0.38      0.35      0.00      0.22      0.38      0.35      0.00
12:05:30 PM      0.14      0.36      0.34      0.00      0.14      0.36      0.34      0.00
Average:         0.23      0.20      0.16      0.23      0.23      0.20      0.16      0.23
