Linux 7.0.10-arch1-1 (archlinux) 	05/28/2026 	_x86_64_	(4 CPU)

11:05:30 AM kbmemfree   kbavail kbmemused  %memused kbbuffers  kbcached  kbcommit   %commit  kbactive   kbinact   kbdirty   kbshmem
11:05:35 AM   4002292   4024040   3881776     49.10      2556    236264   8794280     32.00   3648396     62544      1468      5372
11:05:40 AM   4004252   4026056   3879760     49.07      2556    236276   8787432     31.97   3644516     62608      1564      5372
11:05:45 AM   4004252   4026080   3879736     49.07      2556    236288   8787432     31.97   3644588     62632       908      5372
11:05:50 AM   4004252   4026524   3879292     49.07      2556    236784   8787432     31.97   3644600     63076       152      5372
11:05:55 AM   4004252   4026524   3879292     49.07      2556    236784   8787432     31.97   3644600     63076       152      5372
11:06:00 AM   4004252   4026576   3879240     49.07      2556    236784   8787432     31.97   3644600     63128       152      5372
11:06:05 AM   3997304   4019676   3886140     49.16      2556    236880   8787432     31.97   3644604     63176       216      5372
11:06:10 AM   3997304   4019724   3886092     49.15      2556    236944   8787432     31.97   3644620     63224       292      5372
11:06:15 AM   3997556   4019812   3886004     49.15      2556    236780   8787432     31.97   3644616     63064       292      5372
11:06:20 AM   3998408   4019832   3885984     49.15      2544    235912   8787432     31.97   3644416     62432       292      5372
11:06:25 AM   3998408   4018160   3887656     49.17      2396    234492   8787432     31.97   3643780     61360       184      5356
11:06:30 AM   4000628   4017876   3887940     49.18      2396    231852   8787432     31.97   3641340     61124       180      5356
11:06:35 AM   4000124   4018116   3887700     49.18      2396    232756   8787432     31.97   3641716     61492        20      5356
11:06:40 AM   4000124   4018324   3887492     49.17      2396    232804   8787432     31.97   3641816     61600        52      5356
11:06:45 AM   4000124   4017836   3887980     49.18      2396    232316   8787432     31.97   3641332     61596        68      5356
11:06:50 AM   4000124   4017836   3887980     49.18      2396    232320   8787432     31.97   3641332     61596        72      5356
11:06:55 AM   4000124   4017836   3887980     49.18      2396    232364   8787432     31.97   3641340     61596       116      5356
11:07:00 AM   3999872   4018128   3887688     49.18      2396    232924   8787432     31.97   3641836     61644       232      5356
11:07:05 AM   3999872   4018128   3887688     49.18      2396    232964   8787432     31.97   3641836     61644       136      5356
11:07:10 AM   4009968   4017280   3888536     49.19      1400    223072   8787432     31.97   3638252     54220       136      5340
11:07:15 AM   4009400   4016304   3889512     49.20      1400    222516   8787432     31.97   3638284     53780       164      5340
11:07:20 AM   4009240   4016348   3889468     49.20      1400    222696   8787432     31.97   3638596     53716       184      5340
11:07:25 AM   4008988   4016956   3888860     49.19      1400    223680   8787432     31.97   3639468     53716       184      5340
11:07:30 AM   4008988   4017784   3888032     49.18      1400    224460   8787432     31.97   3640296     53716       184      5340
11:07:35 AM   4011872   4017352   3888464     49.18      1400    221144   8787432     31.97   3637024     53668        68      5340
11:07:40 AM   4011872   4017340   3888476     49.19      1400    221156   8787432     31.97   3637044     53640       220      5340
11:07:45 AM   4011620   4017424   3888392     49.18      1400    221452   8787432     31.97   3636996     54028       192      5340
11:07:50 AM   4011620   4017184   3888632     49.19      1400    221332   8787432     31.97   3637156     53624       260      5340
11:07:55 AM   4011368   4017716   3888100     49.18      1400    222116   8787432     31.97   3637940     53624       268      5340
11:08:00 AM   4011368   4017816   3888000     49.18      1400    222200   8787432     31.97   3638040     53624       272      5340
11:08:05 AM   4011368   4017896   3887920     49.18      1400    222172   8787432     31.97   3638116     53628       276      5340
11:08:10 AM   4011368   4018020   3887796     49.18      1400    222236   8787432     31.97   3638052     53816        24      5340
11:08:15 AM   4011368   4017396   3888420     49.18      1400    221788   8787432     31.97   3637308     53936        24      5340
11:08:20 AM   4011116   4018124   3887692     49.18      1400    222788   8795628     32.00   3638376     53856        24      5340
11:08:25 AM   4011116   4017940   3887876     49.18      1400    222524   8795628     32.00   3638300     53748        80      5340
11:08:30 AM   4010612   4021456   3884360     49.13      1400    226608   8794692     32.00   3641848     53912       100      5340
11:08:35 AM   4010612   4021504   3884312     49.13      1400    226500   8794692     32.00   3642124     53812       104      5340
11:08:40 AM   4010612   4019232   3886584     49.16      1400    224284   8794692     32.00   3638252     53672       104      5340
11:08:45 AM   4010612   4019148   3886668     49.16      1400    224296   8794692     32.00   3638132     53672       104      5340
11:08:50 AM   4017656   4020056   3885760     49.15      1400    218136   8794692     32.00   3631008     53468        24      5336
11:08:55 AM   4017656   4020208   3885608     49.15      1400    218136   8794692     32.00   3631124     53572        24      5336
11:09:00 AM   4017656   4020256   3885560     49.15      1400    218216   8794692     32.00   3631124     53620        80      5336
11:09:05 AM   4017656   4020288   3885528     49.15      1400    218216   8794692     32.00   3631124     53652       100      5336
11:09:10 AM   4017656   4020288   3885528     49.15      1400    218224   8794692     32.00   3631124     53652       108      5336
11:09:15 AM   4017656   4020292   3885524     49.15      1400    218220   8794692     32.00   3629076     53660       108      5336
11:09:20 AM   4017656   4020292   3885524     49.15      1400    218220   8794692     32.00   3629076     53660        28      5336
11:09:25 AM   4017656   4019664   3886152     49.16      1400    217672   8794692     32.00   3628892     53164        28      5336
11:09:30 AM   4017656   4019896   3885920     49.15      1400    217960   8794692     32.00   3628768     53516        28      5336
11:09:35 AM   4017656   4019840   3885976     49.15      1400    217768   8794692     32.00   3628928     53300        80      5336
11:09:40 AM   4017656   4019836   3885980     49.15      1400    217764   8794692     32.00   3628924     53300       100      5336
11:09:45 AM   4023960   4021592   3884224     49.13      1400    213312   8794692     32.00   3624476     52628       100      5336
11:09:50 AM   4023960   4021592   3884224     49.13      1400    213312   8794692     32.00   3624476     52628       100      5336
11:09:55 AM   4022196   4022784   3883032     49.12      1400    216172   8794692     32.00   3627436     52628       100      5336
11:10:00 AM   4022196   4022784   3883032     49.12      1400    216172   8794692     32.00   3627436     52628        20      5336
11:10:05 AM   4022196   4023128   3882688     49.11      1400    216516   8794692     32.00   3627312     53040        20      5336
11:10:10 AM   4022196   4022900   3882916     49.11      1400    216360   8794692     32.00   3627112     53048        80      5336
11:10:15 AM   4022196   4022612   3883204     49.12      1400    216132   8794692     32.00   3627212     52636       100      5336
11:10:20 AM   4022196   4022744   3883072     49.12      1400    216132   8794692     32.00   3627352     52636       100      5336
11:10:25 AM   4022196   4022768   3883048     49.12      1400    216156   8794692     32.00   3627392     52636       100      5336
11:10:30 AM   4022196   4022768   3883048     49.12      1400    216156   8794692     32.00   3627392     52636       100      5336
11:10:35 AM   4022196   4022768   3883048     49.12      1400    216156   8794692     32.00   3627356     52712        20      5336
11:10:40 AM   4022196   4022892   3882924     49.11      1400    216424   8794692     32.00   3627356     52836        24      5336
11:10:45 AM   4022196   4023116   3882700     49.11      1400    216504   8794692     32.00   3627356     53060        80      5336
11:10:50 AM   4022196   4022740   3883076     49.12      1400    216156   8794692     32.00   3627332     52644       100      5336
11:10:55 AM   4022196   4022768   3883048     49.12      1400    216156   8794692     32.00   3627360     52644       100      5336
11:11:00 AM   4022196   4022768   3883048     49.12      1400    216156   8794692     32.00   3627400     52644       100      5336
11:11:05 AM   4022196   4022768   3883048     49.12      1400    216156   8794692     32.00   3627400     52644       100      5336
11:11:10 AM   4022196   4022768   3883048     49.12      1400    216156   8794692     32.00   3627412     52644        20      5336
11:11:15 AM   4022196   4023016   3882800     49.11      1400    216508   8794692     32.00   3625364     52892        20      5336
11:11:20 AM   4022196   4023168   3882648     49.11      1400    216588   8794692     32.00   3625284     53124        80      5336
11:11:25 AM   4022196   4023168   3882648     49.11      1400    216588   8794692     32.00   3625284     53124       100      5336
11:11:30 AM   4022196   4023200   3882616     49.11      1400    216588   8794692     32.00   3625288     53156       100      5336
11:11:35 AM   4022196   4023200   3882616     49.11      1400    216592   8794692     32.00   3625288     53156       104      5336
11:11:40 AM   4022196   4022912   3882904     49.11      1400    216380   8794692     32.00   3625104     53052       104      5336
11:11:45 AM   4022196   4023816   3882000     49.10      1400    217392   8794692     32.00   3626000     53052        24      5336
11:11:50 AM   4022196   4024308   3881508     49.10      1400    217860   8794692     32.00   3626364     53176        24      5336
11:11:55 AM   4022196   4024640   3881176     49.09      1400    218128   8794692     32.00   3626488     53388       248      5336
11:12:00 AM   4022196   4024804   3881012     49.09      1400    218192   8794692     32.00   3626508     53540       300      5336
11:12:05 AM   4022196   4024792   3881024     49.09      1400    218180   8794692     32.00   3626496     53540       300      5336
11:12:10 AM   4022196   4024148   3881668     49.10      1400    217652   8794692     32.00   3626296     53096       300      5336
11:12:15 AM   4022196   4023764   3882052     49.10      1400    217260   8794692     32.00   3626316     52692       304      5336
11:12:20 AM   4022196   4024240   3881576     49.10      1400    217708   8794692     32.00   3626424     53064       140      5336
11:12:25 AM   4022196   4024120   3881696     49.10      1400    217604   8794692     32.00   3626100     53280        24      5336
11:12:30 AM   4022196   4024296   3881520     49.10      1400    217684   8794692     32.00   3626160     53396        80      5336
11:12:35 AM   4022196   4024296   3881520     49.10      1400    217684   8794692     32.00   3626160     53396       100      5336
11:12:40 AM   4022196   4024296   3881520     49.10      1400    217684   8794692     32.00   3626160     53396       100      5336
11:12:45 AM   4022196   4023824   3881992     49.10      1400    217260   8794692     32.00   3626204     52876       100      5336
11:12:50 AM   4022924   4023968   3881848     49.10      1400    216648   8794692     32.00   3625792     52696       100      5336
11:12:55 AM   4022924   4024108   3881708     49.10      1400    216860   8794692     32.00   3625692     52936        76      5336
11:13:00 AM   4023416   4024476   3881340     49.09      1400    216832   8794692     32.00   3625280     53224        28      5336
11:13:05 AM   4023416   4024536   3881280     49.09      1400    216956   8794692     32.00   3625444     53124        80      5336
11:13:10 AM   4024040   4024908   3880908     49.09      1400    216452   8794692     32.00   3625508     52800       100      5336
11:13:15 AM   4024040   4024908   3880908     49.09      1400    216456   8794692     32.00   3625512     52800       104      5336
11:13:20 AM   4023788   4025320   3880496     49.08      1400    217160   8794692     32.00   3626088     52792       104      5336
11:13:25 AM   4022780   4027348   3878468     49.06      1400    220404   8794692     32.00   3629176     52792        24      5336
11:13:30 AM   4015232   4026600   3879216     49.07      1400    226948   8794692     32.00   3638076     53080        24      5336
11:13:35 AM   4015232   4026848   3878968     49.06      1400    227328   8794692     32.00   3638076     53328        28      5336
11:13:40 AM   4015232   4027060   3878756     49.06      1400    227408   8794692     32.00   3638072     53544        84      5336
11:13:45 AM   4015232   4027060   3878756     49.06      1400    227408   8794692     32.00   3638072     53544       104      5336
11:13:50 AM   4015232   4027060   3878756     49.06      1400    227408   8794692     32.00   3638072     53544       104      5336
11:13:55 AM   4015232   4027060   3878756     49.06      1400    227408   8794692     32.00   3638072     53544       104      5336
11:14:00 AM   4015232   4027060   3878756     49.06      1400    227408   8794692     32.00   3638072     53544       104      5336
11:14:05 AM   4015232   4027060   3878756     49.06      1400    227408   8794692     32.00   3638072     53544        20      5336
11:14:10 AM   4015232   4027268   3878548     49.06      1400    227616   8794692     32.00   3638072     53752        20      5336
11:14:15 AM   4015232   4027268   3878548     49.06      1400    227696   8794692     32.00   3638072     53752        80      5336
11:14:20 AM   4015232   4027348   3878468     49.06      1400    227696   8794692     32.00   3638072     53832       100      5336
11:14:25 AM   4015232   4027348   3878468     49.06      1400    227696   8794692     32.00   3638072     53832       100      5336
11:14:30 AM   4015232   4027348   3878468     49.06      1400    227696   8794692     32.00   3638072     53832       100      5336
11:14:35 AM   4015232   4027348   3878468     49.06      1400    227696   8794692     32.00   3638072     53832       100      5336
11:14:40 AM   4015232   4027348   3878468     49.06      1400    227700   8794692     32.00   3638072     53832        24      5336
11:14:45 AM   4015232   4027600   3878216     49.06      1400    227956   8794692     32.00   3638072     54084        24      5336
11:14:50 AM   4015232   4027600   3878216     49.06      1400    228036   8794692     32.00   3638072     54084        80      5336
11:14:55 AM   4015232   4027688   3878128     49.05      1400    228036   8794692     32.00   3638072     54172       100      5336
11:15:00 AM   4015232   4027688   3878128     49.05      1400    228036   8794692     32.00   3638072     54172       100      5336
11:15:05 AM   4015232   4027688   3878128     49.05      1400    228036   8794692     32.00   3638072     54172       100      5336
11:15:10 AM   4015232   4027688   3878128     49.05      1400    228036   8794692     32.00   3638072     54172       100      5336
11:15:15 AM   4015232   4027688   3878128     49.05      1400    228036   8794692     32.00   3638072     54172       100      5336
11:15:20 AM   4015232   4027812   3878004     49.05      1400    228244   8794692     32.00   3638072     54296        20      5336
11:15:25 AM   4015232   4027896   3877920     49.05      1400    228324   8794692     32.00   3638072     54380        80      5336
11:15:30 AM   4015232   4027896   3877920     49.05      1400    228324   8794692     32.00   3638072     54380       100      5336
11:15:35 AM   4015232   4027976   3877840     49.05      1400    228324   8794692     32.00   3638072     54460       100      5336
11:15:40 AM   4015232   4027976   3877840     49.05      1400    228324   8794692     32.00   3638072     54460       100      5336
11:15:45 AM   4015232   4027976   3877840     49.05      1400    228324   8794692     32.00   3638072     54460       100      5336
11:15:50 AM   4015232   4027976   3877840     49.05      1400    228328   8794692     32.00   3638072     54460        24      5336
11:15:55 AM   4014992   4027996   3877820     49.05      1400    228584   8794692     32.00   3638072     54712        24      5336
11:16:00 AM   4014992   4027996   3877820     49.05      1400    228664   8794692     32.00   3638072     54712        80      5336
11:16:05 AM   4014992   4028084   3877732     49.05      1400    228664   8794692     32.00   3638072     54800       100      5336
11:16:10 AM   4014992   4028084   3877732     49.05      1400    228664   8794692     32.00   3638072     54800       100      5336
11:16:15 AM   4014992   4028084   3877732     49.05      1400    228664   8794692     32.00   3638076     54800       100      5336
11:16:20 AM   4014992   4028084   3877732     49.05      1400    228664   8794692     32.00   3638076     54800       100      5336
11:16:25 AM   4014992   4028084   3877732     49.05      1400    228664   8794692     32.00   3638076     54800        20      5336
11:16:30 AM   4014992   4028208   3877608     49.05      1400    228872   8794692     32.00   3638076     54924        20      5336
11:16:35 AM   4014992   4028380   3877436     49.05      1400    228960   8794692     32.00   3638076     55096        80      5336
11:16:40 AM   4014992   4028380   3877436     49.05      1400    228960   8794692     32.00   3638076     55096       100      5336
11:16:45 AM   4014992   4028380   3877436     49.05      1400    228960   8794692     32.00   3638076     55096       100      5336
11:16:50 AM   4014992   4028380   3877436     49.05      1400    228960   8794692     32.00   3638076     55096       100      5336
11:16:55 AM   4014992   4028480   3877336     49.04      1400    229140   8794692     32.00   3638076     55196       272      5336
11:17:00 AM   4014992   4028600   3877216     49.04      1400    229252   8794692     32.00   3638076     55316       200      5336
11:17:05 AM   4014992   4028956   3876860     49.04      1400    229540   8794692     32.00   3638076     55672       152      5336
11:17:10 AM   4014992   4029004   3876812     49.04      1400    229696   8794692     32.00   3638076     55720       288      5336
11:17:15 AM   4014992   4029120   3876696     49.04      1400    229700   8794692     32.00   3638076     55836       312      5336
11:17:20 AM   4014992   4029116   3876700     49.04      1400    229696   8794692     32.00   3638076     55832       308      5336
11:17:25 AM   4014992   4029144   3876672     49.04      1400    229724   8794692     32.00   3638076     55860       184      5336
11:17:30 AM   4014992   4029144   3876672     49.04      1400    229724   8794692     32.00   3638076     55860       180      5336
11:17:35 AM   4014992   4029144   3876672     49.04      1400    229724   8794692     32.00   3638076     55860        20      5336
11:17:40 AM   4014992   4029392   3876424     49.03      1400    230060   8794692     32.00   3638076     56108        24      5336
11:17:45 AM   4014992   4029560   3876256     49.03      1400    230140   8794692     32.00   3638076     56276        80      5336
11:17:50 AM   4014992   4029560   3876256     49.03      1400    230140   8794692     32.00   3638076     56276       100      5336
11:17:55 AM   4014992   4029560   3876256     49.03      1400    230140   8794692     32.00   3638076     56276       100      5336
11:18:00 AM   4014992   4029560   3876256     49.03      1400    230140   8794692     32.00   3638076     56276       100      5336
11:18:05 AM   4014992   4029560   3876256     49.03      1400    230140   8794692     32.00   3638076     56276       100      5336
11:18:10 AM   4014992   4029560   3876256     49.03      1400    230140   8794692     32.00   3638076     56276        20      5336
11:18:15 AM   4014992   4029848   3875968     49.03      1400    230492   8794692     32.00   3638076     56564        20      5336
11:18:20 AM   4014740   4029660   3876156     49.03      1400    230572   8794692     32.00   3638076     56628        80      5336
11:18:25 AM   4011968   4027816   3878000     49.05      1400    231472   8795112     32.00   3638640     57168       360      5336
11:18:30 AM   4011968   4027876   3877940     49.05      1400    231472   8795112     32.00   3638696     57224       360      5336
11:18:35 AM   4011968   4027876   3877940     49.05      1400    231476   8795112     32.00   3638696     57224       364      5336
11:18:40 AM   4011968   4027880   3877936     49.05      1400    231476   8795112     32.00   3638696     57228       364      5336
11:18:45 AM   4011968   4027880   3877936     49.05      1400    231476   8795112     32.00   3638696     57228       236      5336
11:18:50 AM   4011716   4027848   3877968     49.05      1400    231748   8794692     32.00   3638528     57444       236      5336
11:18:55 AM   4011464   4027736   3878080     49.05      1400    231828   8794692     32.00   3638616     57580        80      5336
11:19:00 AM   4011464   4027736   3878080     49.05      1400    231828   8794692     32.00   3638616     57580       100      5336
11:19:05 AM   4011464   4027736   3878080     49.05      1400    231828   8794692     32.00   3638616     57580       100      5336
11:19:10 AM   4011464   4027736   3878080     49.05      1400    231828   8794692     32.00   3638616     57580       100      5336
11:19:15 AM   4011464   4027736   3878080     49.05      1400    231828   8794692     32.00   3638616     57580       100      5336
11:19:20 AM   4011464   4027736   3878080     49.05      1400    231828   8794692     32.00   3638616     57580        20      5336
11:19:25 AM   4011464   4027984   3877832     49.05      1400    232132   8794692     32.00   3638616     57828        20      5336
11:19:30 AM   4011464   4028120   3877696     49.05      1400    232212   8794692     32.00   3638616     57964        80      5336
11:19:35 AM   4011464   4028120   3877696     49.05      1400    232212   8794692     32.00   3638616     57964       100      5336
11:19:40 AM   4013512   4030168   3875648     49.02      1400    232212   8794692     32.00   3638616     57964       100      5336
11:19:45 AM   4013512   4030168   3875648     49.02      1400    232212   8794692     32.00   3638616     57964       100      5336
11:19:50 AM   4013512   4030168   3875648     49.02      1400    232212   8794692     32.00   3638616     57964       100      5336
11:19:55 AM   4013512   4030168   3875648     49.02      1400    232212   8794692     32.00   3638616     57964        20      5336
11:20:00 AM   4013260   4030124   3875692     49.02      1400    232420   8794692     32.00   3638624     58172        20      5336
11:20:05 AM   4013260   4030124   3875692     49.02      1400    232500   8794692     32.00   3638624     58172        80      5336
11:20:10 AM   4013260   4030204   3875612     49.02      1400    232500   8794692     32.00   3638624     58252       100      5336
11:20:15 AM   4013260   4030204   3875612     49.02      1400    232500   8794692     32.00   3638624     58252       100      5336
11:20:20 AM   4013260   4030212   3875604     49.02      1400    232508   8794692     32.00   3638624     58260       108      5336
11:20:25 AM   4013260   4030212   3875604     49.02      1400    232508   8794692     32.00   3638624     58260       108      5336
11:20:30 AM   4013260   4030212   3875604     49.02      1400    232508   8794692     32.00   3638624     58260        28      5336
11:20:35 AM   4013008   4030208   3875608     49.02      1400    232764   8794692     32.00   3638624     58508        28      5336
11:20:40 AM   4013008   4030296   3875520     49.02      1400    232844   8794692     32.00   3638624     58596        80      5336
11:20:45 AM   4013008   4030296   3875520     49.02      1400    232848   8794692     32.00   3638624     58596       104      5336
11:20:50 AM   4013008   4030300   3875516     49.02      1400    232848   8794692     32.00   3638624     58600       104      5336
11:20:55 AM   4013008   4030300   3875516     49.02      1400    232848   8794692     32.00   3638624     58600       104      5336
11:21:00 AM   4013008   4030304   3875512     49.02      1400    232852   8794692     32.00   3638624     58604       108      5336
11:21:05 AM   4013008   4030304   3875512     49.02      1400    232852   8794692     32.00   3638624     58604        28      5336
11:21:10 AM   4012756   4030260   3875556     49.02      1400    233060   8794692     32.00   3638624     58812        28      5336
11:21:15 AM   4012504   4030016   3875800     49.02      1400    233140   8794692     32.00   3638624     58812        80      5336
11:21:20 AM   4012504   4030096   3875720     49.02      1400    233140   8794692     32.00   3638624     58892       100      5336
11:21:25 AM   4012504   4030096   3875720     49.02      1400    233140   8794692     32.00   3638624     58892       100      5336
11:21:30 AM   4012252   4029844   3875972     49.03      1400    233140   8794692     32.00   3638624     58892       100      5336
11:21:35 AM   4012252   4029844   3875972     49.03      1400    233140   8794692     32.00   3638624     58892       100      5336
11:21:40 AM   4012252   4029844   3875972     49.03      1400    233140   8794692     32.00   3638624     58892        20      5336
11:21:45 AM   4011748   4029588   3876228     49.03      1400    233396   8794692     32.00   3638624     59140        20      5336
11:21:50 AM   4011748   4029588   3876228     49.03      1400    233476   8794692     32.00   3638624     59140        80      5336
11:21:55 AM   4011508   4029472   3876344     49.03      1400    233592   8794692     32.00   3638624     59264       152      5336
11:22:00 AM   4011268   4029344   3876472     49.03      1400    233656   8794692     32.00   3638624     59376       300      5336
11:22:05 AM   4011268   4029372   3876444     49.03      1400    233656   8794692     32.00   3638624     59404       300      5336
11:22:10 AM   4011268   4029372   3876444     49.03      1400    233652   8794692     32.00   3638624     59404       300      5336
11:22:15 AM   4011268   4029372   3876444     49.03      1400    233704   8794692     32.00   3638624     59404       192      5336
11:22:20 AM   4011268   4029620   3876196     49.03      1400    233956   8794692     32.00   3638624     59652       140      5336
11:22:25 AM   4011016   4029424   3876392     49.03      1400    234036   8794692     32.00   3638624     59708       200      5336
11:22:30 AM   4011016   4029504   3876312     49.03      1400    234084   8794692     32.00   3638624     59788       148      5336
11:22:35 AM   4011016   4029552   3876264     49.03      1400    234084   8794692     32.00   3638624     59836       148      5336
11:22:40 AM   4011016   4029552   3876264     49.03      1400    234084   8794692     32.00   3638624     59836       148      5336
11:22:45 AM   4011016   4029552   3876264     49.03      1400    234084   8794692     32.00   3638624     59836        20      5336
11:22:50 AM   4011016   4029552   3876264     49.03      1400    234084   8794692     32.00   3638624     59836        20      5336
11:22:55 AM   4010260   4029044   3876772     49.04      1400    234356   8794692     32.00   3638624     60084        20      5336
11:23:00 AM   4010260   4029044   3876772     49.04      1400    234436   8794692     32.00   3638624     60084        80      5336
11:23:05 AM   4010260   4029148   3876668     49.04      1400    234436   8794692     32.00   3638624     60188       100      5336
11:23:10 AM   4010260   4029148   3876668     49.04      1400    234436   8794692     32.00   3638624     60188       100      5336
11:23:15 AM   4010260   4029148   3876668     49.04      1400    234436   8794692     32.00   3638624     60188       100      5336
11:23:20 AM   4010260   4029148   3876668     49.04      1400    234436   8794692     32.00   3638624     60188       100      5336
11:23:25 AM   4010260   4029148   3876668     49.04      1400    234436   8794692     32.00   3638624     60188        20      5336
11:23:30 AM   4010008   4029020   3876796     49.04      1400    234644   8794692     32.00   3638624     60312        20      5336
11:23:35 AM   4010008   4029188   3876628     49.04      1400    234728   8794692     32.00   3638624     60480        80      5336
11:23:40 AM   4010008   4029188   3876628     49.04      1400    234728   8794692     32.00   3638624     60480       100      5336
11:23:45 AM   4010008   4029192   3876624     49.04      1400    234732   8794692     32.00   3638624     60484       104      5336
11:23:50 AM   4008248   4027428   3878388     49.06      1400    234732   8794692     32.00   3638504     60484       104      5336
11:23:55 AM   4008248   4027432   3878384     49.06      1400    234732   8794692     32.00   3638588     60484       104      5336
11:24:00 AM   4008248   4027432   3878384     49.06      1400    234740   8794692     32.00   3638616     60484        32      5336
11:24:05 AM   4008248   4027692   3878124     49.05      1400    234992   8794692     32.00   3638616     60744        32      5336
11:24:10 AM   4008248   4027692   3878124     49.05      1400    235056   8794692     32.00   3638616     60744        80      5336
11:24:15 AM   4008248   4027756   3878060     49.05      1400    235056   8794692     32.00   3640660     60808       100      5336
11:24:20 AM   4008248   4027756   3878060     49.05      1400    235056   8794692     32.00   3640660     60808       100      5336
11:24:25 AM   4008248   4027756   3878060     49.05      1400    235056   8794692     32.00   3640660     60808       100      5336
11:24:30 AM   4008248   4027756   3878060     49.05      1400    235056   8794692     32.00   3640660     60808       100      5336
11:24:35 AM   4008248   4027756   3878060     49.05      1400    235056   8794692     32.00   3640660     60808        20      5336
11:24:40 AM   4007996   4027628   3878188     49.05      1400    235228   8794692     32.00   3640660     60932        20      5336
11:24:45 AM   4007996   4027724   3878092     49.05      1400    235276   8794692     32.00   3640660     61028        80      5336
11:24:50 AM   4007996   4027724   3878092     49.05      1400    235276   8794692     32.00   3640660     61028       100      5336
11:24:55 AM   4007996   4027724   3878092     49.05      1400    235276   8794692     32.00   3640660     61028       100      5336
11:25:00 AM   4007996   4027724   3878092     49.05      1400    235276   8794692     32.00   3640660     61028       100      5336
11:25:05 AM   4010044   4029772   3876044     49.03      1400    235276   8794692     32.00   3640660     61028       100      5336
11:25:10 AM   4010044   4029772   3876044     49.03      1400    235280   8794692     32.00   3640660     61028        24      5336
11:25:15 AM   4009792   4029716   3876100     49.03      1400    235476   8794692     32.00   3640660     61224        24      5336
11:25:20 AM   4009792   4029720   3876096     49.03      1400    235528   8794692     32.00   3640660     61228        80      5336
11:25:25 AM   4009792   4029720   3876096     49.03      1400    235528   8794692     32.00   3640660     61228       100      5336
11:25:30 AM   4009792   4029772   3876044     49.03      1400    235528   8794692     32.00   3640660     61280       100      5336
11:25:35 AM   4009792   4029772   3876044     49.03      1400    235528   8794692     32.00   3640660     61280       100      5336
11:25:40 AM   4009792   4029772   3876044     49.03      1400    235528   8794692     32.00   3640660     61280       100      5336
11:25:45 AM   4009792   4029772   3876044     49.03      1400    235528   8794692     32.00   3640660     61280        20      5336
11:25:50 AM   4009540   4029644   3876172     49.03      1400    235724   8794692     32.00   3640660     61404        20      5336
11:25:55 AM   4009288   4029392   3876424     49.03      1400    235804   8794692     32.00   3640660     61404        80      5336
11:26:00 AM   4009288   4029544   3876272     49.03      1400    235804   8794692     32.00   3640660     61556       100      5336
11:26:05 AM   4009288   4029544   3876272     49.03      1400    235804   8794692     32.00   3640660     61556       100      5336
11:26:10 AM   4009288   4029548   3876268     49.03      1400    235808   8794692     32.00   3640660     61560       104      5336
11:26:15 AM   4009288   4029548   3876268     49.03      1400    235808   8794692     32.00   3640660     61560       104      5336
11:26:20 AM   4009288   4029548   3876268     49.03      1400    235808   8794692     32.00   3640660     61560        24      5336
11:26:25 AM   4009036   4029420   3876396     49.03      1400    236044   8794692     32.00   3640660     61684        24      5336
11:26:30 AM   4009036   4029604   3876212     49.03      1400    236108   8794692     32.00   3640660     61860        80      5336
11:26:35 AM   4009036   4029604   3876212     49.03      1400    236108   8794692     32.00   3640660     61860       100      5336
11:26:40 AM   4009036   4029604   3876212     49.03      1400    236108   8794692     32.00   3640660     61860       100      5336
11:26:45 AM   4009036   4029604   3876212     49.03      1400    236108   8794692     32.00   3640660     61860       100      5336
11:26:50 AM   4009036   4029608   3876208     49.03      1400    236112   8794692     32.00   3640660     61864       104      5336
11:26:55 AM   4009036   4029608   3876208     49.03      1400    236140   8794692     32.00   3640660     61864       196      5336
11:27:00 AM   4008784   4029580   3876236     49.03      1400    236416   8794692     32.00   3640660     62088       172      5336
11:27:05 AM   4008532   4029388   3876428     49.03      1400    236508   8794692     32.00   3640660     62148       256      5336
11:27:10 AM   4008532   4029500   3876316     49.03      1400    236508   8794692     32.00   3640660     62260       296      5336
11:27:15 AM   4008532   4029500   3876316     49.03      1400    236508   8794692     32.00   3640660     62260       296      5336
11:27:20 AM   4008532   4029500   3876316     49.03      1400    236508   8794692     32.00   3640660     62260       296      5336
11:27:25 AM   4008532   4029500   3876316     49.03      1400    236508   8794692     32.00   3640660     62260        20      5336
11:27:30 AM   4008360   4029500   3876316     49.03      1400    236680   8794692     32.00   3640660     62432        20      5336
11:27:35 AM   4008280   4029496   3876320     49.03      1400    236840   8794692     32.00   3640660     62508        20      5336
11:27:40 AM   4008028   4029408   3876408     49.03      1400    236920   8794692     32.00   3640660     62672        80      5336
11:27:45 AM   4008028   4029408   3876408     49.03      1400    236928   8794692     32.00   3640660     62672       108      5336
11:27:50 AM   4008028   4029416   3876400     49.03      1400    236928   8794692     32.00   3640660     62680       108      5336
11:27:55 AM   4008028   4029416   3876400     49.03      1400    236928   8794692     32.00   3640660     62680       108      5336
11:28:00 AM   4008028   4029416   3876400     49.03      1400    236928   8794692     32.00   3640660     62680       108      5336
11:28:05 AM   4008028   4029416   3876400     49.03      1400    236928   8794692     32.00   3640660     62680        28      5336
11:28:10 AM   4007776   4029372   3876444     49.03      1400    237136   8794692     32.00   3640660     62888        28      5336
11:28:15 AM   4007776   4029372   3876444     49.03      1400    237216   8794692     32.00   3640660     62888        80      5336
11:28:20 AM   4007776   4029452   3876364     49.03      1400    237216   8794692     32.00   3640660     62968       100      5336
11:28:25 AM   4007776   4029452   3876364     49.03      1400    237216   8794692     32.00   3640660     62968       100      5336
11:28:30 AM   4007776   4029452   3876364     49.03      1400    237216   8794692     32.00   3640660     62968       100      5336
11:28:35 AM   4007776   4029452   3876364     49.03      1400    237216   8794692     32.00   3640660     62968       100      5336
11:28:40 AM   4007776   4029452   3876364     49.03      1400    237216   8794692     32.00   3640660     62968        20      5336
11:28:45 AM   4007524   4029448   3876368     49.03      1400    237472   8794692     32.00   3640660     63216        24      5336
11:28:50 AM   4007020   4029000   3876816     49.04      1400    237528   8794692     32.00   3640488     63280        80      5336
11:28:55 AM   4007020   4029008   3876808     49.04      1400    237528   8794692     32.00   3640660     63280       100      5336
11:29:00 AM   4007020   4029008   3876808     49.04      1400    237528   8794692     32.00   3640660     63280       100      5336
11:29:05 AM   4007020   4029008   3876808     49.04      1400    237528   8794692     32.00   3640660     63280       100      5336
11:29:10 AM   4007020   4029008   3876808     49.04      1400    237528   8794692     32.00   3640660     63280       100      5336
11:29:15 AM   4007020   4029008   3876808     49.04      1400    237528   8794692     32.00   3640660     63280        20      5336
11:29:20 AM   4007020   4029132   3876684     49.04      1400    237716   8794692     32.00   3640660     63404        20      5336
11:29:25 AM   4007020   4029196   3876620     49.04      1400    237788   8794692     32.00   3640660     63468        80      5336
11:29:30 AM   4007020   4029196   3876620     49.04      1400    237788   8794692     32.00   3640660     63468       100      5336
11:29:35 AM   4007020   4029268   3876548     49.03      1400    237788   8794692     32.00   3640660     63540       100      5336
11:29:40 AM   4007020   4029268   3876548     49.03      1400    237788   8794692     32.00   3640660     63540       100      5336
11:29:45 AM   4007020   4029268   3876548     49.03      1400    237788   8794692     32.00   3640660     63540       100      5336
11:29:50 AM   4007020   4029268   3876548     49.03      1400    237788   8794692     32.00   3640660     63540        20      5336
11:29:55 AM   4006768   4029144   3876672     49.04      1400    238012   8794692     32.00   3640660     63668        24      5336
11:30:00 AM   4006768   4029144   3876672     49.04      1400    238044   8794692     32.00   3640660     63668        80      5336
11:30:05 AM   4006768   4029272   3876544     49.03      1400    238044   8794692     32.00   3640660     63796       100      5336
11:30:10 AM   4006768   4029272   3876544     49.03      1400    238044   8794692     32.00   3640660     63796       100      5336
11:30:15 AM   4006768   4029272   3876544     49.03      1400    238044   8794692     32.00   3640660     63796       100      5336
11:30:20 AM   4006768   4029272   3876544     49.03      1400    238044   8794692     32.00   3640660     63796       100      5336
11:30:25 AM   4006768   4029272   3876544     49.03      1400    238044   8794692     32.00   3640660     63796        20      5336
11:30:30 AM   4006768   4029272   3876544     49.03      1400    238060   8794692     32.00   3640660     63796        20      5336
11:30:35 AM   4006768   4029320   3876496     49.03      1400    238092   8794692     32.00   3640660     63844        80      5336
11:30:40 AM   4006768   4029320   3876496     49.03      1400    238092   8794692     32.00   3640660     63844       100      5336
11:30:45 AM   4006768   4029320   3876496     49.03      1400    238092   8794692     32.00   3640660     63844       100      5336
11:30:50 AM   4006768   4029320   3876496     49.03      1400    238092   8794692     32.00   3640660     63844       100      5336
11:30:55 AM   4006768   4029320   3876496     49.03      1400    238092   8794692     32.00   3640664     63844       100      5336
11:31:00 AM   4006768   4029320   3876496     49.03      1400    238092   8794692     32.00   3640664     63844        20      5336
11:31:05 AM   4006516   4029068   3876748     49.04      1400    238092   8794692     32.00   3640664     63844        20      5336
11:31:10 AM   4006516   4029068   3876748     49.04      1400    238092   8794692     32.00   3640664     63844        80      5336
11:31:15 AM   4006516   4029068   3876748     49.04      1400    238092   8794692     32.00   3640664     63844       100      5336
11:31:20 AM   4006516   4029068   3876748     49.04      1400    238096   8794692     32.00   3640664     63844       104      5336
11:31:25 AM   4006516   4029080   3876736     49.04      1400    238104   8794692     32.00   3640664     63856       112      5336
11:31:30 AM   4006516   4029080   3876736     49.04      1400    238104   8794692     32.00   3640664     63856       112      5336
11:31:35 AM   4006516   4029080   3876736     49.04      1400    238104   8794692     32.00   3640664     63856        32      5336
11:31:40 AM   4006516   4029080   3876736     49.04      1400    238108   8794692     32.00   3640664     63856        36      5336
11:31:45 AM   4006516   4029084   3876732     49.04      1400    238108   8794692     32.00   3640664     63860        80      5336
11:31:50 AM   4006516   4029084   3876732     49.04      1400    238108   8794692     32.00   3640664     63860       100      5336
11:31:55 AM   4006516   4029088   3876728     49.04      1400    238112   8794692     32.00   3640668     63864       272      5336
11:32:00 AM   4006516   4029084   3876732     49.04      1400    238108   8794692     32.00   3640668     63860       300      5336
11:32:05 AM   4006516   4029084   3876732     49.04      1400    238108   8794692     32.00   3640672     63860       288      5336
11:32:10 AM   4006516   4029084   3876732     49.04      1400    238108   8794692     32.00   3640672     63860       136      5336
11:32:15 AM   4006516   4029084   3876732     49.04      1400    238112   8794692     32.00   3640672     63860       188      5336
11:32:20 AM   4006264   4028832   3876984     49.04      1400    238108   8794692     32.00   3640672     63860       276      5336
11:32:25 AM   4006264   4028832   3876984     49.04      1400    238108   8794692     32.00   3640672     63860       296      5336
11:32:30 AM   4006264   4028832   3876984     49.04      1400    238108   8794692     32.00   3640672     63860       180      5336
11:32:35 AM   4006264   4028832   3876984     49.04      1400    238108   8794692     32.00   3640672     63860       180      5336
11:32:40 AM   4006264   4028832   3876984     49.04      1400    238108   8794692     32.00   3640672     63860       180      5336
11:32:45 AM   4006264   4028832   3876984     49.04      1400    238108   8794692     32.00   3640672     63860        20      5336
11:32:50 AM   4006264   4028832   3876984     49.04      1400    238108   8794692     32.00   3640672     63860        20      5336
11:32:55 AM   4006264   4028832   3876984     49.04      1400    238112   8794692     32.00   3640672     63860        80      5336
11:33:00 AM   4006264   4028836   3876980     49.04      1400    238112   8794692     32.00   3640672     63864       100      5336
11:33:05 AM   4006264   4028836   3876980     49.04      1400    238112   8794692     32.00   3640672     63864       100      5336
11:33:10 AM   4006264   4028836   3876980     49.04      1400    238112   8794692     32.00   3640672     63864       100      5336
11:33:15 AM   4006264   4028836   3876980     49.04      1400    238112   8794692     32.00   3640672     63864       100      5336
11:33:20 AM   4006264   4028836   3876980     49.04      1400    238112   8794692     32.00   3640672     63864       100      5336
11:33:25 AM   4006264   4028836   3876980     49.04      1400    238112   8794692     32.00   3640672     63864        20      5336
11:33:30 AM   4006264   4028836   3876980     49.04      1400    238112   8794692     32.00   3640672     63864        80      5336
11:33:35 AM   4006264   4028836   3876980     49.04      1400    238112   8794692     32.00   3640672     63864       100      5336
11:33:40 AM   4006264   4028836   3876980     49.04      1400    238112   8794692     32.00   3640672     63864       100      5336
11:33:45 AM   4006264   4028836   3876980     49.04      1400    238112   8794692     32.00   3640672     63864       100      5336
11:33:50 AM   4006092   4028664   3877152     49.04      1400    238112   8794692     32.00   3640328     63864       100      5336
11:33:55 AM   4006012   4028580   3877236     49.04      1400    238116   8794692     32.00   3640560     63864        24      5336
11:34:00 AM   4006012   4028588   3877228     49.04      1400    238116   8794692     32.00   3640680     63868        24      5336
11:34:05 AM   4006012   4028588   3877228     49.04      1400    238116   8794692     32.00   3640680     63868        80      5336
11:34:10 AM   4006012   4028588   3877228     49.04      1400    238116   8794692     32.00   3640680     63868       100      5336
11:34:15 AM   4006012   4028588   3877228     49.04      1400    238116   8794692     32.00   3640680     63868       100      5336
11:34:20 AM   4006012   4028588   3877228     49.04      1400    238116   8794692     32.00   3640680     63868       100      5336
11:34:25 AM   4006012   4028588   3877228     49.04      1400    238116   8794692     32.00   3640680     63868       100      5336
11:34:30 AM   4006012   4028588   3877228     49.04      1400    238116   8794692     32.00   3640680     63868       100      5336
11:34:35 AM   4006012   4028588   3877228     49.04      1400    238116   8794692     32.00   3640680     63868        20      5336
11:34:40 AM   4006012   4028588   3877228     49.04      1400    238116   8794692     32.00   3640680     63868        80      5336
11:34:45 AM   4006012   4028588   3877228     49.04      1400    238116   8794692     32.00   3640680     63868       100      5336
11:34:50 AM   4006012   4028588   3877228     49.04      1400    238116   8794692     32.00   3640680     63868       100      5336
11:34:55 AM   4006012   4028588   3877228     49.04      1400    238116   8794692     32.00   3640680     63868       100      5336
11:35:00 AM   4006012   4028588   3877228     49.04      1400    238116   8794692     32.00   3640680     63868       100      5336
11:35:05 AM   4006012   4028588   3877228     49.04      1400    238116   8794692     32.00   3640680     63868        20      5336
11:35:10 AM   4006012   4028596   3877220     49.04      1400    238124   8794692     32.00   3640680     63876        28      5336
11:35:15 AM   4006012   4028596   3877220     49.04      1400    238124   8794692     32.00   3640680     63876        80      5336
11:35:20 AM   4006012   4028596   3877220     49.04      1400    238124   8794692     32.00   3640680     63876       100      5336
11:35:25 AM   4006012   4028596   3877220     49.04      1400    238124   8794692     32.00   3640680     63876       100      5336
11:35:30 AM   4006012   4028596   3877220     49.04      1400    238124   8794692     32.00   3640680     63876       100      5336
11:35:35 AM   4006012   4028596   3877220     49.04      1400    238124   8794692     32.00   3640680     63876       100      5336
11:35:40 AM   4006012   4028596   3877220     49.04      1400    238124   8794692     32.00   3640680     63876        20      5336
11:35:45 AM   4006012   4028596   3877220     49.04      1400    238124   8794692     32.00   3640680     63876        20      5336
11:35:50 AM   4006012   4028596   3877220     49.04      1400    238124   8794692     32.00   3640680     63876        80      5336
11:35:55 AM   4006012   4028596   3877220     49.04      1400    238124   8794692     32.00   3640680     63876       100      5336
11:36:00 AM   4006012   4028596   3877220     49.04      1400    238128   8794692     32.00   3640680     63876       104      5336
11:36:05 AM   2322936   2345524   5560292     70.33      1400    238128   8794692     32.00   5318084     63880       104      5336
11:36:10 AM   2322460   2345048   5560768     70.34      1400    238128   8794692     32.00   5318084     63880       104      5336
11:36:15 AM   2322460   2345048   5560768     70.34      1400    238128   8794692     32.00   5318112     63880        24      5336
11:36:20 AM   2322208   2344796   5561020     70.34      1400    238128   8794692     32.00   5318112     63880        24      5336
11:36:25 AM   2322208   2344796   5561020     70.34      1400    238128   8794692     32.00   5318112     63880        80      5336
11:36:30 AM   2322208   2344796   5561020     70.34      1400    238132   8794692     32.00   5318112     63880       104      5336
11:36:35 AM    645180    667772   7238044     91.55      1400    238132   8794692     32.00   6994012     63884       104      5336
11:36:40 AM    645180    667772   7238044     91.55      1400    238132   8794692     32.00   6994012     63884       104      5336
11:36:45 AM    645020    667612   7238204     91.56      1400    238132   8794692     32.00   6994100     63884       104      5336
11:36:50 AM    644940    667532   7238284     91.56      1400    238132   8794692     32.00   6994100     63884        24      5336
11:36:55 AM    644940    667532   7238284     91.56      1400    238136   8794692     32.00   6994100     63884       196      5336
11:37:00 AM    644688    667284   7238532     91.56      1400    238136   8794692     32.00   6994100     63888       164      5336
11:37:05 AM    138372     68916   7836900     99.13        24    124136   8794692     32.00   5624712   1957180       120      5164
11:37:10 AM    134572     65516   7840300     99.17        24    125020   8794692     32.00   5625460   1957248       220      5164
11:37:15 AM    133816     64952   7840864     99.18        24    125308   8794692     32.00   5625888   1957300       224      5164
11:37:20 AM    133564     64724   7841092     99.18        24    125304   8794692     32.00   5625932   1957300       220      5164
11:37:25 AM    133564     64724   7841092     99.18        24    125304   8794692     32.00   5625960   1957300       220      5164
11:37:30 AM    133564     64844   7840972     99.18        24    125684   8794692     32.00   5625988   1957520       140      5164
11:37:35 AM    133312     64804   7841012     99.18        24    125968   8794692     32.00   5626464   1957540       140      5164
11:37:40 AM    133088     64604   7841212     99.18        24    126016   8794692     32.00   5626464   1957588        80      5164
11:37:45 AM    133088     64604   7841212     99.18        24    126016   8794692     32.00   5626464   1957588       100      5164
11:37:50 AM    133088     64604   7841212     99.18        24    126016   8794692     32.00   5626464   1957588       100      5164
11:37:55 AM    133088     64604   7841212     99.18        24    126016   8794692     32.00   5626464   1957588       100      5164
11:38:00 AM    133088     64604   7841212     99.18        24    126016   8794692     32.00   5626464   1957588       100      5164
11:38:05 AM    217076    148212   7757604     98.13        24    125256   8794692     32.00   6355488   1135560       100      5164
11:38:10 AM    327152    258348   7647468     96.73        24    125392   8794692     32.00   6244896   1135684        24      5164
11:38:15 AM    326676    257896   7647920     96.74        24    125428   8794692     32.00   6244984   1135732        84      5164
11:38:20 AM    326040    257260   7648556     96.75        24    125472   8794692     32.00   6244988   1135732       104      5164
11:38:25 AM    325960    257248   7648568     96.75        24    125564   8794692     32.00   6245112   1135764       104      5164
11:38:30 AM    325960    257248   7648568     96.75        24    125564   8794692     32.00   6245112   1135764       104      5164
11:38:35 AM    175024     70004   7835812     99.11        12     53000   8794692     32.00   4347460   3188412       104      5096
11:38:40 AM    160620     60272   7845544     99.24        12     62512   8794692     32.00   4356692   3188528        20      5096
11:38:45 AM    152376     52268   7853548     99.34        24     62816   8794692     32.00   4358092   3188184        20      5096
11:38:50 AM    152124     52016   7853800     99.34        24     62896   8794692     32.00   4358092   3188184        80      5096
11:38:55 AM    135824     37572   7868244     99.52        24     66640   8794692     32.00   4366928   3185692       100      5096
11:39:00 AM    135824     37628   7868188     99.52        24     66644   8794692     32.00   4367032   3185648       104      5096
11:39:05 AM    173392     75520   7830296     99.04        24     67288   8794692     32.00   5317232   2205504        80      5096
11:39:10 AM    173168     75484   7830332     99.05        24     67668   8794692     32.00   5317604   2205504       100      5096
11:39:15 AM    167924     70256   7835560     99.11        24     67696   8794692     32.00   5320080   2204280       100      5096
11:39:20 AM    167924     70320   7835496     99.11        24     67872   8794692     32.00   5320080   2204404        20      5096
11:39:25 AM    159732     62128   7843688     99.21        24     67872   8794692     32.00   5321540   2203632        20      5096
11:39:30 AM    159732     62152   7843664     99.21        24     67872   8794692     32.00   5321540   2203684        20      5096
11:39:35 AM    152380     54800   7851016     99.31        24     67952   8794692     32.00   5424860   2101348        80      5096
11:39:40 AM    152236     54696   7851120     99.31        24     67952   8794692     32.00   5424900   2101304       100      5096
11:39:45 AM    152236     54696   7851120     99.31        24     67952   8794692     32.00   5424900   2101304       100      5096
11:39:50 AM    148960     51420   7854396     99.35        24     67952   8794692     32.00   5426476   2100544       100      5096
11:39:55 AM    148960     51420   7854396     99.35        24     67952   8794692     32.00   5426476   2100544       100      5096
11:40:00 AM    145756     48216   7857600     99.39        24     67952   8794692     32.00   5428004   2099760       100      5096
11:40:05 AM    118940     19984   7885832     99.75        24     65124   8794692     32.00   2950328   4646048         0      5096
11:40:10 AM    117960     19084   7886732     99.76        24     65280   8794692     32.00   2950556   4646076        20      5096
11:40:15 AM    117960     19084   7886732     99.76        24     65348   8794692     32.00   2950556   4646076        20      5096
11:40:20 AM    117960     19120   7886696     99.76        24     65348   8794692     32.00   2950628   4646076        20      5096
11:40:25 AM    117960     19120   7886696     99.76        24     65348   8794692     32.00   2950628   4646076        20      5096
11:40:30 AM    117960     19120   7886696     99.76        24     65348   8794692     32.00   2950628   4646076        20      5096
11:40:35 AM    191288     92480   7813336     98.83        24     65504   8794692     32.00   3417844   4104588        80      5096
11:40:40 AM    179288     80536   7825280     98.98        24     65524   8794692     32.00   3422104   4101360       100      5096
11:40:45 AM    179520     80768   7825048     98.98        24     65524   8794692     32.00   3422104   4101360       100      5096
11:40:50 AM    177996     79244   7826572     99.00        24     65524   8794692     32.00   3423816   4100044       100      5096
11:40:55 AM    177992     79240   7826576     99.00        24     65524   8794692     32.00   3423820   4100044       100      5096
11:41:00 AM    173248     74496   7831320     99.06        24     65524   8794692     32.00   3428760   4096124       100      5096
11:41:05 AM    112928    112928   7792888     98.57        24     23392   8794692     32.00   5946536   1649064         0      4328
11:41:10 AM    112704    112704   7793112     98.57        24     23392   8794692     32.00   5946764   1649064        20      4328
11:41:15 AM    183836     70840   7834976     99.10        24     37276   8794692     32.00   5964964   1560144        80      4328
11:41:20 AM    182324     69376   7836440     99.12        24     37276   8794692     32.00   5965028   1560244       100      4328
11:41:25 AM    182324     69376   7836440     99.12        24     37384   8794692     32.00   5965028   1560244       100      4328
11:41:30 AM    182324     69432   7836384     99.12        24     37384   8794692     32.00   5965136   1560244       100      4328
11:41:35 AM    117728      4928   7900888     99.94        24     37620   8794692     32.00   6375164   1215020       100      4328
11:41:40 AM    117476      4704   7901112     99.94        24     37624   8794692     32.00   6375316   1215024       104      4328
11:41:45 AM    101444    101444   7804372     98.72        24     51276   8794692     32.00   6388648   1215164        24      4328
11:41:50 AM    126692     21968   7883848     99.72        24     53732   8794692     32.00   4935520   2645964        80      4328
11:41:55 AM    109304     11088   7894728     99.86        24     66848   8794692     32.00   4948512   2646024       272      4328
11:42:00 AM    108296     10696   7895120     99.86        24     67976   8794692     32.00   4949900   2646112       304      4328
11:42:05 AM    146728     48844   7856972     99.38        24     67344   8794692     32.00   5434308   2122700       184      4224
11:42:10 AM    142180     44312   7861504     99.44        24     67344   8794692     32.00   5436216   2121528       184      4224
11:42:15 AM    142076     44208   7861608     99.44        24     67348   8794692     32.00   5436152   2121424       304      4224
11:42:20 AM    136348     38640   7867176     99.51        24     67664   8794692     32.00   5438288   2120284       140      4224
11:42:25 AM    136348     38680   7867136     99.51        24     67744   8794692     32.00   5438284   2120368        80      4224
11:42:30 AM    125412     29480   7876336     99.63        24     71212   8794692     32.00   5444992   2118060       100      4224
11:42:35 AM    154812     47440   7858376     99.40        24     46296   8794692     32.00   1190812   6358132       108      2176
11:42:40 AM    153728     46504   7859312     99.41        24     46580   8794692     32.00   1191308   6358140       108      2176
11:42:45 AM    153728     46504   7859312     99.41        24     46580   8794692     32.00   1191308   6358140       108      2176
11:42:50 AM    153728     46504   7859312     99.41        24     46580   8794692     32.00   1191308   6358140        28      2176
11:42:55 AM    153728     46628   7859188     99.41        24     46868   8794692     32.00   1191308   6358388        28      2176
11:43:00 AM    153728     46688   7859128     99.41        24     46948   8794692     32.00   1191304   6358512        80      2176
11:43:05 AM    137084     28080   7877736     99.64        24     43024   8794692     32.00   2461420   5104104       100      2176
11:43:10 AM    136860     27856   7877960     99.65        24     43024   8794692     32.00   2461420   5104104       100      2176
11:43:15 AM    119224     19208   7886608     99.76        24     61028   8794692     32.00   2481428   5104104       100      2176
11:43:20 AM    215668    118784   7787032     98.50        24     67264   8794692     32.00   2496256   4993500       100      2176
11:43:25 AM    215444    118560   7787256     98.50        24     67264   8794692     32.00   2496284   4993500        20      2176
11:43:30 AM    215444    118624   7787192     98.50        24     67472   8794692     32.00   2496284   4993624        20      2176
11:43:35 AM    127328     30512   7875304     99.61        24     67480   8794692     32.00   2931076   4649036        80      2176
11:43:40 AM    126824     30008   7875808     99.62        24     67480   8794692     32.00   2931076   4649036       100      2176
11:43:45 AM    126824     30048   7875768     99.62        24     67480   8794692     32.00   2931120   4649116       100      2176
11:43:50 AM    126824     30048   7875768     99.62        24     67480   8794692     32.00   2931120   4649116       100      2176
11:43:55 AM    161472     70260   7835556     99.11        24     78608   8794692     32.00   2917380   4628708        80      2176
11:44:00 AM    161248     70036   7835780     99.11        24     78608   8794692     32.00   2917380   4628708       100      2176
11:44:05 AM    147960     47564   7858252     99.40        24     58188   8794692     32.00   1087240   6472260        20       124
11:44:10 AM    147484     47140   7858676     99.40        24     58416   8794692     32.00   1087364   6472260        20       124
11:44:15 AM    139252     38972   7866844     99.51        24     58420   8794692     32.00   1098876   6461876        24       124
11:44:20 AM    139252     38972   7866844     99.51        24     58420   8794692     32.00   1098944   6461876        24       124
11:44:25 AM    137780     37500   7868316     99.53        24     58420   8794692     32.00   1107512   6454148        24       124
11:44:30 AM    137528     37248   7868568     99.53        24     58500   8794692     32.00   1107512   6454148        80       124
11:44:35 AM    134620     33908   7871908     99.57        24     57640   8794692     32.00   1578528   5995040       100       124
11:44:40 AM    134396     33684   7872132     99.57        24     57640   8794692     32.00   1578528   5995040       100       124
11:44:45 AM    126856     26188   7879628     99.67        24     57640   8794692     32.00   1585964   5988776       100       124
11:44:50 AM    126856     26188   7879628     99.67        24     57644   8794692     32.00   1585980   5988780       104       124
11:44:55 AM    123908     23240   7882576     99.71        24     57644   8794692     32.00   1610796   5965256       104       124
11:45:00 AM    123908     23364   7882452     99.70        24     57932   8794692     32.00   1610796   5965504        24       124
11:45:05 AM    119384      9280   7896536     99.88        24     38772   8794692     32.00   7212816    371540        80       124
11:45:10 AM    119160      9056   7896760     99.89        24     38772   8794692     32.00   7212816    371540       100       124
11:45:15 AM    194156     87064   7818752     98.90        24     44792   8794692     32.00   7242264    267948       100       124
11:45:20 AM    194156     87064   7818752     98.90        24     44792   8794692     32.00   7242276    267948       100       124
11:45:25 AM    194156     87064   7818752     98.90        24     44792   8794692     32.00   7242276    267948       100       124
11:45:30 AM    194156     87064   7818752     98.90        24     44792   8794692     32.00   7242276    267948        20       124
11:45:35 AM    143504     36516   7869300     99.54        24     45000   8794692     32.00   7292860    268156        20       124
11:45:40 AM    143252     36264   7869552     99.54        24     45080   8794692     32.00   7292860    268156        80       124
11:45:45 AM    143252     36304   7869512     99.54        24     45080   8794692     32.00   7292860    268236       100       124
11:45:50 AM    143252     36304   7869512     99.54        24     45080   8794692     32.00   7292860    268236       100       124
11:45:55 AM    143252     36304   7869512     99.54        24     45080   8794692     32.00   7292860    268236       100       124
11:46:00 AM    143076     36128   7869688     99.54        24     45080   8794692     32.00   7292860    268236       100       124
11:46:05 AM    196136     81076   7824740     98.97        12     28972   8794692     32.00   1321348   6190144        80       124
11:46:10 AM    195884     81012   7824804     98.98        24     29432   8794692     32.00   1321520   6190344        20       124
11:46:15 AM    181968     67172   7838644     99.15        24     29432   8794692     32.00   1348268   6164960        20       124
11:46:20 AM    181968     67172   7838644     99.15        24     29440   8794692     32.00   1348272   6164964        28       124
11:46:25 AM    184244     69452   7836364     99.12        24     29440   8794692     32.00   1362360   6152412        28       124
11:46:30 AM    184164     69372   7836444     99.12        24     29440   8794692     32.00   1362348   6152336        28       124
11:46:35 AM    153156     32168   7873648     99.59        12     17108   8794692     32.00   2832452   4709712        28       124
11:46:40 AM    153156     32168   7873648     99.59        12     17188   8794692     32.00   2832564   4709712        84       124
11:46:45 AM    118212      9652   7896164     99.88        12     42012   8794692     32.00   2857568   4709792       100       124
11:46:50 AM    117916     10672   7895144     99.87        12     44612   8794692     32.00   2861536   4708996       100       124
11:46:55 AM    207420    108536   7797280     98.63        12     61368   8794692     32.00   2889812   4598548       276       128
11:47:00 AM    206976    108368   7797448     98.63        12     61928   8794692     32.00   2890492   4598620       308       128
11:47:05 AM    169596     72800   7833016     99.08        12     65536   8794692     32.00   3032320   4497144       308       128
11:47:10 AM    168840     72416   7833400     99.08        24     66372   8794692     32.00   3032792   4497540        24       128
11:47:15 AM    168840     72488   7833328     99.08        24     66536   8794692     32.00   3033392   4497688       252       128
11:47:20 AM    164744     68488   7837328     99.13        24     66564   8794692     32.00   3034500   4496988       300       128
11:47:25 AM    164744     68488   7837328     99.13        24     66564   8794692     32.00   3034500   4496988       180       128
11:47:30 AM    162728     67940   7837876     99.14        24     69596   8794692     32.00   3038508   4496184       180       128
11:47:35 AM    131812     14236   7891580     99.82        12     24008   8794692     32.00   3880856   3680988       180       128
11:47:40 AM    131572     14104   7891712     99.82        12     24188   8794692     32.00   3881200   3680928        20       128
11:47:45 AM    130816     13536   7892280     99.83        24     24524   8794692     32.00   3881200   3681300        20       128
11:47:50 AM    127036     11472   7894344     99.85        24     28056   8794692     32.00   3884548   3681388        80       128
11:47:55 AM    127036     11472   7894344     99.85        24     28056   8794692     32.00   3884548   3681388       100       128
11:48:00 AM    126592     11080   7894736     99.86        24     28056   8794692     32.00   3884652   3681388       100       128
11:48:05 AM    180808     57628   7848188     99.27        12     12784   8794692     32.00   3502332   4011344       100       128
11:48:10 AM    176340     53188   7852628     99.33        12     12788   8794692     32.00   3514468   4000468       104       128
11:48:15 AM    170796     50692   7855124     99.36        12     19040   8794692     32.00   3520576   4000468        24       128
11:48:20 AM    129400     25500   7880316     99.68        24     51296   8794692     32.00   3558856   3995808        24       128
11:48:25 AM    129400     25500   7880316     99.68        24     51520   8794692     32.00   3558868   3995808        80       128
11:48:30 AM    123320     19540   7886276     99.75        24     51520   8794692     32.00   3570560   3985636       100       128
11:48:35 AM    132668     29040   7876776     99.63        24     51888   8794692     32.00   3937008   3613944       100       128
11:48:40 AM    128588     24992   7880824     99.68        24     51888   8794692     32.00   3949048   3603308       100       128
11:48:45 AM    128588     24992   7880824     99.68        24     51888   8794692     32.00   3949052   3603308       100       128
11:48:50 AM    122060     18464   7887352     99.77        24     51888   8794692     32.00   4002292   3551772        20       128
11:48:55 AM    113748     15988   7889828     99.80        24     63568   8794692     32.00   4016452   3552348        20       128
11:49:00 AM    129864     32148   7873668     99.59        24     63648   8794692     32.00   4029608   3538996        80       128
11:49:05 AM    126920     28488   7877328     99.64        12     62228   8794692     32.00   1589572   5971388       100       128
11:49:10 AM    126920     28488   7877328     99.64        12     62228   8794692     32.00   1589668   5971384       100       128
11:49:15 AM    124400     25968   7879848     99.67        12     62228   8794692     32.00   1592880   5971384       100       128
11:49:20 AM    124176     25744   7880072     99.67        12     62228   8794692     32.00   1593108   5971384       100       128
11:49:25 AM    123924     25492   7880324     99.68        12     62244   8794692     32.00   1593108   5971384        20       128
11:49:30 AM    123672     25368   7880448     99.68        24     62520   8794692     32.00   1593108   5971636        24       128
11:49:35 AM    142004     29420   7876396     99.63        12     34128   8794692     32.00   3557732   4007396        80       128
11:49:40 AM    141780     29368   7876448     99.63        12     34368   8794692     32.00   3558096   4007484       100       128
11:49:45 AM    141780     29420   7876396     99.63        12     34368   8794692     32.00   3558164   4007552       100       128
11:49:50 AM    141780     29420   7876396     99.63        12     34368   8794692     32.00   3558200   4007552       100       128
11:49:55 AM    141780     29420   7876396     99.63        12     34368   8794692     32.00   3558200   4007552       100       128
11:50:00 AM    141780     29424   7876392     99.63        12     34376   8794692     32.00   3558200   4007560        28       128
11:50:05 AM    115460      3152   7902664     99.96        24     34464   8794692     32.00   3691832   3895272        28       128
11:50:10 AM    123524     11252   7894564     99.86        24     34536   8794692     32.00   3695328   3890312        80       128
11:50:15 AM    123048     10776   7895040     99.86        24     34536   8794692     32.00   3695328   3890312       100       128
11:50:20 AM    123048     10776   7895040     99.86        24     34536   8794692     32.00   3695340   3890312       100       128
11:50:25 AM    114100      2016   7903800     99.97        24     34920   8794692     32.00   3703144   3883716       100       128
11:50:30 AM    114100      2020   7903796     99.97        24     34920   8794692     32.00   3703164   3883716       100       128
11:50:35 AM    122848      6996   7898820     99.91        24     27368   8794692     32.00   5630960   1942280        20       124
11:50:40 AM    194412     78056   7827760     99.01        24     26368   8794692     32.00   5650196   1852776        20       124
11:50:45 AM    193936     77584   7828232     99.02        24     26448   8794692     32.00   5650284   1852784        80       124
11:50:50 AM    193936     77584   7828232     99.02        24     26448   8794692     32.00   5650284   1852784       100       124
11:50:55 AM    193936     77624   7828192     99.02        24     26448   8794692     32.00   5650284   1852864       100       124
11:51:00 AM    193936     77624   7828192     99.02        24     26448   8794692     32.00   5650284   1852864       100       124
11:51:05 AM    160868     42228   7863588     99.47        12     21980   8794692     32.00   1271000   6254504       100       124
11:51:10 AM    160240     41724   7864092     99.47        12     22248   8794692     32.00   1271216   6254536        20       124
11:51:15 AM    136804     24692   7881124     99.69        24     34856   8794692     32.00   1287976   6254760        24       124
11:51:20 AM    133024     22340   7883476     99.72        24     37832   8794692     32.00   1290768   6254840        80       124
11:51:25 AM    132832     22612   7883204     99.71        24     38632   8794692     32.00   1291752   6254844       104       124
11:51:30 AM    132800     23012   7882804     99.71        24     39560   8794692     32.00   1292644   6254844       104       124
11:51:35 AM    150452     40728   7865088     99.48        24     39704   8794692     32.00   1380392   6152436        80       124
11:51:40 AM    149948     40224   7865592     99.49        24     39704   8794692     32.00   1380392   6152436       100       124
11:51:45 AM    144788     38472   7867344     99.51        24     46788   8794692     32.00   1387556   6152556       100       124
11:51:50 AM    144180     38168   7867648     99.52        24     47048   8794692     32.00   1388420   6152780        20       124
11:51:55 AM    116208     23096   7882720     99.71        24     73072   8794692     32.00   1414332   6152864       192       128
11:52:00 AM    218120    125148   7780668     98.42        24     73136   8794692     32.00   1415028   6050532       220       128
11:52:05 AM    172136     72536   7833280     99.08        12     60160   8794692     32.00   4258484   3257416       144       128
11:52:10 AM    167936     68568   7837248     99.13        12     60432   8794692     32.00   4259208   3257564       280       128
11:52:15 AM    160516     61368   7844448     99.22        16     60856   8794692     32.00   4267384   3251432       184       128
11:52:20 AM    160292     61156   7844660     99.23        16     60852   8794692     32.00   4267464   3251460       180       128
11:52:25 AM    161668     62612   7843204     99.21        24     61060   8794692     32.00   4287172   3233220        20       128
11:52:30 AM    149320     54112   7851704     99.32        24     68804   8794692     32.00   4294888   3233312        20       128
11:52:35 AM    188608     85908   7819908     98.91        24     53676   8794692     32.00   6280180   1221392        20       128
11:52:40 AM    188608     85908   7819908     98.91        24     53676   8794692     32.00   6280180   1221392        20       128
11:52:45 AM    188356     85696   7820120     98.92        24     53756   8794692     32.00   6280212   1221472        80       128
11:52:50 AM    188356     85696   7820120     98.92        24     53756   8794692     32.00   6280212   1221472       100       128
11:52:55 AM    188356     85696   7820120     98.92        24     53756   8794692     32.00   6280216   1221472       100       128
11:53:00 AM    188356     85696   7820120     98.92        24     53756   8794692     32.00   6280216   1221472       100       128
11:53:05 AM    119668    119668   7786148     98.49        12     14708   8794692     32.00   1394964   6175904       100       124
11:53:10 AM    119428    119428   7786388     98.49        12     15000   8794692     32.00   1395088   6175904       100       124
11:53:15 AM    165508     51732   7854084     99.35        24     31524   8794692     32.00   1467472   6058292        20       124
11:53:20 AM    149420     41808   7864008     99.47        24     43972   8794692     32.00   1480100   6058460        80       124
11:53:25 AM    149420     41856   7863960     99.47        24     43972   8794692     32.00   1480244   6058460       100       124
11:53:30 AM    148664     41484   7864332     99.48        24     44824   8794692     32.00   1481036   6058460       100       124
11:53:35 AM    155624     47736   7858080     99.40        24     43360   8794692     32.00   2443940   5098444         0       124
11:53:40 AM    155400     47544   7858272     99.40        24     43360   8794692     32.00   2444100   5098508        20       124
11:53:45 AM    155400     47544   7858272     99.40        24     43368   8794692     32.00   2444104   5098508        28       124
11:53:50 AM    155148     47356   7858460     99.40        24     43576   8794692     32.00   2444104   5098640        28       124
11:53:55 AM    138536     38472   7867344     99.51        24     59008   8794692     32.00   2461940   5099320        28       124
11:54:00 AM    138536     38504   7867312     99.51        24     59008   8794692     32.00   2462088   5099332        28       124
11:54:05 AM    134052     24844   7880972     99.69        24     40660   8794692     32.00   4643560   2924224        28       124
11:54:10 AM    119084      9876   7895940     99.88        24     40740   8794692     32.00   4648088   2921172        80       124
11:54:15 AM    119084      9916   7895900     99.87        24     40744   8794692     32.00   4648092   2921252       104       124
11:54:20 AM    239224    129456   7776360     98.36        24     39536   8794692     32.00   4769684   2696912        24       124
11:54:25 AM    239224    129456   7776360     98.36        24     39536   8794692     32.00   4769684   2696912        24       124
11:54:30 AM    220884    112404   7793412     98.58        24     42116   8794692     32.00   4775884   2694460        24       124
11:54:35 AM    184468     63656   7842160     99.19        12     17484   8794692     32.00   1268760   6240008        24       124
11:54:40 AM    184036     63360   7842456     99.20        12     17800   8794692     32.00   1269116   6239952        28       124
11:54:45 AM    184036     63392   7842424     99.20        12     17896   8794692     32.00   1269116   6240016        80       124
11:54:50 AM    183784     63188   7842628     99.20        12     17896   8794692     32.00   1269112   6240116       100       124
11:54:55 AM    183784     63188   7842628     99.20        12     17896   8794692     32.00   1269112   6240116       100       124
11:55:00 AM    183784     63188   7842628     99.20        12     17896   8794692     32.00   1269124   6240116       100       124
11:55:05 AM    124516      4008   7901808     99.95        12     18224   8794692     32.00   1438808   6129456        20       124
11:55:10 AM    124140      3736   7902080     99.95        12     18280   8794692     32.00   1439360   6129376        20       124
11:55:15 AM    197236     82840   7822976     98.95        24     30308   8794692     32.00   1997308   5504776        20       124
11:55:20 AM    197012     82724   7823092     98.95        24     30500   8794692     32.00   1997444   5504904        80       124
11:55:25 AM    197012     82724   7823092     98.95        24     30500   8794692     32.00   1997444   5504904       100       124
11:55:30 AM    197012     82724   7823092     98.95        24     30500   8794692     32.00   1997444   5504904       100       124
11:55:35 AM    115868      5332   7900484     99.93        24     38012   8794692     32.00   2078480   5504904       100       124
11:55:40 AM    115868      5336   7900480     99.93        24     38012   8794692     32.00   2078504   5504904       100       124
11:55:45 AM    115868      5336   7900480     99.93        24     38012   8794692     32.00   2078504   5504904        20       124
11:55:50 AM    137824     27216   7878600     99.66        24     37972   8794692     32.00   3456324   4111892        20       124
11:55:55 AM    137600     27008   7878808     99.66        24     38052   8794692     32.00   3456324   4111928        80       124
11:56:00 AM    137600     27088   7878728     99.66        24     38052   8794692     32.00   3456340   4112088       100       124
11:56:05 AM    124524     11748   7894068     99.85        12     33616   8794692     32.00   4710668   2870924        80       124
11:56:10 AM    116108      3384   7902432     99.96        12     33636   8794692     32.00   4713708   2868928       100       124
11:56:15 AM    116108      3384   7902432     99.96        12     33636   8794692     32.00   4713708   2868928       100       124
11:56:20 AM    135668     18136   7887680     99.77        12     24024   8794692     32.00   2877168   4695828       100       124
11:56:25 AM    131664     16304   7889512     99.79        24     28360   8794692     32.00   2881296   4696040        20       124
11:56:30 AM    119376      4020   7901796     99.95        24     28360   8794692     32.00   2883080   4695188        20       124
11:56:35 AM    119028      3036   7902780     99.96         8     27124   8794692     32.00   3197928   4382532        20       124
11:56:40 AM    118552      2736   7903080     99.97         8     27460   8794692     32.00   3198272   4382644        80       124
11:56:45 AM    207876     99380   7806436     98.74         8     42124   8794692     32.00   3213800   4280244       100       124
11:56:50 AM    206240     99024   7806792     98.75         8     44660   8794692     32.00   3216728   4280256       100       124
11:56:55 AM    176532     81432   7824384     98.97         8     68928   8794692     32.00   3241136   4280340       272       128
11:57:00 AM    175776     80956   7824860     98.98         8     69456   8794692     32.00   3242168   4280416       300       128
11:57:05 AM    115520     19672   7886144     99.75         8     67560   8794692     32.00   2906264   4679492       200       128
11:57:10 AM    174740     79520   7826296     98.99        20     68708   8794692     32.00   2910900   4613464        80       128
11:57:15 AM    171224     76272   7829544     99.04        20     69212   8794692     32.00   2914516   4613596       272       132
11:57:20 AM    170972     76036   7829780     99.04        20     69244   8794692     32.00   2914524   4613628       304       132
11:57:25 AM    170972     76104   7829712     99.04        20     69460   8794692     32.00   2914660   4613660       312       132
11:57:30 AM    165204     72680   7833136     99.08        20     74244   8794692     32.00   2919620   4613668       312       132
11:57:35 AM    189748     74808   7831008     99.05         8     29380   8794692     32.00   2798696   4706912        96       132
11:57:40 AM    189576     74924   7830892     99.05        20     29980   8794692     32.00   2798936   4707264        20       132
11:57:45 AM    189392     74964   7830852     99.05        20     30228   8794692     32.00   2799244   4707536        20       132
11:57:50 AM    186368     72932   7832884     99.08        20     32216   8794692     32.00   2801244   4707536        20       132
11:57:55 AM    186368     72936   7832880     99.08        20     32220   8794692     32.00   2801244   4707540        24       132
11:58:00 AM    186368     72936   7832880     99.08        20     32220   8794692     32.00   2801244   4707540        24       132
11:58:05 AM    139748     26420   7879396     99.67        20     32528   8794692     32.00   2846144   4707540        24       132
11:58:10 AM    139496     26168   7879648     99.67        20     32608   8794692     32.00   2846144   4707540        80       132
11:58:15 AM    129928     17016   7888800     99.78        20     33264   8794692     32.00   2862812   4693060        20       132
11:58:20 AM    162736     58936   7846880     99.25        20     51576   8794692     32.00   4212812   3305192        20       132
11:58:25 AM    169712     65956   7839860     99.17        20     51576   8794692     32.00   4219512   3300124        20       132
11:58:30 AM    169712     65956   7839860     99.17        20     51576   8794692     32.00   4219512   3300124        20       132
11:58:35 AM    162452     56236   7849580     99.29        20     46648   8794692     32.00   3770000   3777276        20       124
11:58:40 AM    160888     54736   7851080     99.31        20     46872   8794692     32.00   3770016   3777380        20       124
11:58:45 AM    160384     54320   7851496     99.31        20     46952   8794692     32.00   3770148   3777508        80       124
11:58:50 AM    160384     54320   7851496     99.31        20     46952   8794692     32.00   3770148   3777508       100       124
11:58:55 AM    142516     43528   7862288     99.45        20     61136   8794692     32.00   3786796   3778004       100       124
11:59:00 AM    142516     43528   7862288     99.45        20     61136   8794692     32.00   3786796   3778004       100       124
11:59:05 AM    170888     53016   7852800     99.33         8     23396   8794692     32.00   1680220   5856108       100       124
11:59:10 AM    170584     52832   7852984     99.33         8     23756   8794692     32.00   1680420   5856156        20       124
11:59:15 AM    141352     33344   7872472     99.58        20     43108   8794692     32.00   1703764   5856488        20       124
11:59:20 AM    140876     32884   7872932     99.58        20     43188   8794692     32.00   1703888   5856488        80       124
11:59:25 AM    132056     28592   7877224     99.64        20     52152   8794692     32.00   1713012   5856568       100       124
11:59:30 AM    132056     28592   7877224     99.64        20     52152   8794692     32.00   1713012   5856568       100       124
11:59:35 AM    147296     42512   7863304     99.46        20     49584   8794692     32.00   2387664   5167108       100       124
11:59:40 AM    147296     42512   7863304     99.46        20     49584   8794692     32.00   2387664   5167108       100       124
11:59:45 AM    147296     42584   7863232     99.46        20     49652   8794692     32.00   2387856   5167108        20       124
11:59:50 AM    147044     42396   7863420     99.46        20     49880   8794692     32.00   2387860   5167236        24       124
11:59:55 AM    146288     42048   7863768     99.47        20     50600   8794692     32.00   2388500   5167416        80       124
12:00:00 PM    146288     42048   7863768     99.47        20     50600   8794692     32.00   2388500   5167416       100       124
12:00:05 PM    191648     83968   7821848     98.94        20     43720   8794692     32.00   5405444   2102456       100       124
12:00:10 PM    191424     83744   7822072     98.94        20     43720   8794692     32.00   5405444   2102456       100       124
12:00:15 PM    191424     83744   7822072     98.94        20     43720   8794692     32.00   5405516   2102456       100       124
12:00:20 PM    191424     83744   7822072     98.94        20     43724   8794692     32.00   5405516   2102456        24       124
12:00:25 PM    191172     84540   7821276     98.93        20     45812   8794692     32.00   5407356   2102732        24       124
12:00:30 PM    191172     84540   7821276     98.93        20     45892   8794692     32.00   5407356   2102732        80       124
12:00:35 PM    146800     27884   7877932     99.65         8     21432   8794692     32.00    957628   6604244       144       124
12:00:40 PM    131576     19460   7886356     99.75         8     35016   8794692     32.00    971256   6604364       100       124
12:00:45 PM    131576     19520   7886296     99.75         8     35016   8794692     32.00    971376   6604364       100       124
12:00:50 PM    123512     12652   7893164     99.84         8     37476   8794692     32.00    973876   6604368       100       124
12:00:55 PM    123512     12704   7893112     99.84         8     37476   8794692     32.00    973988   6604368       100       124
12:01:00 PM    123260     12516   7893300     99.84        20     37620   8794692     32.00    973996   6604492        20       124
12:01:05 PM    194804     78340   7827476     99.01        20     26148   8794692     32.00   2049828   5447588        20       124
12:01:10 PM    194580     78120   7827696     99.01        20     26236   8794692     32.00   2049900   5447596        80       124
12:01:15 PM    186768     76892   7828924     99.03        20     39348   8794692     32.00   2065260   5447676       100       124
12:01:20 PM    183240     74368   7831448     99.06        20     41412   8794692     32.00   2067324   5447676       100       124
12:01:25 PM    183240     74368   7831448     99.06        20     41412   8794692     32.00   2067324   5447676       100       124
12:01:30 PM    183240     74408   7831408     99.06        20     41412   8794692     32.00   2067404   5447676       100       124
12:01:35 PM    160500     48972   7856844     99.38         8     36132   8794692     32.00   6265040   1273604        20       124
12:01:40 PM    160276     48796   7857020     99.38         8     36132   8794692     32.00   6265144   1273672        20       124
12:01:45 PM    145140     39852   7865964     99.50         8     48768   8794692     32.00   6277872   1273672        80       124
12:01:50 PM    144904     39872   7865944     99.50         8     49028   8794692     32.00   6278764   1273836       100       124
12:01:55 PM    110660     17644   7888172     99.78         8     73136   8794692     32.00   6302932   1273908       272       128
12:02:00 PM    132296     35936   7869880     99.55         8     66492   8794692     32.00     24724   7537036       304       128
12:02:05 PM    163464     53292   7852524     99.33         8     38944   8794692     32.00   3541272   3980064       200       128
12:02:10 PM    154756     50992   7854824     99.36         8     51604   8794692     32.00   3554220   3980180       296       128
12:02:15 PM    151732     49948   7855868     99.37        20     55544   8794692     32.00   3557808   3980612       140       128
12:02:20 PM    151732     50316   7855500     99.36        20     56308   8794692     32.00   3558520   3980688       184       128
12:02:25 PM    151732     50348   7855468     99.36        20     56312   8794692     32.00   3558704   3980692       188       128
12:02:30 PM    148456     49604   7856212     99.37        20     61464   8794692     32.00   3564116   3980692       188       128
12:02:35 PM    146232     46888   7858928     99.41        20     60396   8794692     32.00   2047940   5497272       188       128
12:02:40 PM    146008     46704   7859112     99.41        20     60476   8794692     32.00   2048060   5497356       128       128
12:02:45 PM    146008     46768   7859048     99.41        20     60668   8794692     32.00   2048080   5497480        20       128
12:02:50 PM    146008     46800   7859016     99.41        20     60668   8794692     32.00   2048080   5497548        20       128
12:02:55 PM    146008     46800   7859016     99.41        20     60668   8794692     32.00   2048080   5497548        20       128
12:03:00 PM    146008     46800   7859016     99.41        20     60668   8794692     32.00   2048084   5497548        20       128
12:03:05 PM    207112     86808   7819008     98.90         8     18648   8794692     32.00   2503980   4979824        80       128
12:03:10 PM    199300     82820   7822996     98.95         8     26140   8794692     32.00   2511592   4979924       100       128
12:03:15 PM    188212     75908   7829908     99.04         8     34508   8794692     32.00   2523928   4979924       100       128
12:03:20 PM    174380     67704   7838112     99.14         8     45744   8794692     32.00   2535904   4980008       100       128
12:03:25 PM    166568     62500   7843316     99.21         8     51076   8794692     32.00   2541236   4980016       104       128
12:03:30 PM    166568     62560   7843256     99.21         8     51076   8794692     32.00   2541372   4980032       104       128
12:03:35 PM    135572     32036   7873780     99.59         8     52132   8794692     32.00   2573876   4980032        24       128
12:03:40 PM    135572     32296   7873520     99.59        20     52532   8794692     32.00   2574092   4980444        80       128
12:03:45 PM    135572     32296   7873520     99.59        20     52532   8794692     32.00   2574092   4980444       100       128
12:03:50 PM    135572     32296   7873520     99.59        20     52532   8794692     32.00   2574100   4980444       100       128
12:03:55 PM    135572     32296   7873520     99.59        20     52532   8794692     32.00   2574100   4980444       100       128
12:04:00 PM    126196     28348   7877468     99.64        20     63424   8794692     32.00   2587636   4980704       100       128
12:04:05 PM    180256     76268   7829548     99.04         8     51332   8794692     32.00   1560556   5960384       100       128
12:04:10 PM    178052     75452   7830364     99.05        20     53976   8794692     32.00   1563232   5960468        20       128
12:04:15 PM    178052     75500   7830316     99.05        20     54056   8794692     32.00   1563420   5960456        80       128
12:04:20 PM    175028     73244   7832572     99.07        20     55520   8794692     32.00   1565136   5960536       100       128
12:04:25 PM    174804     73084   7832732     99.08        20     55648   8794692     32.00   1565296   5960536       100       128
12:04:30 PM    174804     73084   7832732     99.08        20     55652   8794692     32.00   1565296   5960536       104       128
12:04:35 PM    178820     58728   7847088     99.26         4     18916   8794692     32.00   2251368   5269668       104       124
12:04:40 PM    174032     55796   7850020     99.29         4     22716   8794692     32.00   2255088   5269668        24       124
12:04:45 PM    174032     56028   7849788     99.29        16     23104   8794692     32.00   2255312   5270104        28       124
12:04:50 PM    170000     52052   7853764     99.34        16     23188   8794692     32.00   2255344   5270220        80       124
12:04:55 PM    170000     52052   7853764     99.34        16     23188   8794692     32.00   2255344   5270220       100       124
12:05:00 PM    170000     52052   7853764     99.34        16     23192   8794692     32.00   2255344   5270220       104       124
12:05:05 PM    127264      2308   7903508     99.97        16      9172   8794692     32.00   2850260   4721536       104       124
12:05:10 PM    127052      2096   7903720     99.97        16      9172   8794692     32.00   2850420   4721532       104       124
12:05:15 PM    217380     99364   7806452     98.74         4     23080   8794692     32.00   1528420   5952712        24       124
12:05:20 PM    216372    100200   7805616     98.73        16     26868   8794692     32.00   1531796   5953060        24       124
12:05:25 PM    197472     89372   7816444     98.87        16     43024   8794584     32.00   1547888   5953140        88       124
12:05:30 PM    197472     89372   7816444     98.87        16     43024   8794584     32.00   1547888   5953140       100       124
Average:      2138292   2097692   5808124     73.47       773    145520   8794374     32.00   3576740   1988228       102      3351
