Linux 7.0.10-arch1-1 (archlinux) 	05/30/2026 	_x86_64_	(4 CPU)

11:14:37 AM kbmemfree   kbavail kbmemused  %memused kbbuffers  kbcached  kbcommit   %commit  kbactive   kbinact   kbdirty   kbshmem
11:14:42 AM   3995104   4010004   3895808     49.28      2556    229600   8787392     31.97   3642396     62900      1084      5372
11:14:47 AM   3995104   4010004   3895808     49.28      2556    229604   8787392     31.97   3642396     62900      1152      5372
11:14:52 AM   3994880   4009784   3896028     49.28      2556    229652   8787392     31.97   3642528     62904      1196      5372
11:14:57 AM   3994880   4009828   3895984     49.28      2556    229648   8787392     31.97   3642528     62948       584      5372
11:15:02 AM   3994880   4009672   3896140     49.28      2556    229492   8787392     31.97   3642364     62892       584      5372
11:15:07 AM   4004364   3999928   3905884     49.41      1812    211076   8787392     31.97   3635308     49464       348      5372
11:15:12 AM   4004364   4000936   3904876     49.39      1812    211968   8787392     31.97   3636212     49584       400      5320
11:15:17 AM   4004364   4000476   3905336     49.40      1812    211516   8787392     31.97   3635760     49468       148      5320
11:15:22 AM   4004364   4000484   3905328     49.40      1812    211520   8787392     31.97   3635804     49480       272      5320
11:15:27 AM   4004364   4000484   3905328     49.40      1812    211516   8787392     31.97   3635804     49480       268      5320
11:15:32 AM   4004444   4002284   3903528     49.38      1812    213408   8787392     31.97   3637532     49480       276      5320
11:15:37 AM   4004312   4001932   3903880     49.38      1820    213112   8787392     31.97   3637028     49420       320      5320
11:15:42 AM   4004232   4002060   3903752     49.38      1820    213216   8787392     31.97   3637180     49524       148      5320
11:15:47 AM   4004232   4002108   3903704     49.38      1820    213312   8787392     31.97   3637188     49572       224      5320
11:15:52 AM   4003584   4001508   3904304     49.39      1820    213312   8787392     31.97   3637188     49620       116      5320
11:15:57 AM   4003584   4001508   3904304     49.39      1820    213312   8787392     31.97   3637188     49620       116      5320
11:16:02 AM   4003584   4001508   3904304     49.39      1820    213312   8787392     31.97   3637168     49620       116      5320
11:16:07 AM   4003584   4001508   3904304     49.39      1820    213312   8787392     31.97   3637164     49620       116      5320
11:16:12 AM   4003584   4001460   3904352     49.39      1820    213264   8787392     31.97   3637080     49620        20      5320
11:16:17 AM   4003332   4001388   3904424     49.39      1820    213468   8787392     31.97   3637000     49868        20      5320
11:16:22 AM   4003836   4001588   3904224     49.38      1820    213244   8787392     31.97   3636980     49580       232      5320
11:16:27 AM   4003836   4001640   3904172     49.38      1820    213272   8787392     31.97   3637036     49576       276      5320
11:16:32 AM   4003836   4001720   3904092     49.38      1820    213272   8787392     31.97   3637036     49656       276      5320
11:16:37 AM   4003836   4001720   3904092     49.38      1820    213272   8787392     31.97   3637036     49656       276      5320
11:16:42 AM   4003836   4001720   3904092     49.38      1820    213276   8787392     31.97   3637044     49656       288      5320
11:16:47 AM   4003836   4001720   3904092     49.38      1820    213272   8787392     31.97   3637048     49656       156      5320
11:16:52 AM   4003332   4001468   3904344     49.39      1820    213532   8787392     31.97   3637076     49908        20      5320
11:16:57 AM   4003080   4001272   3904540     49.39      1820    213660   8787392     31.97   3637072     49964       244      5320
11:17:02 AM   4003080   4001352   3904460     49.39      1820    213660   8787392     31.97   3637076     50044       264      5320
11:17:07 AM   4003080   4001352   3904460     49.39      1820    213660   8787392     31.97   3637064     50044       268      5320
11:17:12 AM   4003080   4001352   3904460     49.39      1820    213664   8787392     31.97   3637064     50044       280      5320
11:17:17 AM   4012572   4010848   3894964     49.27      1820    213664   8787392     31.97   3632972     50048       280      5320
11:17:22 AM   4012320   4010768   3895044     49.27      1820    213872   8787392     31.97   3632968     50220       152      5320
11:17:27 AM   4012068   4010656   3895156     49.27      1820    214012   8795588     32.00   3633000     50360        76      5320
11:17:32 AM   4012068   4010768   3895044     49.27      1820    214140   8795588     32.00   3633012     50472       160      5320
11:17:37 AM   4011532   4011456   3894356     49.26      1820    215336   8794652     32.00   3633824     50604       180      5320
11:17:42 AM   4011532   4010580   3895232     49.27      1812    214472   8794652     32.00   3633712     49876       184      5320
11:17:47 AM   4011532   4010460   3895352     49.27      1812    214364   8794652     32.00   3633680     49896       324      5320
11:17:52 AM   4011532   4010456   3895356     49.27      1812    214360   8794652     32.00   3633680     49892       320      5320
11:17:57 AM   4011280   4010780   3895032     49.27      1820    214900   8794652     32.00   3633648     50496       108      5320
11:18:02 AM   4011280   4010784   3895028     49.27      1820    214908   8794652     32.00   3633652     50496        72      5320
11:18:07 AM   4011280   4010848   3894964     49.27      1820    215000   8794652     32.00   3633652     50560       128      5320
11:18:12 AM   4011280   4010776   3895036     49.27      1820    214936   8794652     32.00   3633520     50584       296      5320
11:18:17 AM   4011280   4010836   3894976     49.27      1820    214944   8794652     32.00   3633524     50644       304      5320
11:18:22 AM   4011280   4010836   3894976     49.27      1820    214944   8794652     32.00   3633524     50644       304      5320
11:18:27 AM   4011028   4010708   3895104     49.27      1820    215088   8794652     32.00   3633524     50768       144      5320
11:18:32 AM   4011028   4010708   3895104     49.27      1820    215088   8794652     32.00   3633524     50768       144      5320
11:18:37 AM   4011028   4010728   3895084     49.27      1820    215136   8794652     32.00   3633532     50788       192      5320
11:18:42 AM   4020680   4005056   3900756     49.34      1820    199820   8794652     32.00   3615848     50328       144      5316
11:18:47 AM   4020680   4005256   3900556     49.34      1820    199960   8794652     32.00   3616104     50360       164      5316
11:18:52 AM   4020680   4005256   3900556     49.34      1820    199960   8794652     32.00   3616104     50360       164      5316
11:18:57 AM   4020680   4005256   3900556     49.34      1820    199960   8794652     32.00   3616112     50360       164      5316
11:19:02 AM   4020932   4004328   3901484     49.35      1816    198864   8794652     32.00   3615792     49328       164      5316
11:19:07 AM   4020932   4004780   3901032     49.34      1820    199304   8794652     32.00   3615892     49700        20      5316
11:19:12 AM   4021508   4005436   3900376     49.34      1816    199392   8794652     32.00   3616596     49032        20      5316
11:19:17 AM   4021508   4005792   3900020     49.33      1816    199672   8794652     32.00   3616872     49144        96      5316
11:19:22 AM   4022040   4005808   3900004     49.33      1816    199156   8794652     32.00   3616100     49144       116      5316
11:19:27 AM   4022040   4005580   3900232     49.33      1816    198944   8794652     32.00   3615704     49116       116      5316
11:19:32 AM   4022040   4005524   3900288     49.33      1816    198880   8794652     32.00   3615716     49116       116      5316
11:19:37 AM   4022040   4005532   3900280     49.33      1816    198880   8794652     32.00   3615752     49116        20      5316
11:19:42 AM   4022040   4005764   3900048     49.33      1816    199220   8794652     32.00   3616060     49116        20      5316
11:19:47 AM   4022040   4006228   3899584     49.33      1820    199572   8794652     32.00   3616276     49432        24      5316
11:19:52 AM   4022040   4006272   3899540     49.32      1820    199664   8794652     32.00   3616272     49480        96      5316
11:19:57 AM   4022040   4006136   3899676     49.33      1820    199480   8794652     32.00   3615964     49516       116      5316
11:20:02 AM   4022040   4006148   3899664     49.33      1820    199496   8794652     32.00   3616024     49516       116      5316
11:20:07 AM   4022040   4005804   3900008     49.33      1820    199224   8794652     32.00   3615836     49380       116      5316
11:20:12 AM   4022040   4006024   3899788     49.33      1820    199448   8794652     32.00   3616092     49380       116      5316
11:20:17 AM   4022040   4006104   3899708     49.33      1820    199448   8794652     32.00   3616216     49380        20      5316
11:20:22 AM   4022040   4006352   3899460     49.32      1820    199776   8794652     32.00   3616216     49628        20      5316
11:20:27 AM   4022040   4006528   3899284     49.32      1820    199872   8794652     32.00   3616224     49804        96      5316
11:20:32 AM   4022040   4006528   3899284     49.32      1820    199872   8794652     32.00   3616224     49804       116      5316
11:20:37 AM   4022040   4006528   3899284     49.32      1820    199872   8794652     32.00   3616224     49804       116      5316
11:20:42 AM   4022040   4006468   3899344     49.32      1820    199812   8794652     32.00   3616160     49808       120      5316
11:20:47 AM   4022040   4006424   3899388     49.32      1820    199768   8794652     32.00   3616036     49800       120      5316
11:20:52 AM   4022040   4006500   3899312     49.32      1820    199844   8794652     32.00   3616160     49800        24      5316
11:20:57 AM   4021788   4006488   3899324     49.32      1820    200084   8794652     32.00   3616168     50040        24      5316
11:21:02 AM   4021788   4006372   3899440     49.32      1820    200016   8794652     32.00   3615972     50088        96      5316
11:21:07 AM   4021788   4006348   3899464     49.32      1820    199996   8794652     32.00   3615944     50088       120      5316
11:21:12 AM   4021788   4006936   3898876     49.32      1820    200588   8794652     32.00   3616472     50232       312      5316
11:21:17 AM   4021788   4006936   3898876     49.32      1820    200592   8794652     32.00   3616472     50232       316      5316
11:21:22 AM   4021960   4005808   3900004     49.33      1816    199496   8794652     32.00   3616336     49092       316      5316
11:21:27 AM   4022040   4005888   3899924     49.33      1816    199448   8794652     32.00   3616324     49048       136      5316
11:21:32 AM   4021616   4006140   3899672     49.33      1820    199956   8794652     32.00   3616560     49536       188      5316
11:21:37 AM   4021536   4006104   3899708     49.33      1820    200080   8794652     32.00   3616560     49580       288      5316
11:21:42 AM   4021536   4006144   3899668     49.33      1820    200020   8794652     32.00   3616480     49716       196      5316
11:21:47 AM   4021536   4006144   3899668     49.33      1820    200020   8794652     32.00   3616480     49716       196      5316
11:21:52 AM   4021536   4006172   3899640     49.33      1820    200020   8794652     32.00   3616512     49716       196      5316
11:21:57 AM   4021536   4006172   3899640     49.33      1820    200020   8794652     32.00   3616512     49716       196      5316
11:22:02 AM   4021284   4006176   3899636     49.33      1820    200364   8794652     32.00   3616532     49972        28      5316
11:22:07 AM   4021284   4006176   3899636     49.33      1820    200364   8794652     32.00   3616532     49972        28      5316
11:22:12 AM   4021284   4006360   3899452     49.32      1820    200460   8794652     32.00   3616544     50156        96      5316
11:22:17 AM   4021284   4006360   3899452     49.32      1820    200460   8794652     32.00   3616544     50156       116      5316
11:22:22 AM   4021684   4006260   3899552     49.33      1820    200052   8794652     32.00   3616248     49952       120      5316
11:22:27 AM   4022200   4005896   3899916     49.33      1816    199348   8794652     32.00   3616048     49088       120      5316
11:22:32 AM   4022292   4006124   3899688     49.33      1816    199220   8794652     32.00   3616236     49052       120      5316
11:22:37 AM   4021680   4006344   3899468     49.32      1816    200064   8794652     32.00   3617164     49208        24      5316
11:22:42 AM   4021428   4006804   3899008     49.32      1820    200796   8794652     32.00   3617788     49580        24      5316
11:22:47 AM   4021176   4006640   3899172     49.32      1820    200976   8794652     32.00   3617792     49668        96      5316
11:22:52 AM   4020924   4006232   3899580     49.33      1820    200692   8794652     32.00   3617444     49792       116      5316
11:22:57 AM   4020924   4006232   3899580     49.33      1820    200692   8794652     32.00   3617448     49792       116      5316
11:23:02 AM   4020924   4006232   3899580     49.33      1820    200692   8794652     32.00   3617452     49792       116      5316
11:23:07 AM   4020924   4005868   3899944     49.33      1820    200428   8794652     32.00   3617240     49628       116      5316
11:23:12 AM   4020924   4005652   3900160     49.33      1816    200120   8794652     32.00   3617332     49116        20      5316
11:23:17 AM   4020420   4005516   3900296     49.33      1820    200500   8794652     32.00   3617328     49488        20      5316
11:23:22 AM   4020420   4005628   3900184     49.33      1820    200596   8794652     32.00   3617268     49696        96      5316
11:23:27 AM   4020420   4005628   3900184     49.33      1820    200596   8794652     32.00   3617304     49696       116      5316
11:23:32 AM   4020420   4005628   3900184     49.33      1820    200596   8794652     32.00   3617316     49696       116      5316
11:23:37 AM   4020420   4005332   3900480     49.34      1816    200396   8794652     32.00   3617164     49552       116      5316
11:23:42 AM   4020420   4005440   3900372     49.34      1816    200412   8794652     32.00   3617292     49552       116      5316
11:23:47 AM   4020420   4005440   3900372     49.34      1816    200416   8794652     32.00   3617292     49552        24      5316
11:23:52 AM   4020420   4005776   3900036     49.33      1820    200744   8794652     32.00   3617304     49892        24      5316
11:23:57 AM   4020420   4005776   3900036     49.33      1820    200840   8794652     32.00   3617300     49892        96      5316
11:24:02 AM   4020420   4005872   3899940     49.33      1820    200840   8794652     32.00   3617304     49988       116      5316
11:24:07 AM   4020420   4005872   3899940     49.33      1820    200840   8794652     32.00   3617304     49988       116      5316
11:24:12 AM   4020420   4005872   3899940     49.33      1820    200840   8794652     32.00   3617312     49988       116      5316
11:24:17 AM   4020420   4005872   3899940     49.33      1820    200840   8794652     32.00   3617320     49988       116      5316
11:24:22 AM   4020420   4005872   3899940     49.33      1820    200840   8794652     32.00   3617320     49988        20      5316
11:24:27 AM   4020168   4005744   3900068     49.33      1820    201128   8794652     32.00   3617320     50112        20      5316
11:24:32 AM   4020168   4005824   3899988     49.33      1820    201224   8794652     32.00   3617320     50192        96      5316
11:24:37 AM   4020420   4005520   3900292     49.33      1820    200492   8794652     32.00   3616204     50364       116      5316
11:24:42 AM   4021044   4005768   3900044     49.33      1820    200276   8794652     32.00   3616396     49832       116      5316
11:24:47 AM   4021044   4005260   3900552     49.34      1820    199736   8794652     32.00   3616412     49340       116      5316
11:24:52 AM   4021044   4005260   3900552     49.34      1820    199736   8794652     32.00   3616412     49340       116      5316
11:24:57 AM   4021044   4005392   3900420     49.34      1820    199740   8794652     32.00   3616584     49344        24      5316
11:25:02 AM   4021044   4005640   3900172     49.33      1820    200068   8794652     32.00   3616584     49592        28      5316
11:25:07 AM   4021044   4005788   3900024     49.33      1820    200232   8794652     32.00   3616520     49820       144      5316
11:25:12 AM   4021044   4005836   3899976     49.33      1820    200268   8794652     32.00   3616424     49916       164      5316
11:25:17 AM   4021044   4005668   3900144     49.33      1820    200096   8794652     32.00   3616372     49820       164      5316
11:25:22 AM   4021044   4005668   3900144     49.33      1820    200096   8794652     32.00   3616368     49820       164      5316
11:25:27 AM   4021044   4005744   3900068     49.33      1820    200096   8794652     32.00   3616464     49820       164      5316
11:25:32 AM   4021044   4005744   3900068     49.33      1820    200096   8794652     32.00   3616464     49820        20      5316
11:25:37 AM   4021044   4006064   3899748     49.33      1820    200416   8794652     32.00   3616464     50144        20      5316
11:25:42 AM   4021044   4006004   3899808     49.33      1820    200452   8794652     32.00   3616364     50148        96      5316
11:25:47 AM   4021044   4006100   3899712     49.33      1820    200452   8794652     32.00   3616368     50244       116      5316
11:25:52 AM   4021044   4006100   3899712     49.33      1820    200452   8794652     32.00   3616368     50244       116      5316
11:25:57 AM   4021548   4005964   3899848     49.33      1820    199812   8794652     32.00   3616176     49756       116      5316
11:26:02 AM   4021548   4005964   3899848     49.33      1820    199812   8794652     32.00   3616176     49756       116      5316
11:26:07 AM   4021548   4005996   3899816     49.33      1820    199844   8794652     32.00   3616244     49756        20      5316
11:26:12 AM   4021044   4006184   3899628     49.33      1820    200728   8794652     32.00   3616652     50060       188      5316
11:26:17 AM   4021044   4006500   3899312     49.32      1820    200856   8794652     32.00   3616676     50372       296      5316
11:26:22 AM   4021044   4006072   3899740     49.33      1820    200508   8794652     32.00   3616604     50024       312      5316
11:26:27 AM   4021296   4006128   3899684     49.33      1820    200228   8794652     32.00   3616888     49476       312      5316
11:26:32 AM   4021296   4006076   3899736     49.33      1820    200180   8794652     32.00   3616828     49476       316      5316
11:26:37 AM   4021296   4006076   3899736     49.33      1820    200176   8794652     32.00   3616828     49476       312      5316
11:26:42 AM   4021296   4006132   3899680     49.33      1820    200432   8794652     32.00   3616876     49488        20      5316
11:26:47 AM   4021548   4006448   3899364     49.32      1820    200296   8794652     32.00   3616444     49848        24      5316
11:26:52 AM   4021296   4006196   3899616     49.33      1820    200392   8794652     32.00   3616444     49848        96      5316
11:26:57 AM   4021296   4006292   3899520     49.32      1820    200392   8794652     32.00   3616480     49944       116      5316
11:27:02 AM   4021296   4006292   3899520     49.32      1820    200392   8794652     32.00   3616480     49944       116      5316
11:27:07 AM   4021296   4006292   3899520     49.32      1820    200392   8794652     32.00   3616476     49944       116      5316
11:27:12 AM   4021124   4006120   3899692     49.33      1820    200584   8794652     32.00   3616476     49944       116      5316
11:27:17 AM   4021044   4006300   3899512     49.32      1820    200652   8794652     32.00   3616504     50184        20      5316
11:27:22 AM   4021044   4006256   3899556     49.33      1820    200608   8794652     32.00   3616452     50184        20      5316
11:27:27 AM   4021548   4006044   3899768     49.33      1820    199952   8794652     32.00   3616268     49584        96      5316
11:27:32 AM   4021548   4006044   3899768     49.33      1820    200036   8794652     32.00   3616276     49584       120      5316
11:27:37 AM   4014680   4003024   3902788     49.37      1820    203716   8795072     32.00   3620384     50424       368      5316
11:27:42 AM   4014680   4002856   3902956     49.37      1820    203636   8795072     32.00   3620236     50420       372      5316
11:27:47 AM   4014680   4002940   3902872     49.37      1820    203632   8795072     32.00   3620032     50608       228      5316
11:27:52 AM   4014680   4002936   3902876     49.37      1820    203628   8795072     32.00   3620024     50608       228      5316
11:27:57 AM   4014680   4002936   3902876     49.37      1820    203628   8795072     32.00   3620032     50608       228      5316
11:28:02 AM   4014680   4002952   3902860     49.37      1820    203724   8795072     32.00   3620032     50624       296      5316
11:28:07 AM   4014680   4002636   3903176     49.37      1820    203328   8795072     32.00   3619380     50764       164      5316
11:28:12 AM   4014680   4002920   3902892     49.37      1820    203636   8795072     32.00   3619716     50764       164      5316
11:28:17 AM   4014948   4002796   3903016     49.37      1820    203244   8795072     32.00   3619464     50524       164      5316
11:28:22 AM   4014948   4002820   3902992     49.37      1820    203244   8795072     32.00   3619504     50524       164      5316
11:28:27 AM   4014948   4002820   3902992     49.37      1820    203260   8795072     32.00   3619456     50524       164      5316
11:28:32 AM   4015812   4002316   3903496     49.38      1820    202144   8795072     32.00   3618236     50132        20      5316
11:28:37 AM   4015812   4002480   3903332     49.37      1820    202240   8795072     32.00   3618336     50200        96      5316
11:28:42 AM   4015812   4002344   3903468     49.37      1820    201984   8795072     32.00   3618004     50368       116      5316
11:28:47 AM   4029860   4016056   3889756     49.20      1820    201812   8795072     32.00   3618072     50024       116      5316
11:28:52 AM   4029596   4015736   3890076     49.21      1820    201512   8795072     32.00   3618100     49944       116      5316
11:28:57 AM   4029596   4015736   3890076     49.21      1820    201560   8795072     32.00   3618100     49944       116      5316
11:29:02 AM   4029372   4015560   3890252     49.21      1820    201560   8795072     32.00   3618172     49944        20      5316
11:29:07 AM   4029120   4015432   3890380     49.21      1820    201832   8795072     32.00   3618172     50068        20      5316
11:29:12 AM   4029120   4015888   3889924     49.20      1820    202260   8795072     32.00   3618316     50404        96      5316
11:29:17 AM   4029120   4015632   3890180     49.21      1820    202096   8795072     32.00   3618104     50300       116      5316
11:29:22 AM   4029120   4015652   3890160     49.21      1820    201904   8795072     32.00   3618452     50000       116      5316
11:29:27 AM   4029120   4015432   3890380     49.21      1820    201692   8795072     32.00   3618200     50000       124      5316
11:29:32 AM   4029120   4015440   3890372     49.21      1820    201692   8795072     32.00   3618272     50008       124      5316
11:29:37 AM   4029120   4015432   3890380     49.21      1820    201692   8795072     32.00   3618256     50008        28      5316
11:29:42 AM   4028868   4015680   3890132     49.21      1820    202304   8795072     32.00   3618492     50352        28      5316
11:29:47 AM   4028868   4015568   3890244     49.21      1820    202180   8795072     32.00   3618312     50428        96      5316
11:29:52 AM   4028868   4015304   3890508     49.21      1820    201808   8795072     32.00   3618188     50180       120      5316
11:29:57 AM   4028868   4015304   3890508     49.21      1820    201808   8795072     32.00   3618188     50180       120      5316
11:30:02 AM   4028868   4015304   3890508     49.21      1820    201808   8795072     32.00   3618192     50180       120      5316
11:30:07 AM   4028868   4015204   3890608     49.21      1820    201808   8795072     32.00   3618092     50168       124      5316
11:30:12 AM   4028868   4015448   3890364     49.21      1820    202052   8795072     32.00   3618344     50184        28      5316
11:30:17 AM   4028616   4015568   3890244     49.21      1820    202344   8795072     32.00   3618380     50500        28      5316
11:30:22 AM   4028364   4015432   3890380     49.21      1820    202440   8795072     32.00   3618364     50636        96      5316
11:30:27 AM   4028868   4015440   3890372     49.21      1820    202012   8795072     32.00   3617916     50552       116      5316
11:30:32 AM   4028868   4015492   3890320     49.21      1820    202012   8795072     32.00   3618056     50508       116      5316
11:30:37 AM   4028868   4015492   3890320     49.21      1820    202012   8795072     32.00   3618044     50508       116      5316
11:30:42 AM   4028868   4015784   3890028     49.20      1820    202288   8795072     32.00   3618400     50508       116      5316
11:30:47 AM   4028868   4015784   3890028     49.20      1820    202288   8795072     32.00   3618400     50508        20      5316
11:30:52 AM   4028616   4015788   3890024     49.20      1820    202544   8795072     32.00   3618320     50836        20      5316
11:30:57 AM   4028616   4015664   3890148     49.21      1820    202452   8795072     32.00   3618108     50892       104      5316
11:31:02 AM   4028616   4015756   3890056     49.21      1820    202512   8795072     32.00   3618200     50932       116      5316
11:31:07 AM   4028616   4015748   3890064     49.21      1820    202504   8795072     32.00   3618192     50932       116      5316
11:31:12 AM   4028124   4015720   3890092     49.21      1820    203000   8795072     32.00   3618476     51128       180      5316
11:31:17 AM   4028124   4015756   3890056     49.21      1820    203052   8795072     32.00   3618476     51164       308      5316
11:31:22 AM   4028124   4015772   3890040     49.20      1820    203052   8795072     32.00   3618512     51180       132      5316
11:31:27 AM   4028124   4016048   3889764     49.20      1820    203384   8795072     32.00   3618524     51456       128      5316
11:31:32 AM   4028124   4016096   3889716     49.20      1820    203532   8795072     32.00   3618524     51504       256      5316
11:31:37 AM   4028124   4016304   3889508     49.20      1820    203552   8795072     32.00   3618516     51720       304      5316
11:31:42 AM   4028124   4016304   3889508     49.20      1820    203552   8795072     32.00   3618520     51720       196      5316
11:31:47 AM   4028124   4016304   3889508     49.20      1820    203552   8795072     32.00   3618540     51720       196      5316
11:31:52 AM   4028124   4016272   3889540     49.20      1820    203520   8795072     32.00   3618500     51720        20      5316
11:31:57 AM   4028124   4016272   3889540     49.20      1820    203520   8795072     32.00   3618524     51720        20      5316
11:32:02 AM   4028124   4016300   3889512     49.20      1820    203616   8795072     32.00   3618396     51876        20      5316
11:32:07 AM   4028124   4016368   3889444     49.20      1820    203712   8795072     32.00   3618464     51876        96      5316
11:32:12 AM   4028124   4016428   3889384     49.20      1820    203740   8795072     32.00   3618392     51952       116      5316
11:32:17 AM   4028124   4016492   3889320     49.20      1820    203740   8795072     32.00   3618456     51968       116      5316
11:32:22 AM   4028124   4016492   3889320     49.20      1820    203740   8795072     32.00   3618444     51968       116      5316
11:32:27 AM   4028124   4016492   3889320     49.20      1820    203740   8795072     32.00   3618440     51968       116      5316
11:32:32 AM   4028124   4016492   3889320     49.20      1820    203788   8795072     32.00   3618444     51968        20      5316
11:32:37 AM   4028104   4017288   3888524     49.19      1820    204568   8794652     32.00   3619020     52252        20      5316
11:32:42 AM   4028104   4017292   3888520     49.19      1820    204672   8794652     32.00   3619080     52252        96      5316
11:32:47 AM   4028104   4017388   3888424     49.18      1820    204656   8794652     32.00   3619228     52352       116      5316
11:32:52 AM   4028104   4017384   3888428     49.18      1820    204656   8794652     32.00   3619224     52352       120      5316
11:32:57 AM   4028104   4017388   3888424     49.18      1820    204656   8794652     32.00   3619224     52356       120      5316
11:33:02 AM   4028104   4017388   3888424     49.18      1820    204656   8794652     32.00   3619224     52356       120      5316
11:33:07 AM   4028104   4017316   3888496     49.19      1820    204584   8794652     32.00   3619072     52364        32      5316
11:33:12 AM   4028104   4017556   3888256     49.18      1820    204880   8794652     32.00   3619032     52600        32      5316
11:33:17 AM   4028104   4017716   3888096     49.18      1820    204976   8794652     32.00   3616996     52744        96      5316
11:33:22 AM   4028104   4017716   3888096     49.18      1820    204976   8794652     32.00   3616996     52744       116      5316
11:33:27 AM   4028104   4017716   3888096     49.18      1820    204976   8794652     32.00   3617036     52744       116      5316
11:33:32 AM   4028104   4017716   3888096     49.18      1820    204976   8794652     32.00   3617036     52744       116      5316
11:33:37 AM   4028104   4017708   3888104     49.18      1820    204968   8794652     32.00   3617076     52744       116      5316
11:33:42 AM   4028104   4017708   3888104     49.18      1820    204968   8794652     32.00   3617064     52744        20      5316
11:33:47 AM   4028104   4016596   3889216     49.19      1820    203856   8794652     32.00   3616820     51828        20      5316
11:33:52 AM   4028640   4016196   3889616     49.20      1820    202932   8794652     32.00   3616168     51316        96      5316
11:33:57 AM   4028640   4016188   3889624     49.20      1820    202924   8794652     32.00   3616168     51312       116      5316
11:34:02 AM   4028640   4016188   3889624     49.20      1820    202924   8794652     32.00   3616168     51312       116      5316
11:34:07 AM   4028640   4016192   3889620     49.20      1820    202928   8794652     32.00   3616236     51312       116      5316
11:34:12 AM   4028640   4016304   3889508     49.20      1820    203108   8794652     32.00   3616380     51312       116      5316
11:34:17 AM   4028640   4016376   3889436     49.20      1820    203112   8794652     32.00   3616452     51316        24      5316
11:34:22 AM   4028388   4016236   3889576     49.20      1820    203412   8794652     32.00   3616392     51440        24      5316
11:34:27 AM   4028388   4016468   3889344     49.20      1820    203456   8794652     32.00   3616268     51716        96      5316
11:34:32 AM   4028388   4016460   3889352     49.20      1820    203452   8794652     32.00   3616264     51712       116      5316
11:34:37 AM   4028388   4016464   3889348     49.20      1820    203452   8794652     32.00   3616268     51712       116      5316
11:34:42 AM   4028388   4016512   3889300     49.20      1820    203512   8794652     32.00   3616396     51712       116      5316
11:34:47 AM   4028388   4016524   3889288     49.20      1820    203512   8794652     32.00   3616460     51712       116      5316
11:34:52 AM   4028388   4016088   3889724     49.20      1820    203168   8794652     32.00   3616336     51380        20      5316
11:34:57 AM   4028388   4015904   3889908     49.20      1820    203084   8794652     32.00   3616128     51232        20      5316
11:35:02 AM   4028388   4016096   3889716     49.20      1820    203180   8794652     32.00   3616224     51332        96      5316
11:35:07 AM   4028388   4016168   3889644     49.20      1820    203172   8794652     32.00   3616212     51412       116      5316
11:35:12 AM   4028388   4016292   3889520     49.20      1820    203352   8794652     32.00   3616448     51428       116      5316
11:35:17 AM   4028388   4016292   3889520     49.20      1820    203360   8794652     32.00   3616496     51428       120      5316
11:35:22 AM   4028388   4016372   3889440     49.20      1820    203360   8794652     32.00   3616632     51432       120      5316
11:35:27 AM   4028388   4016372   3889440     49.20      1820    203360   8794652     32.00   3616500     51432        24      5316
11:35:32 AM   4028388   4016620   3889192     49.19      1820    203664   8794652     32.00   3616512     51672        24      5316
11:35:37 AM   4028388   4016684   3889128     49.19      1820    203760   8794652     32.00   3616604     51736        96      5316
11:35:42 AM   4028388   4016780   3889032     49.19      1820    203760   8794652     32.00   3616612     51832       116      5316
11:35:47 AM   4028388   4016760   3889052     49.19      1820    203756   8794652     32.00   3616528     51828       116      5316
11:35:52 AM   4028388   4016776   3889036     49.19      1820    203756   8794652     32.00   3616560     51828       116      5316
11:35:57 AM   4028388   4016776   3889036     49.19      1820    203760   8794652     32.00   3616560     51828       120      5316
11:36:02 AM   4028136   4016572   3889240     49.19      1820    203804   8794652     32.00   3616692     51832        24      5316
11:36:07 AM   4028136   4016692   3889120     49.19      1820    204056   8794652     32.00   3616688     51956        24      5316
11:36:12 AM   4027884   4016704   3889108     49.19      1820    204344   8794652     32.00   3616728     52184       288      5316
11:36:17 AM   4027884   4016820   3888992     49.19      1820    204432   8794652     32.00   3616672     52304       200      5316
11:36:22 AM   4027884   4016948   3888864     49.19      1820    204464   8794652     32.00   3616736     52432       308      5316
11:36:27 AM   4027884   4016920   3888892     49.19      1820    204436   8794652     32.00   3616716     52428       304      5316
11:36:32 AM   4027884   4016948   3888864     49.19      1820    204440   8794652     32.00   3616664     52460       308      5316
11:36:37 AM   4027884   4016948   3888864     49.19      1820    204436   8794652     32.00   3616664     52460       128      5316
11:36:42 AM   4027128   4015832   3889980     49.20      1820    204140   8794652     32.00   3616412     52332        20      5316
11:36:47 AM   4028376   4015760   3890052     49.20      1820    202816   8794652     32.00   3616284     51092        80      5316
11:36:52 AM   4028376   4015824   3889988     49.20      1820    202816   8794652     32.00   3616384     51040       108      5316
11:36:57 AM   4028376   4015824   3889988     49.20      1820    202832   8794652     32.00   3616388     51040       108      5316
11:37:02 AM   4028376   4015828   3889984     49.20      1820    202828   8794652     32.00   3616376     51040       108      5316
11:37:07 AM   4028376   4015828   3889984     49.20      1820    202828   8794652     32.00   3616376     51040       108      5316
11:37:12 AM   4028376   4016356   3889456     49.20      1820    203348   8794652     32.00   3616612     51384        28      5316
11:37:17 AM   4028376   4016396   3889416     49.20      1820    203388   8794652     32.00   3616576     51504        28      5316
11:37:22 AM   4028376   4016484   3889328     49.20      1820    203476   8794652     32.00   3616616     51608        96      5316
11:37:27 AM   4028376   4016464   3889348     49.20      1820    203456   8794652     32.00   3616600     51600       116      5316
11:37:32 AM   4028376   4016444   3889368     49.20      1820    203436   8794652     32.00   3616512     51600       116      5316
11:37:37 AM   4028892   4017292   3888520     49.19      1820    203784   8794652     32.00   3616688     51596       116      5316
11:37:42 AM   4028888   4017604   3888208     49.18      1820    204072   8794652     32.00   3617492     51656       116      5316
11:37:47 AM   4028888   4017604   3888208     49.18      1820    204072   8794652     32.00   3617484     51656        20      5316
11:37:52 AM   4028888   4017864   3887948     49.18      1820    204332   8794652     32.00   3617488     51916        24      5316
11:37:57 AM   4028888   4017824   3887988     49.18      1820    204372   8794652     32.00   3617396     51916        80      5316
11:38:02 AM   4028888   4017904   3887908     49.18      1820    204372   8794652     32.00   3617396     51996       100      5316
11:38:07 AM   4028888   4017904   3887908     49.18      1820    204372   8794652     32.00   3617396     51996       100      5316
11:38:12 AM   4028888   4017904   3887908     49.18      1820    204372   8794652     32.00   3617356     51996       100      5316
11:38:17 AM   4028888   4017904   3887908     49.18      1820    204372   8794652     32.00   3617356     51996       100      5316
11:38:22 AM   4028888   4017408   3888404     49.18      1820    203876   8794652     32.00   3616968     51744        20      5316
11:38:27 AM   4028888   4016692   3889120     49.19      1820    203428   8794652     32.00   3616268     51448        20      5316
11:38:32 AM   4028636   4016580   3889232     49.19      1820    203412   8794652     32.00   3616304     51588        96      5316
11:38:37 AM   4028636   4016692   3889120     49.19      1820    203420   8794652     32.00   3616432     51604       116      5316
11:38:42 AM   4028636   4016636   3889176     49.19      1820    203468   8794652     32.00   3616496     51448       116      5316
11:38:47 AM   4028636   4016552   3889260     49.19      1820    203368   8794652     32.00   3616392     51432       116      5316
11:38:52 AM   4028636   4016552   3889260     49.19      1820    203368   8794652     32.00   3616400     51432       116      5316
11:38:57 AM   4028636   4016648   3889164     49.19      1820    203368   8794652     32.00   3616556     51432        20      5316
11:39:02 AM   4028384   4016808   3889004     49.19      1820    203708   8794652     32.00   3616544     51844        24      5316
11:39:07 AM   4028384   4016732   3889080     49.19      1820    203784   8794652     32.00   3616444     51864        80      5316
11:39:12 AM   4028384   4016732   3889080     49.19      1820    203884   8794652     32.00   3616440     51864       104      5316
11:39:17 AM   4028384   4016912   3888900     49.19      1820    203884   8794652     32.00   3616552     51948       104      5316
11:39:22 AM   4028384   4016912   3888900     49.19      1820    203884   8794652     32.00   3616564     51948       104      5316
11:39:27 AM   4028384   4016912   3888900     49.19      1820    203884   8794652     32.00   3616584     51948       104      5316
11:39:32 AM   4028384   4016912   3888900     49.19      1820    203884   8794652     32.00   3616580     51948        24      5316
11:39:37 AM   4027880   4016532   3889280     49.20      1820    204124   8794652     32.00   3616580     52072        24      5316
11:39:42 AM   4027880   4016532   3889280     49.20      1820    204220   8794652     32.00   3616568     52072       100      5316
11:39:47 AM   4028396   4016504   3889308     49.20      1820    203636   8794652     32.00   3616616     51576       116      5316
11:39:52 AM   4028488   4016652   3889160     49.19      1820    203520   8794652     32.00   3616604     51560       116      5316
11:39:57 AM   4028488   4016652   3889160     49.19      1820    203520   8794652     32.00   3616644     51560       116      5316
11:40:02 AM   4028488   4016564   3889248     49.19      1820    203448   8794652     32.00   3616664     51440       116      5316
11:40:07 AM   4028488   4016560   3889252     49.19      1820    203444   8794652     32.00   3616572     51492        20      5316
11:40:12 AM   4040900   4018540   3887272     49.17      1820    193112   8794652     32.00   3607020     50064        24      5312
11:40:17 AM   4040900   4018376   3887436     49.17      1820    192884   8794652     32.00   3606952     49912        80      5312
11:40:22 AM   4040900   4018376   3887436     49.17      1820    192884   8794652     32.00   3606948     49912       100      5312
11:40:27 AM   4040900   4018436   3887376     49.17      1820    192888   8794652     32.00   3606976     49948       104      5312
11:40:32 AM   4040900   4018436   3887376     49.17      1820    192896   8794652     32.00   3606976     49948       112      5312
11:40:37 AM   4040900   4018444   3887368     49.17      1820    192896   8794652     32.00   3607024     49956       112      5312
11:40:42 AM   4040648   4019788   3886024     49.15      1820    194664   8794652     32.00   3608660     49956        32      5312
11:40:47 AM   4040648   4020144   3885668     49.15      1820    195028   8794652     32.00   3608924     50084        36      5312
11:40:52 AM   4040648   4020016   3885796     49.15      1820    194904   8794652     32.00   3608772     50108        96      5312
11:40:57 AM   4040648   4020028   3885784     49.15      1820    194732   8794652     32.00   3608680     50212       116      5312
11:41:02 AM   4040476   4019704   3886108     49.16      1820    194752   8794652     32.00   3608532     50208       116      5312
11:41:07 AM   4040396   4019856   3885956     49.15      1820    194812   8794652     32.00   3608772     50208       116      5312
11:41:12 AM   4038884   4020084   3885728     49.15      1820    196592   8794652     32.00   3610468     50260       276      5312
11:41:17 AM   4038884   4020176   3885636     49.15      1820    196644   8794652     32.00   3610484     50352       136      5312
11:41:22 AM   4038884   4020932   3884880     49.14      1820    197496   8794652     32.00   3610824     50780        72      5312
11:41:27 AM   4038884   4021132   3884680     49.14      1820    197600   8794652     32.00   3610844     50984       160      5312
11:41:32 AM   4038884   4020416   3885396     49.15      1820    196968   8794652     32.00   3610380     50696       292      5312
11:41:37 AM   4038884   4020480   3885332     49.15      1820    196948   8794652     32.00   3610444     50696       288      5312
11:41:42 AM   4038884   4020344   3885468     49.15      1820    196812   8794652     32.00   3610312     50696       180      5312
11:41:47 AM   4038884   4019172   3886640     49.16      1820    195640   8794652     32.00   3609948     49840       180      5312
11:41:52 AM   4038884   4019364   3886448     49.16      1820    195864   8794652     32.00   3609892     50136        36      5312
11:41:57 AM   4038884   4019576   3886236     49.16      1820    196044   8794652     32.00   3609856     50384        20      5312
11:42:02 AM   4038884   4019576   3886236     49.16      1820    196128   8794652     32.00   3609852     50384        80      5312
11:42:07 AM   4038884   4019576   3886236     49.16      1820    196128   8794652     32.00   3609852     50384       100      5312
11:42:12 AM   4038884   4019660   3886152     49.16      1820    196128   8794652     32.00   3609868     50468       100      5312
11:42:17 AM   4038884   4019660   3886152     49.16      1820    196128   8794652     32.00   3609872     50468       100      5312
11:42:22 AM   4038884   4019660   3886152     49.16      1820    196128   8794652     32.00   3609880     50468       100      5312
11:42:27 AM   4038884   4019660   3886152     49.16      1820    196128   8794652     32.00   3609880     50468        20      5312
11:42:32 AM   4038884   4019908   3885904     49.15      1820    196436   8794652     32.00   3609876     50716        20      5312
11:42:37 AM   4038884   4019908   3885904     49.15      1820    196516   8794652     32.00   3609880     50716        80      5312
11:42:42 AM   4037624   4021440   3884372     49.13      1820    199200   8794652     32.00   3612744     50916       100      5312
11:42:47 AM   4037624   4021432   3884380     49.13      1820    199192   8794652     32.00   3612736     50916       100      5312
11:42:52 AM   4037624   4020916   3884896     49.14      1820    198644   8794652     32.00   3612372     50916       100      5312
11:42:57 AM   4037624   4018392   3887420     49.17      1820    196216   8794652     32.00   3610656     49908       100      5312
11:43:02 AM   4037624   4018428   3887384     49.17      1820    196160   8794652     32.00   3610644     49848        24      5312
11:43:07 AM   4037624   4018676   3887136     49.17      1820    196452   8794652     32.00   3610684     50096        24      5312
11:43:12 AM   4037624   4018692   3887120     49.17      1820    196548   8794652     32.00   3610588     50220        80      5312
11:43:17 AM   4037624   4018688   3887124     49.17      1820    196544   8794652     32.00   3610584     50220       100      5312
11:43:22 AM   4037452   4018484   3887328     49.17      1820    196560   8794652     32.00   3610492     50300       100      5312
11:43:27 AM   4037372   4018508   3887304     49.17      1820    196552   8794652     32.00   3610716     50188       100      5312
11:43:32 AM   4037372   4018568   3887244     49.17      1820    196552   8794652     32.00   3610776     50188       100      5312
11:43:37 AM   4037372   4018564   3887248     49.17      1820    196548   8794652     32.00   3610772     50188        20      5312
11:43:42 AM   4037372   4018808   3887004     49.17      1820    196872   8794652     32.00   3610764     50436        20      5312
11:43:47 AM   4037372   4018808   3887004     49.17      1820    196956   8794652     32.00   3610764     50436        80      5312
11:43:52 AM   4037372   4018972   3886840     49.16      1820    196956   8794652     32.00   3610788     50596       100      5312
11:43:57 AM   4037372   4018972   3886840     49.16      1820    196956   8794652     32.00   3610792     50596       100      5312
11:44:02 AM   4037372   4018972   3886840     49.16      1820    196956   8794652     32.00   3610808     50596       100      5312
11:44:07 AM   4037372   4018220   3887592     49.17      1820    196316   8794652     32.00   3610672     49960       100      5312
11:44:12 AM   4037372   4018332   3887480     49.17      1820    196316   8794652     32.00   3610804     49960        20      5312
11:44:17 AM   4037372   4018580   3887232     49.17      1820    196648   8794652     32.00   3610804     50208        28      5312
11:44:22 AM   4037372   4018744   3887068     49.17      1820    196728   8794652     32.00   3610728     50452        80      5312
11:44:27 AM   4037372   4018212   3887600     49.17      1820    196336   8794652     32.00   3610656     49960       100      5312
11:44:32 AM   4037372   4018352   3887460     49.17      1820    196336   8794652     32.00   3610808     49960       100      5312
11:44:37 AM   4037372   4018352   3887460     49.17      1820    196336   8794652     32.00   3610812     49960       100      5312
Average:      4024291   4011790   3894022     49.26      1830    202907   8794062     32.00   3618607     50725       131      5317
