Linux 7.0.10-arch1-1 (archlinux) 	05/28/2026 	_x86_64_	(4 CPU)

01:51:45 PM  pgpgin/s pgpgout/s   fault/s  majflt/s  pgfree/s pgscank/s pgscand/s pgsteal/s  pgprom/s   pgdem/s
01:51:50 PM      0.00      8.00   1155.60      0.00     46.00      0.00      0.00      0.00      0.00      0.00
01:51:55 PM      0.00      0.00      1.20      0.00      4.00      0.00      0.00      0.00      0.00      0.00
01:52:00 PM      0.00     89.60      0.00      0.00      4.20      0.00      0.00      0.00      0.00      0.00
01:52:05 PM      0.00      0.00      0.00      0.00    317.00      0.00      0.00      0.00      0.00      0.00
01:52:10 PM     36.80      8.00      0.20      0.20    135.80      0.00      0.00      0.00      0.00      0.00
01:52:15 PM    425.60    146.40      3.80      1.00    937.80      0.00      0.00      0.00      0.00      0.00
01:52:20 PM    601.60    192.80      9.00      1.00     48.60      0.00      0.00      0.00      0.00      0.00
01:52:25 PM    526.40      0.00      6.80      1.00    117.20      0.00      0.00      0.00      0.00      0.00
01:52:30 PM    253.60      0.80      0.40      0.20     52.80      0.00      0.00      0.00      0.00      0.00
01:52:35 PM    455.20     35.20     11.40      4.00     47.20      0.00      0.00      0.00      0.00      0.00
01:52:40 PM     14.40      6.40      8.60      0.20     27.60      0.00      0.00      0.00      0.00      0.00
01:52:45 PM      0.00      0.00      0.40      0.00      4.00      0.00      0.00      0.00      0.00      0.00
01:52:50 PM    179.20     79.20      2.60      0.40      6.00      0.00      0.00      0.00      0.00      0.00
01:52:55 PM    686.40      8.00      8.60      3.60     98.60      0.00      0.00      0.00      0.00      0.00
01:53:00 PM     12.80      0.00      7.00      0.00      6.00      0.00      0.00      0.00      0.00      0.00
01:53:05 PM      0.00      0.00      0.80      0.00      4.80      0.00      0.00      0.00      0.00      0.00
01:53:10 PM    127.20     56.00      0.40      0.20     39.20      0.00      0.00      0.00      0.00      0.00
01:53:15 PM     49.60      0.00      1.60      1.40      7.00      0.00      0.00      0.00      0.00      0.00
01:53:20 PM      0.00      2.40      0.00      0.00     36.20      0.00      0.00      0.00      0.00      0.00
01:53:25 PM     91.20    117.60      0.20      0.20      5.20      0.00      0.00      0.00      0.00      0.00
01:53:30 PM     16.00     15.20      0.00      0.00     52.20      0.00      0.00      0.00      0.00      0.00
01:53:35 PM    420.80      0.00      4.00      2.40     46.00      0.00      0.00      0.00      0.00      0.00
01:53:40 PM     20.00    100.00      1.20      0.20      2.60      0.00      0.00      0.00      0.00      0.00
01:53:45 PM    148.80      0.00      2.20      0.40      8.60      0.00      0.00      0.00      0.00      0.00
01:53:50 PM      0.00      0.00      0.00      0.00      4.40      0.00      0.00      0.00      0.00      0.00
01:53:55 PM   1232.80    111.20    297.20      4.60    287.00      0.00      0.00      0.00      0.00      0.00
01:54:00 PM      0.00      0.00      0.00      0.00      3.80      0.00      0.00      0.00      0.00      0.00
01:54:05 PM     28.80    138.40      1.40      0.60    217.20      0.00      0.00      0.00      0.00      0.00
01:54:10 PM      0.80     38.40      6.00      0.20      1.00      0.00      0.00      0.00      0.00      0.00
01:54:15 PM      0.00      0.00      0.00      0.00      4.00      0.00      0.00      0.00      0.00      0.00
01:54:20 PM      6.40      0.00      2.40      1.60      8.00      0.00      0.00      0.00      0.00      0.00
01:54:25 PM    362.40     15.20      4.00      0.60     23.80      0.00      0.00      0.00      0.00      0.00
01:54:30 PM     19.20    120.00      0.60      0.00     24.40      0.00      0.00      0.00      0.00      0.00
01:54:35 PM    279.20      0.00      3.00      1.80     31.00      0.00      0.00      0.00      0.00      0.00
01:54:40 PM     15.20     57.60      0.20      0.20     35.00      0.00      0.00      0.00      0.00      0.00
01:54:45 PM     20.80     35.20      3.20      1.80     41.40      0.00      0.00      0.00      0.00      0.00
01:54:50 PM    456.00     19.20      7.60      3.60     56.60      0.00      0.00      0.00      0.00      0.00
01:54:55 PM     16.00     14.40      0.20      0.00      8.00      0.00      0.00      0.00      0.00      0.00
01:55:00 PM      2.40      0.00      0.60      0.60    106.80      0.00      0.00      0.00      0.00      0.00
01:55:05 PM     19.20    130.40      0.00      0.00      4.80      0.00      0.00      0.00      0.00      0.00
01:55:10 PM     14.40      0.00      4.00      2.00      1.80      0.00      0.00      0.00      0.00      0.00
01:55:15 PM      3.20      1.60      1.00      0.00      4.00      0.00      0.00      0.00      0.00      0.00
01:55:20 PM      0.00     70.40      0.00      0.00      4.40      0.00      0.00      0.00      0.00      0.00
01:55:25 PM      0.00      0.00      0.00      0.00      3.80      0.00      0.00      0.00      0.00      0.00
01:55:30 PM      0.00      0.00      0.60      0.00     19.60      0.00      0.00      0.00      0.00      0.00
01:55:35 PM      0.00      0.00      1.40      0.00      4.00      0.00      0.00      0.00      0.00      0.00
01:55:40 PM     19.20    150.40      0.00      0.00      3.20      0.00      0.00      0.00      0.00      0.00
01:55:45 PM      0.00      2.40      0.00      0.00     12.20      0.00      0.00      0.00      0.00      0.00
01:55:50 PM    144.80     64.00      1.00      0.20     14.00      0.00      0.00      0.00      0.00      0.00
01:55:55 PM      0.00      2.40      1.00      0.00     33.20      0.00      0.00      0.00      0.00      0.00
01:56:00 PM    252.00      4.80      4.20      1.60     25.20      0.00      0.00      0.00      0.00      0.00
01:56:05 PM      0.00      4.80      0.00      0.00     10.40      0.00      0.00      0.00      0.00      0.00
01:56:10 PM      0.00      0.00      0.20      0.00      1.00      0.00      0.00      0.00      0.00      0.00
01:56:15 PM     35.20    143.20      0.00      0.00      4.00      0.00      0.00      0.00      0.00      0.00
01:56:20 PM      0.00      0.00      0.00      0.00     10.40      0.00      0.00      0.00      0.00      0.00
01:56:25 PM    231.20      3.20      6.40      4.40     14.20      0.00      0.00      0.00      0.00      0.00
01:56:30 PM     12.80     57.60      0.00      0.00      4.60      0.00      0.00      0.00      0.00      0.00
01:56:35 PM      0.00      0.00      0.60      0.00      4.00      0.00      0.00      0.00      0.00      0.00
01:56:40 PM    160.00      9.60      0.80      0.60     24.40      0.00      0.00      0.00      0.00      0.00
01:56:45 PM      0.00      0.00      3.20      0.00      3.80      0.00      0.00      0.00      0.00      0.00
01:56:50 PM     36.00    149.60      1.40      1.00      8.00      0.00      0.00      0.00      0.00      0.00
01:56:55 PM      0.00      0.00      0.00      0.00      4.00      0.00      0.00      0.00      0.00      0.00
01:57:00 PM      2.40      4.00      1.00      0.60     17.60      0.00      0.00      0.00      0.00      0.00
01:57:05 PM      0.00     51.20      1.60      0.00      4.60      0.00      0.00      0.00      0.00      0.00
01:57:10 PM     52.00      0.00      3.60      0.60      2.80      0.00      0.00      0.00      0.00      0.00
01:57:15 PM     94.40      0.00      5.40      1.80      7.20      0.00      0.00      0.00      0.00      0.00
01:57:20 PM      0.00      0.00      0.40      0.00      4.80      0.00      0.00      0.00      0.00      0.00
01:57:25 PM      3.20    145.60      0.20      0.00     42.20      0.00      0.00      0.00      0.00      0.00
01:57:30 PM      6.40      0.00      0.00      0.00      6.60      0.00      0.00      0.00      0.00      0.00
01:57:35 PM    136.80     74.40      0.60      0.20     23.40      0.00      0.00      0.00      0.00      0.00
01:57:40 PM     20.00      8.80      1.60      1.00      1.20      0.00      0.00      0.00      0.00      0.00
01:57:45 PM     20.00      0.00      2.20      0.20      5.20      0.00      0.00      0.00      0.00      0.00
01:57:50 PM      0.00      0.80      0.20      0.00      6.80      0.00      0.00      0.00      0.00      0.00
01:57:55 PM      0.00      4.80      0.00      0.00     17.20      0.00      0.00      0.00      0.00      0.00
01:58:00 PM     28.80    143.20      0.00      0.00      4.20      0.00      0.00      0.00      0.00      0.00
01:58:05 PM      9.60      0.00      2.20      0.80     14.60      0.00      0.00      0.00      0.00      0.00
01:58:10 PM      6.40     55.20      0.00      0.00      2.00      0.00      0.00      0.00      0.00      0.00
01:58:15 PM      0.00      0.00      0.00      0.00      4.00      0.00      0.00      0.00      0.00      0.00
01:58:20 PM     19.20      8.80      0.00      0.00     19.60      0.00      0.00      0.00      0.00      0.00
01:58:25 PM     49.60      0.00      2.80      0.80      5.60      0.00      0.00      0.00      0.00      0.00
01:58:30 PM      1.60      0.00      0.40      0.40      3.80      0.00      0.00      0.00      0.00      0.00
01:58:35 PM     21.60    143.20      1.00      0.60      6.00      0.00      0.00      0.00      0.00      0.00
01:58:40 PM      0.00      1.60      0.00      0.00      0.40      0.00      0.00      0.00      0.00      0.00
01:58:45 PM    100.80     35.20      2.60      0.60      7.80      0.00      0.00      0.00      0.00      0.00
01:58:50 PM      0.00      0.00      0.00      0.00      4.00      0.00      0.00      0.00      0.00      0.00
01:58:55 PM   1232.00      8.00    305.60      9.00    271.40      0.00      0.00      0.00      0.00      0.00
01:59:00 PM      3.20      0.00      0.80      0.80      3.80      0.00      0.00      0.00      0.00      0.00
01:59:05 PM      0.00      0.00      0.00      0.00      4.00      0.00      0.00      0.00      0.00      0.00
01:59:10 PM     16.00    176.00      2.00      0.00      1.00      0.00      0.00      0.00      0.00      0.00
01:59:15 PM      0.00     51.20      0.00      0.00      4.20      0.00      0.00      0.00      0.00      0.00
01:59:20 PM      0.00      4.80      0.00      0.00      4.40      0.00      0.00      0.00      0.00      0.00
01:59:25 PM      0.00     35.20      0.60      0.00      4.80      0.00      0.00      0.00      0.00      0.00
01:59:30 PM      0.00      0.00      0.00      0.00      4.20      0.00      0.00      0.00      0.00      0.00
01:59:35 PM      0.00      0.00      0.00      0.00    209.40      0.00      0.00      0.00      0.00      0.00
01:59:40 PM      6.40    162.40      0.00      0.00      1.20      0.00      0.00      0.00      0.00      0.00
01:59:45 PM      0.00     32.80      0.00      0.00      4.00      0.00      0.00      0.00      0.00      0.00
01:59:50 PM      0.00      0.00      0.00      0.00      4.20      0.00      0.00      0.00      0.00      0.00
01:59:55 PM      0.00      4.00      0.00      0.00      4.00      0.00      0.00      0.00      0.00      0.00
02:00:00 PM      0.00      0.00      0.00      0.00      3.80      0.00      0.00      0.00      0.00      0.00
02:00:05 PM      0.00      0.00      0.00      0.00      5.00      0.00      0.00      0.00      0.00      0.00
02:00:10 PM      0.00      0.00      0.00      0.00      0.40      0.00      0.00      0.00      0.00      0.00
02:00:15 PM      0.00      0.00      0.00      0.00      4.40      0.00      0.00      0.00      0.00      0.00
02:00:20 PM      0.00    150.40      0.00      0.00      4.20      0.00      0.00      0.00      0.00      0.00
02:00:25 PM      0.00      0.00      0.00      0.00      3.80      0.00      0.00      0.00      0.00      0.00
02:00:30 PM      0.00     17.60      2.00      0.00      5.20      0.00      0.00      0.00      0.00      0.00
02:00:35 PM      0.00      0.00      0.20      0.00      4.40      0.00      0.00      0.00      0.00      0.00
02:00:40 PM      0.00      0.00      0.00      0.00      0.60      0.00      0.00      0.00      0.00      0.00
02:00:45 PM      0.00      0.00      0.00      0.00      4.00      0.00      0.00      0.00      0.00      0.00
02:00:50 PM      0.00    149.60      0.00      0.00      4.40      0.00      0.00      0.00      0.00      0.00
02:00:55 PM      0.00      0.80      0.00      0.00      3.80      0.00      0.00      0.00      0.00      0.00
02:01:00 PM      0.00      0.00      0.20      0.00      4.20      0.00      0.00      0.00      0.00      0.00
02:01:05 PM      0.00     12.00      0.00      0.00      3.80      0.00      0.00      0.00      0.00      0.00
02:01:10 PM      0.00      0.00      0.00      0.00      0.40      0.00      0.00      0.00      0.00      0.00
02:01:15 PM      0.00      0.00      0.00      0.00      4.60      0.00      0.00      0.00      0.00      0.00
02:01:20 PM      0.00    149.60      0.00      0.00      4.20      0.00      0.00      0.00      0.00      0.00
02:01:25 PM      0.00      0.00      0.00      0.00      4.00      0.00      0.00      0.00      0.00      0.00
02:01:30 PM      0.00     20.00      2.00      0.00      4.20      0.00      0.00      0.00      0.00      0.00
02:01:35 PM      0.00      0.00      0.20      0.00      4.20      0.00      0.00      0.00      0.00      0.00
02:01:40 PM      0.00      3.19      0.00      0.00      0.40      0.00      0.00      0.00      0.00      0.00
02:01:45 PM      0.00      0.00      0.00      0.00      4.20      0.00      0.00      0.00      0.00      0.00
02:01:50 PM      0.00    124.00      0.00      0.00      4.20      0.00      0.00      0.00      0.00      0.00
02:01:55 PM      0.00      0.00      0.00      0.00      4.00      0.00      0.00      0.00      0.00      0.00
02:02:00 PM      0.00     19.20      0.00      0.00      4.20      0.00      0.00      0.00      0.00      0.00
02:02:05 PM      0.00      8.80      0.00      0.00      4.20      0.00      0.00      0.00      0.00      0.00
02:02:10 PM      0.00      0.00      0.00      0.00      0.80      0.00      0.00      0.00      0.00      0.00
02:02:15 PM      0.00      4.00      0.40      0.00      4.80      0.00      0.00      0.00      0.00      0.00
02:02:20 PM      0.00    149.60      1.80      0.00      4.80      0.00      0.00      0.00      0.00      0.00
02:02:25 PM      0.00      0.00      0.20      0.00      4.20      0.00      0.00      0.00      0.00      0.00
02:02:30 PM      0.00     32.00      0.20      0.00      4.60      0.00      0.00      0.00      0.00      0.00
02:02:35 PM      0.00      0.00      0.00      0.00      4.00      0.00      0.00      0.00      0.00      0.00
02:02:40 PM      0.00      0.80      0.00      0.00      1.20      0.00      0.00      0.00      0.00      0.00
02:02:45 PM      0.00      0.00      0.00      0.00      4.00      0.00      0.00      0.00      0.00      0.00
02:02:50 PM      0.00     13.60      0.00      0.00      4.20      0.00      0.00      0.00      0.00      0.00
02:02:55 PM      0.00    130.40      0.00      0.00      4.00      0.00      0.00      0.00      0.00      0.00
02:03:00 PM      0.00      0.00      0.40      0.00      4.00      0.00      0.00      0.00      0.00      0.00
02:03:05 PM      0.00     19.20      0.00      0.00      4.40      0.00      0.00      0.00      0.00      0.00
02:03:10 PM      0.00      0.00      0.00      0.00      2.00      0.00      0.00      0.00      0.00      0.00
02:03:15 PM      0.00      0.80      0.00      0.00      3.80      0.00      0.00      0.00      0.00      0.00
02:03:20 PM      0.00      0.00      0.00      0.00      4.80      0.00      0.00      0.00      0.00      0.00
02:03:25 PM      0.00      3.20      0.00      0.00      4.00      0.00      0.00      0.00      0.00      0.00
02:03:30 PM      0.00    117.60      0.00      0.00      4.00      0.00      0.00      0.00      0.00      0.00
02:03:35 PM      0.00      0.00      0.00      0.00      3.80      0.00      0.00      0.00      0.00      0.00
02:03:40 PM      0.00      0.00      0.00      0.00      0.60      0.00      0.00      0.00      0.00      0.00
02:03:45 PM      0.00      0.00      0.00      0.00      7.20      0.00      0.00      0.00      0.00      0.00
02:03:50 PM      0.00      0.80      0.00      0.00      4.60      0.00      0.00      0.00      0.00      0.00
02:03:55 PM    674.40      0.00    565.40      7.80    407.00      0.00      0.00      0.00      0.00      0.00
02:04:00 PM      0.00      4.00      0.00      0.00      5.20      0.00      0.00      0.00      0.00      0.00
02:04:05 PM      0.00      0.00      0.00      0.00      4.20      0.00      0.00      0.00      0.00      0.00
02:04:10 PM      0.00      0.00      0.20      0.00      0.40      0.00      0.00      0.00      0.00      0.00
02:04:15 PM      0.00    188.00      0.40      0.00      4.00      0.00      0.00      0.00      0.00      0.00
02:04:20 PM      0.00      0.00      0.00      0.00      4.60      0.00      0.00      0.00      0.00      0.00
02:04:25 PM      3.20     19.20      0.00      0.00      4.60      0.00      0.00      0.00      0.00      0.00
02:04:30 PM      0.00      0.00      0.00      0.00      4.00      0.00      0.00      0.00      0.00      0.00
02:04:35 PM      0.00      0.00      2.40      0.00      4.00      0.00      0.00      0.00      0.00      0.00
02:04:40 PM      0.00      4.00      0.00      0.00      0.40      0.00      0.00      0.00      0.00      0.00
02:04:45 PM      0.00     83.20      0.00      0.00      3.80      0.00      0.00      0.00      0.00      0.00
02:04:50 PM      0.00    149.60      0.00      0.00      4.40      0.00      0.00      0.00      0.00      0.00
02:04:55 PM      0.00      0.00      0.00      0.00      3.80      0.00      0.00      0.00      0.00      0.00
02:05:00 PM      0.00      1.60      0.00      0.00    260.20      0.00      0.00      0.00      0.00      0.00
02:05:05 PM      0.00      0.00      0.00      0.00      3.80      0.00      0.00      0.00      0.00      0.00
02:05:10 PM      0.00      0.00      0.00      0.00      0.80      0.00      0.00      0.00      0.00      0.00
02:05:15 PM      0.00      3.20      0.00      0.00      4.00      0.00      0.00      0.00      0.00      0.00
02:05:20 PM      0.00     51.20      0.00      0.00      4.60      0.00      0.00      0.00      0.00      0.00
02:05:25 PM      0.00      0.00      0.20      0.00      3.80      0.00      0.00      0.00      0.00      0.00
02:05:30 PM      0.00    125.60      0.20      0.00      4.60      0.00      0.00      0.00      0.00      0.00
02:05:35 PM      0.00      0.80      0.40      0.00      5.00      0.00      0.00      0.00      0.00      0.00
02:05:40 PM      0.00     14.40      2.40      0.00      0.60      0.00      0.00      0.00      0.00      0.00
02:05:45 PM      0.00      0.00      0.60      0.00      5.40      0.00      0.00      0.00      0.00      0.00
02:05:50 PM      0.00     67.20      0.00      0.00      4.20      0.00      0.00      0.00      0.00      0.00
02:05:55 PM      0.00      0.00      0.00      0.00      4.00      0.00      0.00      0.00      0.00      0.00
02:06:00 PM      0.00      0.00      0.00      0.00      3.80      0.00      0.00      0.00      0.00      0.00
02:06:05 PM      0.00    152.00      0.00      0.00     13.20      0.00      0.00      0.00      0.00      0.00
02:06:10 PM      0.00      0.80      0.40      0.00      3.20      0.00      0.00      0.00      0.00      0.00
02:06:15 PM      0.00      0.00      0.00      0.00      5.00      0.00      0.00      0.00      0.00      0.00
02:06:20 PM      0.00      0.00      0.00      0.00      4.40      0.00      0.00      0.00      0.00      0.00
02:06:25 PM      0.00      3.20      0.00      0.00      4.00      0.00      0.00      0.00      0.00      0.00
02:06:30 PM      0.00     64.00      0.00      0.00      6.20      0.00      0.00      0.00      0.00      0.00
02:06:35 PM      0.00    143.20      0.00      0.00      9.20      0.00      0.00      0.00      0.00      0.00
02:06:40 PM      0.00      0.00      0.00      0.00      0.60      0.00      0.00      0.00      0.00      0.00
02:06:45 PM      0.00      0.80      0.00      0.00      8.60      0.00      0.00      0.00      0.00      0.00
02:06:50 PM      0.00      0.00      0.00      0.00      4.20      0.00      0.00      0.00      0.00      0.00
02:06:55 PM      0.00      0.00      0.00      0.00      4.00      0.00      0.00      0.00      0.00      0.00
02:07:00 PM      0.00     56.80      0.40      0.00      3.80      0.00      0.00      0.00      0.00      0.00
02:07:05 PM      0.00      0.00      0.00      0.00      4.60      0.00      0.00      0.00      0.00      0.00
02:07:10 PM      0.00      0.00      0.20      0.00      0.60      0.00      0.00      0.00      0.00      0.00
02:07:15 PM      0.80    130.40      0.20      0.20     10.60      0.00      0.00      0.00      0.00      0.00
02:07:20 PM      0.00      0.80      2.00      0.00      7.80      0.00      0.00      0.00      0.00      0.00
02:07:25 PM      0.00      0.00      0.00      0.00      4.60      0.00      0.00      0.00      0.00      0.00
02:07:30 PM      0.00      0.00      0.00      0.00      4.00      0.00      0.00      0.00      0.00      0.00
02:07:35 PM      0.00      4.00      0.40      0.00      4.20      0.00      0.00      0.00      0.00      0.00
02:07:40 PM      0.00     64.00      0.00      0.00      0.80      0.00      0.00      0.00      0.00      0.00
02:07:45 PM      0.00      0.00      0.00      0.00      4.00      0.00      0.00      0.00      0.00      0.00
02:07:50 PM      0.00    151.20      0.00      0.00      5.40      0.00      0.00      0.00      0.00      0.00
02:07:55 PM      0.00      0.80      0.00      0.00      4.40      0.00      0.00      0.00      0.00      0.00
02:08:00 PM      0.00      0.00      0.00      0.00      4.20      0.00      0.00      0.00      0.00      0.00
02:08:05 PM      0.00      0.00      0.00      0.00      4.40      0.00      0.00      0.00      0.00      0.00
02:08:10 PM      0.00     54.40      0.00      0.00      0.60      0.00      0.00      0.00      0.00      0.00
02:08:15 PM      0.00      0.00      0.00      0.00      4.20      0.00      0.00      0.00      0.00      0.00
02:08:20 PM      0.00    136.80      0.00      0.00      6.00      0.00      0.00      0.00      0.00      0.00
02:08:25 PM      0.00      0.00      0.00      0.00      4.60      0.00      0.00      0.00      0.00      0.00
02:08:30 PM      0.00      0.80      0.00      0.00      4.20      0.00      0.00      0.00      0.00      0.00
02:08:35 PM      0.00      0.00      0.00      0.00      4.20      0.00      0.00      0.00      0.00      0.00
02:08:40 PM      0.00      0.00      0.00      0.00      0.40      0.00      0.00      0.00      0.00      0.00
02:08:45 PM      0.00     54.40      0.00      0.00      9.00      0.00      0.00      0.00      0.00      0.00
02:08:50 PM      0.00    104.80      0.00      0.00      5.00      0.00      0.00      0.00      0.00      0.00
02:08:55 PM      0.00      0.00    279.80      0.00    214.20      0.00      0.00      0.00      0.00      0.00
02:09:00 PM      0.00      0.00      0.00      0.00      5.40      0.00      0.00      0.00      0.00      0.00
02:09:05 PM      0.00      0.80      0.00      0.00      5.40      0.00      0.00      0.00      0.00      0.00
02:09:10 PM      0.00      0.00      0.00      0.00      0.80      0.00      0.00      0.00      0.00      0.00
02:09:15 PM      0.00     51.20      2.00      0.00      4.20      0.00      0.00      0.00      0.00      0.00
02:09:20 PM      0.00      3.20      0.00      0.00      5.60      0.00      0.00      0.00      0.00      0.00
02:09:25 PM      0.00      0.00      0.40      0.00      4.00      0.00      0.00      0.00      0.00      0.00
02:09:30 PM      0.00      0.00      0.00      0.00      5.20      0.00      0.00      0.00      0.00      0.00
02:09:35 PM      0.00    143.20      0.00      0.00      4.60      0.00      0.00      0.00      0.00      0.00
02:09:40 PM      0.00      0.80      0.20      0.00      3.00      0.00      0.00      0.00      0.00      0.00
02:09:45 PM      0.00      0.00      0.00      0.00      4.40      0.00      0.00      0.00      0.00      0.00
02:09:50 PM      0.00    100.00      0.00      0.00      5.20      0.00      0.00      0.00      0.00      0.00
02:09:55 PM      0.00      4.00      0.00      0.00      4.00      0.00      0.00      0.00      0.00      0.00
02:10:00 PM      0.00      0.00      0.00      0.00      4.00      0.00      0.00      0.00      0.00      0.00
02:10:05 PM      0.00      0.00      0.00      0.00      4.00      0.00      0.00      0.00      0.00      0.00
02:10:10 PM      0.00    136.80      2.20      0.00      1.20      0.00      0.00      0.00      0.00      0.00
02:10:15 PM      0.00      0.80      0.00      0.00      4.60      0.00      0.00      0.00      0.00      0.00
02:10:20 PM      0.00     51.20      0.00      0.00      4.40      0.00      0.00      0.00      0.00      0.00
02:10:25 PM      0.00      0.00      0.00      0.00      3.80      0.00      0.00      0.00      0.00      0.00
02:10:30 PM      0.00      5.60      0.00      0.00    211.20      0.00      0.00      0.00      0.00      0.00
02:10:35 PM      0.00      0.00      0.00      0.00      3.80      0.00      0.00      0.00      0.00      0.00
02:10:40 PM      0.00     36.00      0.60      0.00      3.40      0.00      0.00      0.00      0.00      0.00
02:10:45 PM      0.00    136.80      0.00      0.00      6.40      0.00      0.00      0.00      0.00      0.00
02:10:50 PM      0.00      0.80      0.00      0.00      5.80      0.00      0.00      0.00      0.00      0.00
02:10:55 PM      0.00      0.00      0.00      0.00      3.80      0.00      0.00      0.00      0.00      0.00
02:11:00 PM      0.00     51.20      0.00      0.00      4.20      0.00      0.00      0.00      0.00      0.00
02:11:05 PM      0.00      3.20      0.00      0.00      4.00      0.00      0.00      0.00      0.00      0.00
02:11:10 PM      0.00      0.00      0.00      0.00      0.60      0.00      0.00      0.00      0.00      0.00
02:11:15 PM      0.00      0.00      0.00      0.00      4.20      0.00      0.00      0.00      0.00      0.00
02:11:20 PM      0.00      0.00      0.00      0.00      4.20      0.00      0.00      0.00      0.00      0.00
02:11:25 PM      0.00    106.40      0.00      0.00      5.60      0.00      0.00      0.00      0.00      0.00
02:11:30 PM      0.00      0.00      0.00      0.00      4.20      0.00      0.00      0.00      0.00      0.00
02:11:35 PM      0.00     51.20      0.00      0.00      4.00      0.00      0.00      0.00      0.00      0.00
02:11:40 PM      0.00      0.00      0.00      0.00      0.40      0.00      0.00      0.00      0.00      0.00
02:11:45 PM      0.00      3.20      0.00      0.00      4.00      0.00      0.00      0.00      0.00      0.00
02:11:50 PM      0.00      0.00      0.00      0.00      4.20      0.00      0.00      0.00      0.00      0.00
02:11:55 PM      0.00      0.00      0.00      0.00      3.80      0.00      0.00      0.00      0.00      0.00
02:12:00 PM      0.00    124.80      0.00      0.00      4.60      0.00      0.00      0.00      0.00      0.00
02:12:05 PM      0.00      0.00      0.00      0.00      4.20      0.00      0.00      0.00      0.00      0.00
02:12:10 PM      0.00      0.00      0.00      0.00      0.80      0.00      0.00      0.00      0.00      0.00
02:12:15 PM      0.00     19.20      0.00      0.00      4.80      0.00      0.00      0.00      0.00      0.00
02:12:20 PM      0.00     17.60      2.20      0.00     10.20      0.00      0.00      0.00      0.00      0.00
02:12:25 PM      0.00      0.00      0.00      0.00      4.00      0.00      0.00      0.00      0.00      0.00
02:12:30 PM      0.00    124.00      0.00      0.00     10.20      0.00      0.00      0.00      0.00      0.00
02:12:35 PM      0.00      0.80      0.00      0.00      8.20      0.00      0.00      0.00      0.00      0.00
02:12:40 PM      0.00      0.00      0.00      0.00      4.20      0.00      0.00      0.00      0.00      0.00
02:12:45 PM      0.00     64.00      0.00      0.00      4.00      0.00      0.00      0.00      0.00      0.00
02:12:50 PM      0.00      8.00      0.00      0.00      7.60      0.00      0.00      0.00      0.00      0.00
02:12:55 PM      0.00      4.00      0.00      0.00      8.00      0.00      0.00      0.00      0.00      0.00
02:13:00 PM      0.00      0.00      0.00      0.00      3.80      0.00      0.00      0.00      0.00      0.00
02:13:05 PM      0.00    143.20      0.00      0.00     14.40      0.00      0.00      0.00      0.00      0.00
02:13:10 PM      0.00      0.80      0.00      0.00      4.40      0.00      0.00      0.00      0.00      0.00
02:13:15 PM      0.00      0.00      2.20      0.00      8.40      0.00      0.00      0.00      0.00      0.00
02:13:20 PM      0.00     64.00      0.00      0.00      4.40      0.00      0.00      0.00      0.00      0.00
02:13:25 PM      0.00      0.00      0.00      0.00      4.00      0.00      0.00      0.00      0.00      0.00
02:13:30 PM      0.00      4.00      0.00      0.00      7.40      0.00      0.00      0.00      0.00      0.00
02:13:35 PM      0.00      0.00      0.00      0.00      5.80      0.00      0.00      0.00      0.00      0.00
02:13:40 PM      0.00    143.20      0.00      0.00     10.20      0.00      0.00      0.00      0.00      0.00
02:13:45 PM      0.00      9.60      0.00      0.00     15.60      0.00      0.00      0.00      0.00      0.00
02:13:50 PM      0.00      0.00      0.00      0.00      4.20      0.00      0.00      0.00      0.00      0.00
02:13:55 PM      0.00      0.00    282.40      0.00    211.00      0.00      0.00      0.00      0.00      0.00
02:14:00 PM      0.00     64.00      0.00      0.00      7.00      0.00      0.00      0.00      0.00      0.00
02:14:05 PM      0.00      4.80      0.00      0.00      8.20      0.00      0.00      0.00      0.00      0.00
02:14:10 PM      0.00      0.00      0.20      0.00      0.40      0.00      0.00      0.00      0.00      0.00
02:14:15 PM      0.00    149.60      0.00      0.00     14.60      0.00      0.00      0.00      0.00      0.00
02:14:20 PM      0.00      0.80      0.00      0.00     10.60      0.00      0.00      0.00      0.00      0.00
02:14:25 PM      0.00      0.00      0.00      0.00      4.00      0.00      0.00      0.00      0.00      0.00
02:14:30 PM      0.00     51.10      0.00      0.00      3.79      0.00      0.00      0.00      0.00      0.00
02:14:35 PM      0.00      0.00      0.00      0.00      4.40      0.00      0.00      0.00      0.00      0.00
02:14:40 PM      0.00      3.20      0.00      0.00      4.40      0.00      0.00      0.00      0.00      0.00
02:14:45 PM      0.00      0.00      2.20      0.00      8.60      0.00      0.00      0.00      0.00      0.00
02:14:50 PM      0.00      0.00      0.00      0.00      4.40      0.00      0.00      0.00      0.00      0.00
02:14:55 PM      0.00    144.00      0.00      0.00     16.00      0.00      0.00      0.00      0.00      0.00
02:15:00 PM      0.00      0.00      0.00      0.00      6.40      0.00      0.00      0.00      0.00      0.00
02:15:05 PM      0.00      0.00      0.00      0.00      4.20      0.00      0.00      0.00      0.00      0.00
02:15:10 PM      0.00     51.20      0.00      0.00      0.60      0.00      0.00      0.00      0.00      0.00
02:15:15 PM      0.00      8.80      0.00      0.00      8.00      0.00      0.00      0.00      0.00      0.00
02:15:20 PM      0.00      4.00      0.00      0.00      8.20      0.00      0.00      0.00      0.00      0.00
02:15:25 PM      0.00      0.00      0.00      0.00      4.00      0.00      0.00      0.00      0.00      0.00
02:15:30 PM      0.00    150.40      0.00      0.00     15.80      0.00      0.00      0.00      0.00      0.00
02:15:35 PM      0.00      0.00      0.00      0.00      4.40      0.00      0.00      0.00      0.00      0.00
02:15:40 PM      0.00      0.00      0.00      0.00      0.40      0.00      0.00      0.00      0.00      0.00
02:15:45 PM      0.00     19.20      2.00      0.00      4.20      0.00      0.00      0.00      0.00      0.00
02:15:50 PM      0.00      0.00      0.20      0.00      8.40      0.00      0.00      0.00      0.00      0.00
02:15:55 PM      0.00      3.20      0.00      0.00      8.20      0.00      0.00      0.00      0.00      0.00
02:16:00 PM      0.00      0.00      0.00      0.00      4.00      0.00      0.00      0.00      0.00      0.00
02:16:05 PM      0.00    124.80      0.00      0.00     15.00      0.00      0.00      0.00      0.00      0.00
02:16:10 PM      0.00      0.00      0.00      0.00      0.60      0.00      0.00      0.00      0.00      0.00
02:16:15 PM      0.00      0.00      0.00      0.00      6.40      0.00      0.00      0.00      0.00      0.00
02:16:20 PM      0.00     72.80      0.00      0.00      8.60      0.00      0.00      0.00      0.00      0.00
02:16:25 PM      0.00      0.00      0.00      0.00      3.80      0.00      0.00      0.00      0.00      0.00
02:16:30 PM      0.00      4.00      0.00      0.00      8.20      0.00      0.00      0.00      0.00      0.00
02:16:35 PM      0.00    143.20      0.00      0.00     15.00      0.00      0.00      0.00      0.00      0.00
02:16:40 PM      0.00      0.80      0.00      0.00      4.80      0.00      0.00      0.00      0.00      0.00
02:16:45 PM      0.00      0.00      0.00      0.00      6.20      0.00      0.00      0.00      0.00      0.00
02:16:50 PM      0.00     51.20      0.00      0.00      4.40      0.00      0.00      0.00      0.00      0.00
02:16:55 PM      0.00      0.00      0.00      0.00      4.00      0.00      0.00      0.00      0.00      0.00
02:17:00 PM      0.00      0.00      0.00      0.00      6.20      0.00      0.00      0.00      0.00      0.00
02:17:05 PM      0.00      3.20      0.00      0.00      9.20      0.00      0.00      0.00      0.00      0.00
02:17:10 PM      0.00    111.20      0.00      0.00      8.20      0.00      0.00      0.00      0.00      0.00
02:17:15 PM      0.00      0.80      0.00      0.00     11.40      0.00      0.00      0.00      0.00      0.00
02:17:20 PM      0.00     36.00      2.20      0.00     11.60      0.00      0.00      0.00      0.00      0.00
02:17:25 PM      0.00     14.40      2.40      0.00      6.20      0.00      0.00      0.00      0.00      0.00
02:17:30 PM      0.00     70.40      0.20      0.00      4.20      0.00      0.00      0.00      0.00      0.00
02:17:35 PM      0.00      0.00      0.00      0.00      6.60      0.00      0.00      0.00      0.00      0.00
02:17:40 PM      0.00      5.60      0.00      0.00      7.00      0.00      0.00      0.00      0.00      0.00
02:17:45 PM      0.00    149.60      0.00      0.00     14.20      0.00      0.00      0.00      0.00      0.00
02:17:50 PM      0.00     10.40      0.00      0.00     13.20      0.00      0.00      0.00      0.00      0.00
02:17:55 PM      0.00      0.00      0.00      0.00      4.20      0.00      0.00      0.00      0.00      0.00
02:18:00 PM      0.00      0.00      0.00      0.00      4.20      0.00      0.00      0.00      0.00      0.00
02:18:05 PM      0.00     70.40      0.00      0.00      4.20      0.00      0.00      0.00      0.00      0.00
02:18:10 PM      0.00      0.00      0.20      0.00      0.40      0.00      0.00      0.00      0.00      0.00
02:18:15 PM      0.00      3.20      0.00      0.00     10.60      0.00      0.00      0.00      0.00      0.00
02:18:20 PM      0.00    124.00      0.00      0.00     15.60      0.00      0.00      0.00      0.00      0.00
02:18:25 PM      0.00      1.60      0.00      0.00      8.00      0.00      0.00      0.00      0.00      0.00
02:18:30 PM      0.00      0.00      0.00      0.00      4.00      0.00      0.00      0.00      0.00      0.00
02:18:35 PM      0.00      0.00      0.00      0.00      4.00      0.00      0.00      0.00      0.00      0.00
02:18:40 PM      0.00      0.00      0.00      0.00      1.60      0.00      0.00      0.00      0.00      0.00
02:18:45 PM      0.00     51.20      0.40      0.00      7.40      0.00      0.00      0.00      0.00      0.00
02:18:50 PM      0.00    127.20      0.00      0.00     11.40      0.00      0.00      0.00      0.00      0.00
02:18:55 PM      0.00      0.00      0.00      0.00      3.80      0.00      0.00      0.00      0.00      0.00
02:19:00 PM      0.00      0.80    281.60      0.00    211.80      0.00      0.00      0.00      0.00      0.00
02:19:05 PM      0.00      0.00      0.00      0.00      3.80      0.00      0.00      0.00      0.00      0.00
02:19:10 PM      0.00      0.00      0.00      0.00      0.80      0.00      0.00      0.00      0.00      0.00
02:19:15 PM      0.00      0.00      0.00      0.00      3.80      0.00      0.00      0.00      0.00      0.00
02:19:20 PM      0.00     51.20      0.00      0.00      4.60      0.00      0.00      0.00      0.00      0.00
02:19:25 PM      0.00      4.00      0.00      0.00      3.80      0.00      0.00      0.00      0.00      0.00
02:19:30 PM      0.00    111.20      0.00      0.00      4.40      0.00      0.00      0.00      0.00      0.00
02:19:35 PM      0.00      0.80      0.00      0.00      3.80      0.00      0.00      0.00      0.00      0.00
02:19:40 PM      0.00      0.00      0.00      0.00      0.80      0.00      0.00      0.00      0.00      0.00
02:19:45 PM      0.00      0.00      0.00      0.00      4.00      0.00      0.00      0.00      0.00      0.00
02:19:50 PM      0.00     70.40      0.00      0.00      4.20      0.00      0.00      0.00      0.00      0.00
02:19:55 PM      0.00      0.00      0.00      0.00      4.00      0.00      0.00      0.00      0.00      0.00
02:20:00 PM      0.00    127.20      0.00      0.00      4.20      0.00      0.00      0.00      0.00      0.00
02:20:05 PM      0.00      0.00      0.00      0.00      4.00      0.00      0.00      0.00      0.00      0.00
02:20:10 PM      0.00      0.80      0.00      0.00      0.40      0.00      0.00      0.00      0.00      0.00
02:20:15 PM      0.00      0.00      0.00      0.00      4.20      0.00      0.00      0.00      0.00      0.00
02:20:20 PM      0.00     51.20      0.00      0.00      4.40      0.00      0.00      0.00      0.00      0.00
02:20:25 PM      0.00      0.00      0.00      0.00      3.80      0.00      0.00      0.00      0.00      0.00
02:20:30 PM      0.00      0.00      0.00      0.00      4.00      0.00      0.00      0.00      0.00      0.00
02:20:35 PM      0.00    115.20      2.20      0.00      4.20      0.00      0.00      0.00      0.00      0.00
02:20:40 PM      0.00      0.00      0.00      0.00      0.60      0.00      0.00      0.00      0.00      0.00
02:20:45 PM      0.00      0.80      0.00      0.00      4.20      0.00      0.00      0.00      0.00      0.00
02:20:50 PM      0.00      0.00      0.20      0.00      4.80      0.00      0.00      0.00      0.00      0.00
02:20:55 PM      0.00     64.00      0.00      0.00      4.00      0.00      0.00      0.00      0.00      0.00
02:21:00 PM      0.00      0.00      0.00      0.00      3.80      0.00      0.00      0.00      0.00      0.00
02:21:05 PM      0.00    146.40      0.00      0.00      4.40      0.00      0.00      0.00      0.00      0.00
02:21:10 PM      0.00      3.20      0.20      0.00      0.40      0.00      0.00      0.00      0.00      0.00
02:21:15 PM      0.00      0.00      2.00      0.00      4.60      0.00      0.00      0.00      0.00      0.00
02:21:20 PM      0.00      0.80      0.00      0.00      4.20      0.00      0.00      0.00      0.00      0.00
02:21:25 PM      0.00      0.00      0.00      0.00      4.00      0.00      0.00      0.00      0.00      0.00
02:21:30 PM      0.00      0.00      0.00      0.00      3.80      0.00      0.00      0.00      0.00      0.00
02:21:35 PM      0.00    188.00      0.00      0.00      4.20      0.00      0.00      0.00      0.00      0.00
02:21:40 PM      0.00      0.00      0.00      0.00      0.60      0.00      0.00      0.00      0.00      0.00
02:21:45 PM      0.00     12.80      0.00      0.00      4.00      0.00      0.00      0.00      0.00      0.00
02:21:50 PM      0.00      0.00      0.00      0.00      4.40      0.00      0.00      0.00      0.00      0.00
02:21:55 PM      0.00      0.80      0.00      0.00      3.80      0.00      0.00      0.00      0.00      0.00
02:22:00 PM      0.00      0.00      0.00      0.00      4.20      0.00      0.00      0.00      0.00      0.00
02:22:05 PM      0.00     64.00      0.40      0.00      4.40      0.00      0.00      0.00      0.00      0.00
02:22:10 PM      0.00    143.20      0.00      0.00      0.80      0.00      0.00      0.00      0.00      0.00
02:22:15 PM      0.00      0.00      0.40      0.00      4.80      0.00      0.00      0.00      0.00      0.00
02:22:20 PM      0.00      0.00    546.00      0.00      4.60      0.00      0.00      0.00      0.00      0.00
02:22:25 PM      0.00     54.40      2.20      0.00      5.20      0.00      0.00      0.00      0.00      0.00
02:22:30 PM      0.00      0.80      0.00      0.00      4.20      0.00      0.00      0.00      0.00      0.00
02:22:35 PM      0.00      0.00      0.00      0.00      4.20      0.00      0.00      0.00      0.00      0.00
02:22:40 PM      0.00     70.40      0.00      0.00      0.60      0.00      0.00      0.00      0.00      0.00
02:22:45 PM      3.20    149.60      0.00      0.00      4.60      0.00      0.00      0.00      0.00      0.00
02:22:50 PM      0.00      7.20    399.60      0.00      4.20      0.00      0.00      0.00      0.00      0.00
02:22:55 PM      0.00      0.00      0.00      0.00      4.40      0.00      0.00      0.00      0.00      0.00
02:23:00 PM      0.00      4.00      0.00      0.00      4.00      0.00      0.00      0.00      0.00      0.00
02:23:05 PM      0.00      0.80      0.00      0.00      5.00      0.00      0.00      0.00      0.00      0.00
02:23:10 PM      0.00     51.20      0.00      0.00      0.40      0.00      0.00      0.00      0.00      0.00
02:23:15 PM      0.00      0.00      0.00      0.00      4.00      0.00      0.00      0.00      0.00      0.00
02:23:20 PM    132.00 199036.80  53567.60     14.00  58646.60 265455.60   4089.00  58513.60      0.00      0.00
02:23:25 PM     96.00  78643.20      5.60      0.40  19665.40      0.00      0.00      0.00      0.00      0.00
02:23:30 PM      3.20  74547.20      0.20      0.00  18641.40      0.00      0.00      0.00      0.00      0.00
02:23:35 PM     10.40  33590.40      2.60      2.60   8403.00      0.00      0.00      0.00      0.00      0.00
02:23:40 PM      0.00   3687.20      0.00      0.00    922.40      0.00      0.00      0.00      0.00      0.00
02:23:45 PM      9.60  10713.60      0.00      0.00   2669.60      0.00      0.00      0.00      0.00      0.00
02:23:50 PM 140731.20  18455.20  35164.60  35164.40   4828.80      0.00      0.00      0.00      0.00      0.00
02:23:55 PM      3.20    126.40      0.00      0.00      4.00      0.00      0.00      0.00      0.00      0.00
02:24:00 PM   1068.00      0.00    293.60     12.40    251.40      0.00      0.00      0.00      0.00      0.00
02:24:05 PM      0.00      0.00      0.00      0.00      4.00      0.00      0.00      0.00      0.00      0.00
02:24:10 PM      0.00      3.20      0.00      0.00      0.40      0.00      0.00      0.00      0.00      0.00
02:24:15 PM      0.80      0.80      1.00      0.20      4.00      0.00      0.00      0.00      0.00      0.00
02:24:20 PM 185134.40 100761.60  46283.60  46283.60  25823.20  25497.80      0.00  25467.40      0.00      0.00
02:24:25 PM      0.00    200.80      0.00      0.00      4.20      0.00      0.00      0.00      0.00      0.00
02:24:30 PM      0.00      0.00      0.00      0.00      4.00      0.00      0.00      0.00      0.00      0.00
02:24:35 PM      0.00      0.00      0.00      0.00      3.80      0.00      0.00      0.00      0.00      0.00
02:24:40 PM      0.00      0.00      0.00      0.00      1.60      0.00      0.00      0.00      0.00      0.00
02:24:45 PM      0.00      3.20      0.00      0.00      3.80      0.00      0.00      0.00      0.00      0.00
02:24:50 PM 106284.00  85914.40  25742.40  25739.80  26515.20 171117.20    538.60  26303.20      0.00      0.00
02:24:55 PM    254.40     57.60      5.00      1.20      3.80      0.00      0.00      0.00      0.00      0.00
02:25:00 PM   1105.60  18575.20     39.40     61.40   5030.20   5734.60      0.00   4613.00      0.00      0.00
02:25:05 PM      0.00      0.00      0.00      0.00      4.00      0.00      0.00      0.00      0.00      0.00
02:25:10 PM    124.80      0.00      0.60     31.20    321.20      0.00      0.00      0.00      0.00      0.00
02:25:15 PM     82.40      0.00      0.60      0.20      4.00      0.00      0.00      0.00      0.00      0.00
02:25:20 PM   5780.80      6.40   1392.40   1432.20    494.40      0.00      0.00      0.00      0.00      0.00
02:25:25 PM     88.80      0.80      5.20      5.20      4.00      0.00      0.00      0.00      0.00      0.00
02:25:30 PM    113.60    124.00      0.00     28.40    363.00      0.00      0.00      0.00      0.00      0.00
02:25:35 PM    188.80      0.00      5.40      2.20      4.20      0.00      0.00      0.00      0.00      0.00
02:25:40 PM    128.80      0.00      0.40     32.20    387.20      0.00      0.00      0.00      0.00      0.00
02:25:45 PM      0.00      0.00      0.00      0.00      4.00      0.00      0.00      0.00      0.00      0.00
02:25:50 PM  74190.40  79204.00  18504.60  18546.20  20311.80  22093.60     67.60  19781.40      0.00      0.00
02:25:55 PM      3.20      0.00      0.00      0.00      4.00      0.00      0.00      0.00      0.00      0.00
02:26:00 PM    139.20      0.00      0.00     34.80    414.40      0.00      0.00      0.00      0.00      0.00
02:26:05 PM      0.00    130.40      0.00      0.00      3.80      0.00      0.00      0.00      0.00      0.00
02:26:10 PM     36.80      0.00      0.00      9.20    103.20      0.00      0.00      0.00      0.00      0.00
02:26:15 PM      0.00      0.00      0.00      0.00      4.00      0.00      0.00      0.00      0.00      0.00
02:26:20 PM 148860.80 134219.20  37281.00  37281.20  33997.60  79166.40    504.60  33875.20      0.00      0.00
02:26:25 PM     31.20      0.00      3.00      0.20      3.80      0.00      0.00      0.00      0.00      0.00
02:26:30 PM      0.00      0.00      0.00      0.00      4.20      0.00      0.00      0.00      0.00      0.00
02:26:35 PM      4.00      0.00      1.00      1.00      3.80      0.00      0.00      0.00      0.00      0.00
02:26:40 PM      0.00      0.00      0.00      0.00      0.80      0.00      0.00      0.00      0.00      0.00
02:26:45 PM      0.00    117.60      0.20      0.00      3.80      0.00      0.00      0.00      0.00      0.00
02:26:50 PM  49860.00  42499.20  12026.60  12076.40  12336.80  46503.80      0.00  11747.40      0.00      0.00
02:26:55 PM      3.20      4.00      1.20      0.80      4.20      0.00      0.00      0.00      0.00      0.00
02:27:00 PM    448.00      0.00    102.20     99.80      4.20      0.00      0.00      0.00      0.00      0.00
02:27:05 PM   1264.00      0.00     30.40     20.80    163.80      0.00      0.00      0.00      0.00      0.00
02:27:10 PM      1.60      0.00      0.40      0.40      0.60      0.00      0.00      0.00      0.00      0.00
02:27:15 PM    192.80      0.00      2.60      2.20      5.00      0.00      0.00      0.00      0.00      0.00
02:27:20 PM  15514.40  18754.40   3887.00   3878.80   4912.20   7610.00      0.00   4885.40      0.00      0.00
02:27:25 PM    893.60    207.20      3.80      2.60     53.40      0.00      0.00      0.00      0.00      0.00
02:27:30 PM      0.00      4.00      0.20      0.00      4.20      0.00      0.00      0.00      0.00      0.00
02:27:35 PM      0.80      0.00      0.80      0.20      4.40      0.00      0.00      0.00      0.00      0.00
02:27:40 PM      0.00      0.00      0.00      0.00      1.00      0.00      0.00      0.00      0.00      0.00
02:27:45 PM      0.80      0.00      0.40      0.20      3.80      0.00      0.00      0.00      0.00      0.00
02:27:50 PM  86776.80  75875.20  21550.60  21548.20  21195.80  63164.40    122.60  19933.60      0.00      0.00
02:27:55 PM    731.20    200.80     18.20     11.40     29.20      0.00      0.00      0.00      0.00      0.00
02:28:00 PM      0.00      0.00      0.00      0.00      4.00      0.00      0.00      0.00      0.00      0.00
02:28:05 PM      0.00      4.80      0.00      0.00      4.00      0.00      0.00      0.00      0.00      0.00
02:28:10 PM      0.00      0.00      0.00      0.00      0.40      0.00      0.00      0.00      0.00      0.00
02:28:15 PM      0.00      0.00      0.00      0.00      4.40      0.00      0.00      0.00      0.00      0.00
02:28:20 PM 101557.60 110530.40  24752.20  24750.80  29235.00  67630.00      0.00  29154.80      0.00      0.00
02:28:25 PM    366.40      0.00      2.00     67.00    722.20      0.00      0.00      0.00      0.00      0.00
02:28:30 PM    771.20      0.00      0.40      0.20      3.80      0.00      0.00      0.00      0.00      0.00
02:28:35 PM    243.20    104.80      2.80     60.80    620.00      0.00      0.00      0.00      0.00      0.00
02:28:40 PM     60.00      0.00      3.60      1.20      0.40      0.00      0.00      0.00      0.00      0.00
02:28:45 PM   3384.80      0.00     44.40     64.60    758.00      0.00      0.00      0.00      0.00      0.00
02:28:50 PM  71978.40  68802.40  18012.20  18011.60  17250.20  18018.20      0.00  17221.20      0.00      0.00
02:28:55 PM    187.20      0.00      0.40     46.80    517.20      0.00      0.00      0.00      0.00      0.00
02:29:00 PM   3443.20   6824.80    356.80     48.40   2073.20   1732.80      0.00   1722.80      0.00      0.00
02:29:05 PM     81.60      0.00      0.20     19.20    209.00      0.00      0.00      0.00      0.00      0.00
02:29:10 PM      0.00      0.00      0.00      0.00      0.60      0.00      0.00      0.00      0.00      0.00
02:29:15 PM    188.80      0.00      1.00     47.20    568.20      0.00      0.00      0.00      0.00      0.00
02:29:20 PM  83202.40  93916.80  20777.00  20767.60  24023.80 116920.20  19876.00  23857.20      0.00      0.00
02:29:25 PM     64.80      4.00     11.20      7.00      4.00      0.00      0.00      0.00      0.00      0.00
02:29:30 PM     35.20      0.00      0.20      0.20      4.00      0.00      0.00      0.00      0.00      0.00
02:29:35 PM      1.60      0.00      0.40      0.40      3.80      0.00      0.00      0.00      0.00      0.00
02:29:40 PM      0.80      0.00      0.20      0.20      0.40      0.00      0.00      0.00      0.00      0.00
02:29:45 PM     24.00      0.00      6.60      6.00      4.20      0.00      0.00      0.00      0.00      0.00
02:29:50 PM  80021.60  58700.80  19380.80  19379.80  16443.20  22813.20      0.00  16200.00      0.00      0.00
02:29:55 PM     18.40      0.00      1.40      1.20      4.20      0.00      0.00      0.00      0.00      0.00
02:30:00 PM      8.00      0.00      5.20      2.00      3.80      0.00      0.00      0.00      0.00      0.00
02:30:05 PM     12.00      0.00      3.20      3.00      5.80      0.00      0.00      0.00      0.00      0.00
02:30:10 PM      0.00      0.00      0.00      0.00      0.40      0.00      0.00      0.00      0.00      0.00
02:30:15 PM    291.20      0.00      3.00      2.20     12.60      0.00      0.00      0.00      0.00      0.00
02:30:20 PM  41306.40  40780.80  10137.00  10135.40  12109.40  12209.80      0.00  10693.00      0.00      0.00
02:30:25 PM    216.80      4.00      1.40     54.20    621.00      0.00      0.00      0.00      0.00      0.00
02:30:30 PM     22.40      0.00      6.20      6.00      4.40      0.00      0.00      0.00      0.00      0.00
02:30:35 PM      8.80      0.00      2.20      2.20      4.80      0.00      0.00      0.00      0.00      0.00
02:30:40 PM    139.20      0.00      2.00     34.80    725.20      0.00      0.00      0.00      0.00      0.00
02:30:45 PM      0.00      0.00      0.00      0.00      3.80      0.00      0.00      0.00      0.00      0.00
02:30:50 PM   4817.60  11976.80   1154.60   1208.60   3733.60   3260.20      0.00   2954.20      0.00      0.00
02:30:55 PM      0.80      0.00      0.00      0.00      3.80      0.00      0.00      0.00      0.00      0.00
02:31:00 PM   1182.40      0.00    153.20    176.60    640.40      0.00      0.00      0.00      0.00      0.00
02:31:05 PM      0.00      0.00      0.00      0.00      4.00      0.00      0.00      0.00      0.00      0.00
02:31:10 PM     98.40      0.00      0.40     24.60    538.60      0.00      0.00      0.00      0.00      0.00
02:31:15 PM      4.80      0.00      1.80      1.20      4.20      0.00      0.00      0.00      0.00      0.00
02:31:20 PM 118846.40 104988.00  29526.40  29556.20  28256.80 145622.20  48788.00  27411.20      0.00      0.00
02:31:25 PM   2125.60  20293.60     15.00     10.60   5264.40   5828.60      0.00   5216.40      0.00      0.00
02:31:30 PM      4.00      0.00      0.20      0.20      3.80      0.00      0.00      0.00      0.00      0.00
02:31:35 PM     84.80    136.80     17.60     16.80      4.80      0.00      0.00      0.00      0.00      0.00
02:31:40 PM      4.00      0.00      1.60      1.00      0.60      0.00      0.00      0.00      0.00      0.00
02:31:45 PM      0.00      0.00      0.00      0.00      3.80      0.00      0.00      0.00      0.00      0.00
02:31:50 PM   6642.40      0.00   1639.20   1633.20     13.60      0.00      0.00      0.00      0.00      0.00
02:31:55 PM      5.60     19.20      1.60      1.40      3.80      0.00      0.00      0.00      0.00      0.00
02:32:00 PM     18.40      4.00      4.80      4.80      5.80      0.00      0.00      0.00      0.00      0.00
02:32:05 PM   2978.40      0.00     53.80     36.60     32.60      0.00      0.00      0.00      0.00      0.00
02:32:10 PM      2.40    124.00      0.60      0.60      0.80      0.00      0.00      0.00      0.00      0.00
02:32:15 PM     39.20      0.00      5.40      4.80      4.80      0.00      0.00      0.00      0.00      0.00
02:32:20 PM  56132.00  50687.20  13886.00  13872.80  12934.40  75565.80      0.00  12861.20      0.00      0.00
02:32:25 PM    119.20     37.60      7.00      4.20      5.00      0.00      0.00      0.00      0.00      0.00
02:32:30 PM    798.40     46.40      5.20     24.20    311.80      0.00      0.00      0.00      0.00      0.00
02:32:35 PM      0.80      5.60      0.40      0.40      4.40      0.00      0.00      0.00      0.00      0.00
02:32:40 PM    225.60      0.00      1.40     56.40    616.40      0.00      0.00      0.00      0.00      0.00
02:32:45 PM      8.00    143.20      2.40      2.00      5.40      0.00      0.00      0.00      0.00      0.00
02:32:50 PM  81428.34  87730.94  19109.38  19092.81  24183.03  73095.41   1021.36  24055.89      0.00      0.00
02:32:55 PM   1703.41      0.00     67.13     46.49     38.48      0.00      0.00      0.00      0.00      0.00
02:33:00 PM    928.00     19.20    174.40    154.40     12.00      0.00      0.00      0.00      0.00      0.00
02:33:05 PM      2.40      0.00      0.80      0.60      4.20      0.00      0.00      0.00      0.00      0.00
02:33:10 PM      8.00      4.80      5.00      1.00      1.20      0.00      0.00      0.00      0.00      0.00
02:33:15 PM      1.60      0.00      2.80      0.40      4.00      0.00      0.00      0.00      0.00      0.00
02:33:20 PM  17650.40   8011.20   4401.80   4400.20   1991.60   3506.80      0.00   1974.40      0.00      0.00
02:33:25 PM    523.20      0.00     11.00      3.40     22.00      0.00      0.00      0.00      0.00      0.00
02:33:30 PM      4.80      0.00      1.20      1.20      6.00      0.00      0.00      0.00      0.00      0.00
02:33:35 PM      0.80     32.00      1.00      0.20      4.00      0.00      0.00      0.00      0.00      0.00
02:33:40 PM      0.00      0.00      0.20      0.00      0.80      0.00      0.00      0.00      0.00      0.00
02:33:45 PM    695.20      4.00     43.00     30.20      9.60      0.00      0.00      0.00      0.00      0.00
02:33:50 PM  40697.60  38354.40  10173.80  10172.80   9871.60  13460.80    244.40   9772.20      0.00      0.00
02:33:55 PM     48.00    130.40     10.40     10.40      5.40      0.00      0.00      0.00      0.00      0.00
02:34:00 PM   2704.00   8187.20    331.00     35.80   2228.20   2282.80      0.00   2050.40      0.00      0.00
02:34:05 PM      1.60      0.00      0.40      0.40      4.20      0.00      0.00      0.00      0.00      0.00
02:34:10 PM     15.20      0.00      4.20      1.60      0.60      0.00      0.00      0.00      0.00      0.00
02:34:15 PM     12.00      0.00      3.00      3.00      4.60      0.00      0.00      0.00      0.00      0.00
02:34:20 PM  61199.20  51184.80  15307.60  15307.80  14750.00  17455.60     41.20  14693.00      0.00      0.00
02:34:25 PM    892.00    117.60      3.80     42.00    530.60      0.00      0.00      0.00      0.00      0.00
02:34:30 PM   1703.20      0.00      4.00      2.40      3.80      0.00      0.00      0.00      0.00      0.00
02:34:35 PM    275.20   1700.00      5.20     68.80   1141.20      0.00      0.00    419.00      0.00      0.00
02:34:40 PM    609.60  20273.60      7.60      7.00   5069.20   5069.00      0.00   5068.60      0.00      0.00
02:34:45 PM    192.00      0.00      3.20     48.00   2904.60      0.00      0.00      0.00      0.00      0.00
02:34:50 PM  36524.80  20316.00   9115.80   9113.40   5129.20   5081.60      0.00   5079.40      0.00      0.00
02:34:55 PM    127.20      0.00      1.80     31.80    311.80      0.00      0.00      0.00      0.00      0.00
02:35:00 PM   1129.60      0.00    169.80    156.00     22.80      0.00      0.00      0.00      0.00      0.00
02:35:05 PM    224.00    175.20      4.20     53.60    519.80      0.00      0.00      0.00      0.00      0.00
02:35:10 PM      4.00      4.00      1.00      1.00      0.80      0.00      0.00      0.00      0.00      0.00
02:35:15 PM    203.20      0.00      1.80     50.80    732.20      0.00      0.00      0.00      0.00      0.00
02:35:20 PM  97940.00 104089.60  24488.00  24485.60  26280.40  90264.60     61.60  26173.20      0.00      0.00
02:35:25 PM      0.00      0.00      0.60      0.40      4.40      0.00      0.00      0.00      0.00      0.00
02:35:30 PM      4.80      0.00      1.20      1.20      4.00      0.00      0.00      0.00      0.00      0.00
02:35:35 PM      6.40     51.20      1.60      1.60      4.00      0.00      0.00      0.00      0.00      0.00
02:35:40 PM      0.00    111.20      0.00      0.00      3.60      0.00      0.00      0.00      0.00      0.00
02:35:45 PM      0.00      4.80      0.00      0.00      4.00      0.00      0.00      0.00      0.00      0.00
02:35:50 PM  92568.46  76800.00  22231.14  22225.95  21185.43  86712.38     26.15  20978.84      0.00      0.00
02:35:55 PM   2400.80  20318.24     44.89     19.04   5254.51   5189.58      0.00   5178.76      0.00      0.00
02:36:00 PM      5.60      0.00      2.80      1.40      3.80      0.00      0.00      0.00      0.00      0.00
02:36:05 PM    839.92      0.00     23.15     13.77     19.16      0.00      0.00      0.00      0.00      0.00
02:36:10 PM      3.20      0.00      0.80      0.80      0.80      0.00      0.00      0.00      0.00      0.00
02:36:15 PM     14.40    136.80      2.00      0.60      4.00      0.00      0.00      0.00      0.00      0.00
02:36:20 PM  35134.40  24273.60   8774.40   8773.40   6208.20   8084.80    115.20   6122.80      0.00      0.00
02:36:25 PM    164.00      0.00      1.40     39.20    414.80      0.00      0.00      0.00      0.00      0.00
02:36:30 PM      2.40      0.00      3.80      0.60      4.00      0.00      0.00      0.00      0.00      0.00
02:36:35 PM    152.80      0.00      1.60     38.20    414.40      0.00      0.00      0.00      0.00      0.00
02:36:40 PM     17.60      0.00      5.60      4.60      1.40      0.00      0.00      0.00      0.00      0.00
02:36:45 PM    252.80    124.00      2.20     60.80   1675.20      0.00      0.00      0.00      0.00      0.00
02:36:50 PM  23316.80  20364.80   5830.00   5830.00   5095.20   6718.60      0.00   5077.40      0.00      0.00
02:36:55 PM      4.80      0.00      1.20      1.20      4.20      0.00      0.00      0.00      0.00      0.00
02:37:00 PM    564.00      0.00    155.80    147.00     12.60      0.00      0.00      0.00      0.00      0.00
02:37:05 PM   1495.20      0.00     43.80     28.40      9.00      0.00      0.00      0.00      0.00      0.00
02:37:10 PM      2.40      0.00      0.60      0.60      0.60      0.00      0.00      0.00      0.00      0.00
02:37:15 PM     15.20      0.00      4.00      3.80      5.20      0.00      0.00      0.00      0.00      0.00
02:37:20 PM  55384.80  66261.60  13856.80  13853.00  17881.60  30054.00   5121.20  17798.80      0.00      0.00
02:37:25 PM   1143.20      0.00     18.00      9.40      4.40      0.00      0.00      0.00      0.00      0.00
02:37:30 PM    516.00      0.00      9.40      7.40     22.20      0.00      0.00      0.00      0.00      0.00
02:37:35 PM     58.40      0.00      1.40      1.20      4.20      0.00      0.00      0.00      0.00      0.00
02:37:40 PM     27.20      0.00      4.20      3.00      1.00      0.00      0.00      0.00      0.00      0.00
02:37:45 PM      0.00      0.00      0.00      0.00      3.80      0.00      0.00      0.00      0.00      0.00
02:37:50 PM  25580.00  11043.20   6340.00   6339.40   3525.80   5469.00      0.00   3471.60      0.00      0.00
02:37:55 PM   2084.80  11926.40     30.00     21.00   2966.20   3423.00      0.00   2944.40      0.00      0.00
02:38:00 PM      0.00      0.00      0.00      0.00      4.00      0.00      0.00      0.00      0.00      0.00
02:38:05 PM      0.00      0.00      0.00      0.00      3.80      0.00      0.00      0.00      0.00      0.00
02:38:10 PM      2.40      0.00      0.60      0.60      0.80      0.00      0.00      0.00      0.00      0.00
02:38:15 PM      0.80      0.00      0.20      0.20      4.40      0.00      0.00      0.00      0.00      0.00
02:38:20 PM  49018.40  43480.80  12279.00  12278.60  11119.20  14633.20      0.00  11058.60      0.00      0.00
02:38:25 PM      1.60     19.20      0.40      0.40      4.20      0.00      0.00      0.00      0.00      0.00
02:38:30 PM    179.20      4.80      4.00     44.80    518.40      0.00      0.00      0.00      0.00      0.00
02:38:35 PM    208.00    149.60      3.80      0.60      4.40      0.00      0.00      0.00      0.00      0.00
02:38:40 PM    228.80      0.00      1.20     57.20    616.20      0.00      0.00      0.00      0.00      0.00
02:38:45 PM   2024.80      0.00     39.40     26.80      9.20      0.00      0.00      0.00      0.00      0.00
02:38:50 PM  46732.80  46583.20  11462.00  11509.00  13849.20  16505.80      0.00  13256.20      0.00      0.00
02:38:55 PM     54.40      0.00      3.20      3.20      6.40      0.00      0.00      0.00      0.00      0.00
02:39:00 PM   4180.80     19.20    207.40    173.00     89.00      0.00      0.00      0.00      0.00      0.00
02:39:05 PM   1861.60    138.40    290.00     11.40    210.40      0.00      0.00      0.00      0.00      0.00
02:39:10 PM      0.00      0.00      0.00      0.00      0.80      0.00      0.00      0.00      0.00      0.00
02:39:15 PM    256.80      0.00      2.60      1.00      4.00      0.00      0.00      0.00      0.00      0.00
02:39:20 PM  69735.20  68729.60  17200.60  17188.00  18328.00  84870.00     19.20  18271.20      0.00      0.00
02:39:25 PM    259.20      0.00     28.20     22.20      6.00      0.00      0.00      0.00      0.00      0.00
02:39:30 PM      7.20      0.00      1.80      1.60      4.40      0.00      0.00      0.00      0.00      0.00
02:39:35 PM    100.00     32.00     19.20     17.80      6.40      0.00      0.00      0.00      0.00      0.00
02:39:40 PM      0.00      4.00      0.20      0.00      0.40      0.00      0.00      0.00      0.00      0.00
02:39:45 PM     10.40    130.40      1.00      1.00      4.20      0.00      0.00      0.00      0.00      0.00
02:39:50 PM  14222.40  20255.20   3554.20   3553.60   5096.00   5349.00      0.00   5070.60      0.00      0.00
02:39:55 PM      5.60      0.00      1.40      1.40      4.20      0.00      0.00      0.00      0.00      0.00
02:40:00 PM     49.60      0.00      8.20      4.60      4.00      0.00      0.00      0.00      0.00      0.00
02:40:05 PM      0.80      0.00      0.20      0.20      4.00      0.00      0.00      0.00      0.00      0.00
02:40:10 PM      0.80     38.40      0.20      0.20      0.60      0.00      0.00      0.00      0.00      0.00
02:40:15 PM      4.00      5.60      1.00      1.00      4.00      0.00      0.00      0.00      0.00      0.00
02:40:20 PM  47737.60  35795.20  11480.20  11479.00  10174.20  62130.60      0.00  10087.40      0.00      0.00
02:40:25 PM      8.80    117.60      1.20      1.20      4.00      0.00      0.00      0.00      0.00      0.00
02:40:30 PM   1252.00      0.00      8.00     71.80    825.20      0.00      0.00      0.00      0.00      0.00
02:40:35 PM     12.00     14.40      3.40      0.60      4.20      0.00      0.00      0.00      0.00      0.00
02:40:40 PM     94.40      0.00      0.60     23.60    308.60      0.00      0.00      0.00      0.00      0.00
02:40:45 PM      1.60     44.80      0.40      0.40      5.20      0.00      0.00      0.00      0.00      0.00
02:40:50 PM  54935.20  65745.60  12809.20  12805.40  17684.60  38602.40   2190.40  17612.20      0.00      0.00
02:40:55 PM   1458.40      0.00     20.00      6.60      4.00      0.00      0.00      0.00      0.00      0.00
02:41:00 PM    688.00    143.20    179.40    161.60     12.00      0.00      0.00      0.00      0.00      0.00
02:41:05 PM    169.60     10.40      1.80      0.40      5.00      0.00      0.00      0.00      0.00      0.00
02:41:10 PM      3.20      0.00      4.00      0.80      0.40      0.00      0.00      0.00      0.00      0.00
02:41:15 PM      1.60      0.00      2.00      0.40      4.40      0.00      0.00      0.00      0.00      0.00
02:41:20 PM   8171.20     38.40   2045.20   2043.20     18.60      0.00      0.00      0.00      0.00      0.00
02:41:25 PM      0.00      4.80      0.40      0.00      4.20      0.00      0.00      0.00      0.00      0.00
02:41:30 PM      0.00      0.00      0.00      0.00      3.80      0.00      0.00      0.00      0.00      0.00
02:41:35 PM      0.00    124.00      0.00      0.00      4.20      0.00      0.00      0.00      0.00      0.00
02:41:40 PM      6.40      0.00      1.60      1.60      0.80      0.00      0.00      0.00      0.00      0.00
02:41:45 PM      0.00      0.00      0.00      0.00      3.80      0.00      0.00      0.00      0.00      0.00
02:41:50 PM  41136.00  36165.60  10284.40  10284.40   9299.00  11872.20    159.20   9178.40      0.00      0.00
02:41:55 PM      2.40     19.20      0.60      0.60      4.00      0.00      0.00      0.00      0.00      0.00
02:42:00 PM     97.60      4.00      3.80      0.60      4.20      0.00      0.00      0.00      0.00      0.00
02:42:05 PM   2103.20  22788.80     42.20     27.80   5752.60   6293.00      0.00   5716.00      0.00      0.00
02:42:10 PM     10.40    136.80      1.00      1.00      1.00      0.00      0.00      0.00      0.00      0.00
02:42:15 PM     16.00      0.00      5.00      4.80      5.20      0.00      0.00      0.00      0.00      0.00
02:42:20 PM  24367.20   8207.20   6088.40   6087.60   2079.80   4032.60      0.00   2041.40      0.00      0.00
02:42:25 PM     55.20      0.00      6.20     14.00    106.60      0.00      0.00      0.00      0.00      0.00
02:42:30 PM    592.00     37.60      3.80      2.60     44.00      0.00      0.00      0.00      0.00      0.00
02:42:35 PM    104.00      0.00      2.20     26.20    312.40      0.00      0.00      0.00      0.00      0.00
02:42:40 PM      2.40     14.40      3.40      0.80      0.80      0.00      0.00      0.00      0.00      0.00
02:42:45 PM    189.60    124.00      1.60     47.40    517.00      0.00      0.00      0.00      0.00      0.00
02:42:50 PM  43577.60  45370.40  10914.20  10914.20  12254.60  17506.00      0.00  12201.60      0.00      0.00
02:42:55 PM    888.80     64.80     24.80     77.60   1698.40      0.00      0.00      0.00      0.00      0.00
02:43:00 PM   2159.20      0.00    161.00    151.40     18.20      0.00      0.00      0.00      0.00      0.00
02:43:05 PM    127.20      0.00      1.00     31.80    637.20      0.00      0.00      0.00      0.00      0.00
02:43:10 PM      1.60      0.00      0.40      0.40      0.60      0.00      0.00      0.00      0.00      0.00
02:43:15 PM    200.80      0.00      1.60     50.60    917.20      0.00      0.00      0.00      0.00      0.00
02:43:20 PM  67078.64  63904.99  16771.26  16769.66  17362.48  28853.29     43.11  17284.43      0.00      0.00
02:43:25 PM     28.80      0.00      5.00      0.60      3.80      0.00      0.00      0.00      0.00      0.00
02:43:30 PM    544.00      0.00      2.00      0.40      4.20      0.00      0.00      0.00      0.00      0.00
02:43:35 PM   1670.40      0.00      7.80      3.40      8.00      0.00      0.00      0.00      0.00      0.00
02:43:40 PM      0.00      0.00      1.00      0.00      1.00      0.00      0.00      0.00      0.00      0.00
02:43:45 PM   3012.00      0.00     44.80     22.40     41.20      0.00      0.00      0.00      0.00      0.00
02:43:50 PM  17650.40  16899.20   4386.00   4383.60   4316.80   4309.40      0.00   4293.60      0.00      0.00
02:43:55 PM      3.20    195.20      0.80      0.80      4.20      0.00      0.00      0.00      0.00      0.00
02:44:00 PM      0.00      0.00      0.00      0.00      3.80      0.00      0.00      0.00      0.00      0.00
02:44:05 PM   2508.00  10228.00    326.00     35.40   3185.20 104928.20      0.00   2917.00      0.00      0.00
02:44:10 PM      2.40      0.00      0.60      0.60      0.40      0.00      0.00      0.00      0.00      0.00
02:44:15 PM    317.60      0.00      0.20      0.20      4.40      0.00      0.00      0.00      0.00      0.00
02:44:20 PM  33316.00  26227.20   8345.80   8345.80   7117.40  10279.80      0.00   7098.00      0.00      0.00
02:44:25 PM    265.60    136.80      4.20     64.40    613.00      0.00      0.00      0.00      0.00      0.00
02:44:30 PM    929.60      0.00      2.60      1.40      3.80      0.00      0.00      0.00      0.00      0.00
02:44:35 PM      0.80      0.00      3.20      0.20      4.20      0.00      0.00      0.00      0.00      0.00
02:44:40 PM    404.80      0.00      0.20      0.20      0.60      0.00      0.00      0.00      0.00      0.00
02:44:45 PM      0.00      0.00      0.00      0.00      3.80      0.00      0.00      0.00      0.00      0.00
02:44:50 PM  80612.80  76204.00  19869.40  19868.20  21591.60 169019.60      0.00  21495.60      0.00      0.00
02:44:55 PM   1052.80     68.00     21.20      6.40      4.40      0.00      0.00      0.00      0.00      0.00
02:45:00 PM   3069.60    117.60    181.00    163.20     39.80      0.00      0.00      0.00      0.00      0.00
02:45:05 PM   1080.00     10.40      7.20      3.00      4.60      0.00      0.00      0.00      0.00      0.00
02:45:10 PM      4.80      0.00      1.60      1.20      1.20      0.00      0.00      0.00      0.00      0.00
02:45:15 PM    448.00      0.00      2.80      1.80     21.00      0.00      0.00      0.00      0.00      0.00
02:45:20 PM  48532.80  50869.60  12125.20  12124.60  13078.40  25578.80      0.00  13021.40      0.00      0.00
02:45:25 PM    922.40      0.00      5.80      4.40    128.40      0.00      0.00      0.00      0.00      0.00
02:45:30 PM      0.80     74.40      0.40      0.20      4.00      0.00      0.00      0.00      0.00      0.00
02:45:35 PM     44.00    154.40      6.40      6.20      4.80      0.00      0.00      0.00      0.00      0.00
02:45:40 PM      0.80      0.00      0.40      0.20      0.40      0.00      0.00      0.00      0.00      0.00
02:45:45 PM      0.00      0.00      0.00      0.00      4.00      0.00      0.00      0.00      0.00      0.00
02:45:50 PM   5310.40  14980.00   1260.20   1258.20   3767.60   4023.00      0.00   3759.00      0.00      0.00
02:45:55 PM      4.00      0.00      1.00      1.00      4.00      0.00      0.00      0.00      0.00      0.00
02:46:00 PM      6.40     19.20      1.60      1.60      4.20      0.00      0.00      0.00      0.00      0.00
02:46:05 PM      0.00      4.80      0.00      0.00      3.80      0.00      0.00      0.00      0.00      0.00
02:46:10 PM      0.80    117.60      0.20      0.20      0.60      0.00      0.00      0.00      0.00      0.00
02:46:15 PM     15.20      0.00      3.80      3.80      5.20      0.00      0.00      0.00      0.00      0.00
02:46:20 PM  69692.00  58528.80  17472.20  17470.60  15476.00  30550.20   2562.80  15363.00      0.00      0.00
02:46:25 PM    745.60      0.00     38.40     33.80      4.60      0.00      0.00      0.00      0.00      0.00
02:46:30 PM    356.00     19.20      3.80      3.60      4.00      0.00      0.00      0.00      0.00      0.00
02:46:35 PM     12.00      0.00      3.00      3.00      4.00      0.00      0.00      0.00      0.00      0.00
02:46:40 PM      2.40      4.80      0.60      0.60      0.40      0.00      0.00      0.00      0.00      0.00
02:46:45 PM     10.40    117.60      1.20      1.20      4.00      0.00      0.00      0.00      0.00      0.00
02:46:50 PM  37163.20  33937.60   9279.60   9278.00   9390.00  86180.80     12.80   9363.60      0.00      0.00
02:46:55 PM   2028.00      0.00     12.60      8.00      4.40      0.00      0.00      0.00      0.00      0.00
02:47:00 PM   1205.60   3987.20    185.00    174.00   1049.00   2334.80      0.00   1032.20      0.00      0.00
02:47:05 PM   2451.20     32.00     49.20     32.80     27.00      0.00      0.00      0.00      0.00      0.00
02:47:10 PM      9.60      0.00      2.80      2.40      1.20      0.00      0.00      0.00      0.00      0.00
02:47:15 PM     23.20      4.00      6.20      6.00      6.80      0.00      0.00      0.00      0.00      0.00
02:47:20 PM  32384.00  36112.00   8117.60   8116.80   9084.80  11890.20      0.00   9038.20      0.00      0.00
02:47:25 PM    120.80      0.00      0.60      0.60      4.20      0.00      0.00      0.00      0.00      0.00
02:47:30 PM     12.00     12.00      4.00      1.40      5.20      0.00      0.00      0.00      0.00      0.00
02:47:35 PM     30.40     38.40      0.20      0.20      4.00      0.00      0.00      0.00      0.00      0.00
02:47:40 PM    416.00      0.00      4.80      2.80     36.60      0.00      0.00      0.00      0.00      0.00
02:47:45 PM      0.00      0.00      0.00      0.00      3.80      0.00      0.00      0.00      0.00      0.00
02:47:50 PM  33084.00  38856.00   8165.20   8159.80  11149.60  11352.80     12.80  11036.80      0.00      0.00
02:47:55 PM   1538.40      0.00     41.80     24.20      9.60      0.00      0.00      0.00      0.00      0.00
02:48:00 PM    296.00      0.00      2.40      0.40      7.20      0.00      0.00      0.00      0.00      0.00
02:48:05 PM   1549.60      0.00      1.80      1.00      3.80      0.00      0.00      0.00      0.00      0.00
02:48:10 PM      0.00      0.00      0.00      0.00      0.40      0.00      0.00      0.00      0.00      0.00
02:48:15 PM    670.40      0.00      2.20      1.20      4.20      0.00      0.00      0.00      0.00      0.00
02:48:20 PM  33886.40  39512.00   8460.20   8459.40  10190.20  11754.80     67.40  10148.40      0.00      0.00
02:48:25 PM    560.00      0.00     19.80     11.80     24.20      0.00      0.00      0.00      0.00      0.00
02:48:30 PM     98.40      0.00      3.00      2.60      4.40      0.00      0.00      0.00      0.00      0.00
02:48:35 PM      6.40      0.00      2.20      1.60      4.40      0.00      0.00      0.00      0.00      0.00
02:48:40 PM     18.40      0.00      5.40      4.80      0.60      0.00      0.00      0.00      0.00      0.00
02:48:45 PM   1978.40      0.00     44.60     25.20     47.20      0.00      0.00      0.00      0.00      0.00
02:48:50 PM  36292.80  23029.60   9080.80   9080.80   6081.60   8090.60      0.00   6028.00      0.00      0.00
02:48:55 PM     12.80      0.00      2.40      1.80      4.00      0.00      0.00      0.00      0.00      0.00
02:49:00 PM   2341.60      0.00    169.80    154.00     15.80      0.00      0.00      0.00      0.00      0.00
02:49:05 PM   3823.20  18569.60    830.20    533.40   5767.20   6800.60      0.00   5601.00      0.00      0.00
02:49:10 PM    580.00      0.00      1.60      1.20      1.60      0.00      0.00      0.00      0.00      0.00
02:49:15 PM    460.80      0.00      3.00      2.60      4.20      0.00      0.00      0.00      0.00      0.00
02:49:20 PM  14631.20     19.20   3654.00   3653.80     21.80      0.00      0.00      0.00      0.00      0.00
02:49:25 PM    328.00    121.60      5.20      1.00      4.40      0.00      0.00      0.00      0.00      0.00
02:49:30 PM    152.80      0.00      1.60      1.40      4.40      0.00      0.00      0.00      0.00      0.00
02:49:35 PM      0.00      0.00      0.60      0.00      4.20      0.00      0.00      0.00      0.00      0.00
02:49:40 PM      0.80      0.00      0.20      0.20      0.60      0.00      0.00      0.00      0.00      0.00
02:49:45 PM      0.00      0.00      0.00      0.00      4.00      0.00      0.00      0.00      0.00      0.00
02:49:50 PM  42060.00  39480.80  10424.40  10421.40  11376.40  75004.00     77.40  11307.00      0.00      0.00
02:49:55 PM    888.00     32.00    101.20    100.80     14.20      0.00      0.00      0.00      0.00      0.00
02:50:00 PM     12.80     88.80      0.00      0.00      3.80      0.00      0.00      0.00      0.00      0.00
02:50:05 PM      6.40      0.00      0.00      0.00      4.00      0.00      0.00      0.00      0.00      0.00
02:50:10 PM      0.00      0.00      0.00      0.00      0.40      0.00      0.00      0.00      0.00      0.00
02:50:15 PM      4.80      0.00      1.40      1.40      5.40      0.00      0.00      0.00      0.00      0.00
02:50:20 PM  72660.80  71013.60  18167.40  18165.80  18447.60  26329.00      0.00  18436.20      0.00      0.00
02:50:25 PM   9535.20   4953.60   2322.20   2317.60   1307.20   1459.20      0.00   1248.80      0.00      0.00
02:50:30 PM   1435.20  15240.00      4.00      2.60   3801.20   4166.00      0.00   3797.20      0.00      0.00
02:50:35 PM    380.00      4.00     35.40     33.60      4.60      0.00      0.00      0.00      0.00      0.00
02:50:40 PM    284.00      0.00     16.00     12.20      1.40      0.00      0.00      0.00      0.00      0.00
02:50:45 PM     30.40      0.00      7.60      7.60      5.40      0.00      0.00      0.00      0.00      0.00
02:50:50 PM   9294.40      0.00   2313.00   2312.80     18.80      0.00      0.00      0.00      0.00      0.00
02:50:55 PM      4.00      0.00      1.20      1.20      4.20      0.00      0.00      0.00      0.00      0.00
02:51:00 PM    504.80      0.00    148.60    133.60     13.60      0.00      0.00      0.00      0.00      0.00
02:51:05 PM      0.80    213.60      0.40      0.20      4.20      0.00      0.00      0.00      0.00      0.00
02:51:10 PM      0.00     17.60      0.00      0.00      0.40      0.00      0.00      0.00      0.00      0.00
02:51:15 PM      0.00      0.00      0.20      0.00      4.20      0.00      0.00      0.00      0.00      0.00
02:51:20 PM  54615.57  52963.67  13671.86  13671.86  13999.40  25438.32     25.75  13937.13      0.00      0.00
02:51:25 PM   3256.80   8621.60    682.80    682.60   2251.60   3552.60      0.00   2195.40      0.00      0.00
02:51:30 PM    583.20      0.00      1.80      0.80      4.00      0.00      0.00      0.00      0.00      0.00
02:51:35 PM      9.60    136.80      0.40      0.00      4.20      0.00      0.00      0.00      0.00      0.00
02:51:40 PM      1.60      0.00      0.40      0.40      0.80      0.00      0.00      0.00      0.00      0.00
02:51:45 PM      3.20      0.00      0.00      0.60      4.20      0.00      0.00      0.00      0.00      0.00
Average:      4395.08   4482.95   1135.26   1053.96   1244.46   3369.28    119.15   1105.97      0.00      0.00
