Linux 7.0.10-arch1-1 (archlinux) 	05/28/2026 	_x86_64_	(4 CPU)

01:51:45 PM   %sio-10   %sio-60  %sio-300      %sio   %fio-10   %fio-60  %fio-300      %fio
01:51:50 PM      0.00      0.02      0.03      0.00      0.00      0.02      0.00      0.00
01:51:55 PM      0.00      0.02      0.02      0.00      0.00      0.02      0.00      0.00
01:52:00 PM      0.00      0.02      0.02      0.00      0.00      0.01      0.00      0.00
01:52:05 PM      0.00      0.02      0.02      0.00      0.00      0.01      0.00      0.00
01:52:10 PM      0.00      0.01      0.02      0.00      0.00      0.01      0.00      0.00
01:52:15 PM      0.00      0.01      0.02      0.00      0.00      0.01      0.00      0.00
01:52:20 PM      0.00      0.01      0.02      0.01      0.00      0.01      0.00      0.00
01:52:25 PM      0.00      0.01      0.02      0.01      0.00      0.01      0.00      0.00
01:52:30 PM      0.00      0.01      0.02      0.00      0.00      0.00      0.00      0.00
01:52:35 PM      0.00      0.01      0.01      0.01      0.00      0.00      0.00      0.01
01:52:40 PM      0.00      0.00      0.01      0.00      0.00      0.00      0.00      0.00
01:52:45 PM      0.00      0.00      0.01      0.00      0.00      0.00      0.00      0.00
01:52:50 PM      0.00      0.00      0.01      0.00      0.00      0.00      0.00      0.00
01:52:55 PM      0.00      0.00      0.01      0.00      0.00      0.00      0.00      0.00
01:53:00 PM      0.00      0.00      0.01      0.00      0.00      0.00      0.00      0.00
01:53:05 PM      0.00      0.00      0.01      0.00      0.00      0.00      0.00      0.00
01:53:10 PM      0.00      0.00      0.01      0.00      0.00      0.00      0.00      0.00
01:53:15 PM      0.00      0.00      0.00      0.00      0.00      0.00      0.00      0.00
01:53:20 PM      0.00      0.00      0.00      0.00      0.00      0.00      0.00      0.00
01:53:25 PM      0.00      0.00      0.00      0.00      0.00      0.00      0.00      0.00
01:53:30 PM      0.00      0.00      0.00      0.00      0.00      0.00      0.00      0.00
01:53:35 PM      0.00      0.00      0.00      0.00      0.00      0.00      0.00      0.00
01:53:40 PM      0.00      0.00      0.00      0.00      0.00      0.00      0.00      0.00
01:53:45 PM      0.00      0.00      0.00      0.00      0.00      0.00      0.00      0.00
01:53:50 PM      0.00      0.00      0.00      0.00      0.00      0.00      0.00      0.00
01:53:55 PM      0.00      0.00      0.00      0.03      0.00      0.00      0.00      0.02
01:54:00 PM      0.00      0.00      0.00      0.00      0.00      0.00      0.00      0.00
01:54:05 PM      0.00      0.00      0.00      0.00      0.00      0.00      0.00      0.00
01:54:10 PM      0.00      0.00      0.00      0.00      0.00      0.00      0.00      0.00
01:54:15 PM      0.00      0.00      0.00      0.00      0.00      0.00      0.00      0.00
01:54:20 PM      0.00      0.00      0.00      0.00      0.00      0.00      0.00      0.00
01:54:25 PM      0.00      0.00      0.00      0.00      0.00      0.00      0.00      0.00
01:54:30 PM      0.00      0.00      0.00      0.00      0.00      0.00      0.00      0.00
01:54:35 PM      0.00      0.00      0.00      0.00      0.00      0.00      0.00      0.00
01:54:40 PM      0.00      0.00      0.00      0.00      0.00      0.00      0.00      0.00
01:54:45 PM      0.00      0.00      0.00      0.00      0.00      0.00      0.00      0.00
01:54:50 PM      0.00      0.00      0.00      0.01      0.00      0.00      0.00      0.00
01:54:55 PM      0.00      0.00      0.00      0.00      0.00      0.00      0.00      0.00
01:55:00 PM      0.00      0.00      0.00      0.00      0.00      0.00      0.00      0.00
01:55:05 PM      0.00      0.00      0.00      0.00      0.00      0.00      0.00      0.00
01:55:10 PM      0.00      0.00      0.00      0.00      0.00      0.00      0.00      0.00
01:55:15 PM      0.00      0.00      0.00      0.00      0.00      0.00      0.00      0.00
01:55:20 PM      0.00      0.00      0.00      0.00      0.00      0.00      0.00      0.00
01:55:25 PM      0.00      0.00      0.00      0.00      0.00      0.00      0.00      0.00
01:55:30 PM      0.00      0.00      0.00      0.00      0.00      0.00      0.00      0.00
01:55:35 PM      0.00      0.00      0.00      0.00      0.00      0.00      0.00      0.00
01:55:40 PM      0.00      0.00      0.00      0.00      0.00      0.00      0.00      0.00
01:55:45 PM      0.00      0.00      0.00      0.01      0.00      0.00      0.00      0.01
01:55:50 PM      0.00      0.00      0.00      0.00      0.00      0.00      0.00      0.00
01:55:55 PM      0.00      0.00      0.00      0.00      0.00      0.00      0.00      0.00
01:56:00 PM      0.00      0.00      0.00      0.01      0.00      0.00      0.00      0.00
01:56:05 PM      0.00      0.00      0.00      0.00      0.00      0.00      0.00      0.00
01:56:10 PM      0.00      0.00      0.00      0.00      0.00      0.00      0.00      0.00
01:56:15 PM      0.00      0.00      0.00      0.00      0.00      0.00      0.00      0.00
01:56:20 PM      0.00      0.00      0.00      0.00      0.00      0.00      0.00      0.00
01:56:25 PM      0.00      0.00      0.00      0.00      0.00      0.00      0.00      0.00
01:56:30 PM      0.00      0.00      0.00      0.00      0.00      0.00      0.00      0.00
01:56:35 PM      0.00      0.00      0.00      0.00      0.00      0.00      0.00      0.00
01:56:40 PM      0.00      0.00      0.00      0.00      0.00      0.00      0.00      0.00
01:56:45 PM      0.00      0.00      0.00      0.00      0.00      0.00      0.00      0.00
01:56:50 PM      0.00      0.00      0.00      0.01      0.00      0.00      0.00      0.01
01:56:55 PM      0.00      0.00      0.00      0.00      0.00      0.00      0.00      0.00
01:57:00 PM      0.00      0.00      0.00      0.00      0.00      0.00      0.00      0.00
01:57:05 PM      0.00      0.00      0.00      0.00      0.00      0.00      0.00      0.00
01:57:10 PM      0.00      0.00      0.00      0.00      0.00      0.00      0.00      0.00
01:57:15 PM      0.00      0.00      0.00      0.00      0.00      0.00      0.00      0.00
01:57:20 PM      0.00      0.00      0.00      0.00      0.00      0.00      0.00      0.00
01:57:25 PM      0.00      0.00      0.00      0.00      0.00      0.00      0.00      0.00
01:57:30 PM      0.00      0.00      0.00      0.00      0.00      0.00      0.00      0.00
01:57:35 PM      0.00      0.00      0.00      0.00      0.00      0.00      0.00      0.00
01:57:40 PM      0.00      0.00      0.00      0.00      0.00      0.00      0.00      0.00
01:57:45 PM      0.00      0.00      0.00      0.00      0.00      0.00      0.00      0.00
01:57:50 PM      0.00      0.00      0.00      0.00      0.00      0.00      0.00      0.00
01:57:55 PM      0.00      0.00      0.00      0.00      0.00      0.00      0.00      0.00
01:58:00 PM      0.00      0.00      0.00      0.00      0.00      0.00      0.00      0.00
01:58:05 PM      0.00      0.00      0.00      0.00      0.00      0.00      0.00      0.00
01:58:10 PM      0.00      0.00      0.00      0.01      0.00      0.00      0.00      0.01
01:58:15 PM      0.00      0.00      0.00      0.00      0.00      0.00      0.00      0.00
01:58:20 PM      0.00      0.00      0.00      0.00      0.00      0.00      0.00      0.00
01:58:25 PM      0.00      0.00      0.00      0.00      0.00      0.00      0.00      0.00
01:58:30 PM      0.00      0.00      0.00      0.00      0.00      0.00      0.00      0.00
01:58:35 PM      0.00      0.00      0.00      0.00      0.00      0.00      0.00      0.00
01:58:40 PM      0.00      0.00      0.00      0.00      0.00      0.00      0.00      0.00
01:58:45 PM      0.00      0.00      0.00      0.00      0.00      0.00      0.00      0.00
01:58:50 PM      0.00      0.00      0.00      0.00      0.00      0.00      0.00      0.00
01:58:55 PM      0.00      0.00      0.00      0.02      0.00      0.00      0.00      0.01
01:59:00 PM      0.00      0.00      0.00      0.00      0.00      0.00      0.00      0.00
01:59:05 PM      0.00      0.00      0.00      0.00      0.00      0.00      0.00      0.00
01:59:10 PM      0.00      0.00      0.00      0.00      0.00      0.00      0.00      0.00
01:59:15 PM      0.00      0.00      0.00      0.00      0.00      0.00      0.00      0.00
01:59:20 PM      0.00      0.00      0.00      0.00      0.00      0.00      0.00      0.00
01:59:25 PM      0.00      0.00      0.00      0.00      0.00      0.00      0.00      0.00
01:59:30 PM      0.00      0.00      0.00      0.00      0.00      0.00      0.00      0.00
01:59:35 PM      0.00      0.00      0.00      0.00      0.00      0.00      0.00      0.00
01:59:40 PM      0.00      0.00      0.00      0.00      0.00      0.00      0.00      0.00
01:59:45 PM      0.00      0.00      0.00      0.00      0.00      0.00      0.00      0.00
01:59:50 PM      0.00      0.00      0.00      0.00      0.00      0.00      0.00      0.00
01:59:55 PM      0.00      0.00      0.00      0.00      0.00      0.00      0.00      0.00
02:00:00 PM      0.00      0.00      0.00      0.00      0.00      0.00      0.00      0.00
02:00:05 PM      0.00      0.00      0.00      0.00      0.00      0.00      0.00      0.00
02:00:10 PM      0.00      0.00      0.00      0.00      0.00      0.00      0.00      0.00
02:00:15 PM      0.00      0.00      0.00      0.00      0.00      0.00      0.00      0.00
02:00:20 PM      0.00      0.00      0.00      0.00      0.00      0.00      0.00      0.00
02:00:25 PM      0.00      0.00      0.00      0.00      0.00      0.00      0.00      0.00
02:00:30 PM      0.00      0.00      0.00      0.00      0.00      0.00      0.00      0.00
02:00:35 PM      0.00      0.00      0.00      0.00      0.00      0.00      0.00      0.00
02:00:40 PM      0.00      0.00      0.00      0.00      0.00      0.00      0.00      0.00
02:00:45 PM      0.00      0.00      0.00      0.00      0.00      0.00      0.00      0.00
02:00:50 PM      0.00      0.00      0.00      0.00      0.00      0.00      0.00      0.00
02:00:55 PM      0.00      0.00      0.00      0.00      0.00      0.00      0.00      0.00
02:01:00 PM      0.00      0.00      0.00      0.01      0.00      0.00      0.00      0.01
02:01:05 PM      0.00      0.00      0.00      0.00      0.00      0.00      0.00      0.00
02:01:10 PM      0.00      0.00      0.00      0.00      0.00      0.00      0.00      0.00
02:01:15 PM      0.00      0.00      0.00      0.02      0.00      0.00      0.00      0.02
02:01:20 PM      0.00      0.00      0.00      0.00      0.00      0.00      0.00      0.00
02:01:25 PM      0.00      0.00      0.00      0.00      0.00      0.00      0.00      0.00
02:01:30 PM      0.00      0.00      0.00      0.00      0.00      0.00      0.00      0.00
02:01:35 PM      0.00      0.00      0.00      0.00      0.00      0.00      0.00      0.00
02:01:40 PM      0.00      0.00      0.00      0.00      0.00      0.00      0.00      0.00
02:01:45 PM      0.00      0.00      0.00      0.00      0.00      0.00      0.00      0.00
02:01:50 PM      0.00      0.00      0.00      0.00      0.00      0.00      0.00      0.00
02:01:55 PM      0.00      0.00      0.00      0.00      0.00      0.00      0.00      0.00
02:02:00 PM      0.00      0.00      0.00      0.00      0.00      0.00      0.00      0.00
02:02:05 PM      0.00      0.00      0.00      0.00      0.00      0.00      0.00      0.00
02:02:10 PM      0.00      0.00      0.00      0.00      0.00      0.00      0.00      0.00
02:02:15 PM      0.00      0.00      0.00      0.00      0.00      0.00      0.00      0.00
02:02:20 PM      0.00      0.00      0.00      0.00      0.00      0.00      0.00      0.00
02:02:25 PM      0.00      0.00      0.00      0.00      0.00      0.00      0.00      0.00
02:02:30 PM      0.00      0.00      0.00      0.00      0.00      0.00      0.00      0.00
02:02:35 PM      0.00      0.00      0.00      0.00      0.00      0.00      0.00      0.00
02:02:40 PM      0.00      0.00      0.00      0.00      0.00      0.00      0.00      0.00
02:02:45 PM      0.00      0.00      0.00      0.00      0.00      0.00      0.00      0.00
02:02:50 PM      0.00      0.00      0.00      0.00      0.00      0.00      0.00      0.00
02:02:55 PM      0.00      0.00      0.00      0.00      0.00      0.00      0.00      0.00
02:03:00 PM      0.00      0.00      0.00      0.00      0.00      0.00      0.00      0.00
02:03:05 PM      0.00      0.00      0.00      0.01      0.00      0.00      0.00      0.01
02:03:10 PM      0.00      0.00      0.00      0.00      0.00      0.00      0.00      0.00
02:03:15 PM      0.00      0.00      0.00      0.00      0.00      0.00      0.00      0.00
02:03:20 PM      0.00      0.00      0.00      0.00      0.00      0.00      0.00      0.00
02:03:25 PM      0.00      0.00      0.00      0.00      0.00      0.00      0.00      0.00
02:03:30 PM      0.00      0.00      0.00      0.01      0.00      0.00      0.00      0.00
02:03:35 PM      0.00      0.00      0.00      0.00      0.00      0.00      0.00      0.00
02:03:40 PM      0.00      0.00      0.00      0.00      0.00      0.00      0.00      0.00
02:03:45 PM      0.00      0.00      0.00      0.00      0.00      0.00      0.00      0.00
02:03:50 PM      0.00      0.00      0.00      0.00      0.00      0.00      0.00      0.00
02:03:55 PM      0.00      0.00      0.00      0.02      0.00      0.00      0.00      0.01
02:04:00 PM      0.00      0.00      0.00      0.00      0.00      0.00      0.00      0.00
02:04:05 PM      0.00      0.00      0.00      0.00      0.00      0.00      0.00      0.00
02:04:10 PM      0.00      0.00      0.00      0.00      0.00      0.00      0.00      0.00
02:04:15 PM      0.00      0.00      0.00      0.00      0.00      0.00      0.00      0.00
02:04:20 PM      0.00      0.00      0.00      0.00      0.00      0.00      0.00      0.00
02:04:25 PM      0.00      0.00      0.00      0.00      0.00      0.00      0.00      0.00
02:04:30 PM      0.00      0.00      0.00      0.00      0.00      0.00      0.00      0.00
02:04:35 PM      0.00      0.00      0.00      0.00      0.00      0.00      0.00      0.00
02:04:40 PM      0.00      0.00      0.00      0.00      0.00      0.00      0.00      0.00
02:04:45 PM      0.00      0.00      0.00      0.00      0.00      0.00      0.00      0.00
02:04:50 PM      0.00      0.00      0.00      0.00      0.00      0.00      0.00      0.00
02:04:55 PM      0.00      0.00      0.00      0.00      0.00      0.00      0.00      0.00
02:05:00 PM      0.00      0.00      0.00      0.00      0.00      0.00      0.00      0.00
02:05:05 PM      0.00      0.00      0.00      0.00      0.00      0.00      0.00      0.00
02:05:10 PM      0.00      0.00      0.00      0.00      0.00      0.00      0.00      0.00
02:05:15 PM      0.00      0.00      0.00      0.00      0.00      0.00      0.00      0.00
02:05:20 PM      0.00      0.00      0.00      0.00      0.00      0.00      0.00      0.00
02:05:25 PM      0.00      0.00      0.00      0.00      0.00      0.00      0.00      0.00
02:05:30 PM      0.00      0.00      0.00      0.00      0.00      0.00      0.00      0.00
02:05:35 PM      0.00      0.00      0.00      0.00      0.00      0.00      0.00      0.00
02:05:40 PM      0.00      0.00      0.00      0.00      0.00      0.00      0.00      0.00
02:05:45 PM      0.00      0.00      0.00      0.00      0.00      0.00      0.00      0.00
02:05:50 PM      0.00      0.00      0.00      0.00      0.00      0.00      0.00      0.00
02:05:55 PM      0.00      0.00      0.00      0.00      0.00      0.00      0.00      0.00
02:06:00 PM      0.00      0.00      0.00      0.00      0.00      0.00      0.00      0.00
02:06:05 PM      0.00      0.00      0.00      0.00      0.00      0.00      0.00      0.00
02:06:10 PM      0.00      0.00      0.00      0.00      0.00      0.00      0.00      0.00
02:06:15 PM      0.00      0.00      0.00      0.00      0.00      0.00      0.00      0.00
02:06:20 PM      0.00      0.00      0.00      0.00      0.00      0.00      0.00      0.00
02:06:25 PM      0.00      0.00      0.00      0.00      0.00      0.00      0.00      0.00
02:06:30 PM      0.00      0.00      0.00      0.00      0.00      0.00      0.00      0.00
02:06:35 PM      0.00      0.00      0.00      0.00      0.00      0.00      0.00      0.00
02:06:40 PM      0.00      0.00      0.00      0.00      0.00      0.00      0.00      0.00
02:06:45 PM      0.00      0.00      0.00      0.00      0.00      0.00      0.00      0.00
02:06:50 PM      0.00      0.00      0.00      0.00      0.00      0.00      0.00      0.00
02:06:55 PM      0.00      0.00      0.00      0.00      0.00      0.00      0.00      0.00
02:07:00 PM      0.00      0.00      0.00      0.00      0.00      0.00      0.00      0.00
02:07:05 PM      0.00      0.00      0.00      0.00      0.00      0.00      0.00      0.00
02:07:10 PM      0.00      0.00      0.00      0.00      0.00      0.00      0.00      0.00
02:07:15 PM      0.00      0.00      0.00      0.00      0.00      0.00      0.00      0.00
02:07:20 PM      0.00      0.00      0.00      0.00      0.00      0.00      0.00      0.00
02:07:25 PM      0.00      0.00      0.00      0.00      0.00      0.00      0.00      0.00
02:07:30 PM      0.00      0.00      0.00      0.00      0.00      0.00      0.00      0.00
02:07:35 PM      0.00      0.00      0.00      0.00      0.00      0.00      0.00      0.00
02:07:40 PM      0.00      0.00      0.00      0.00      0.00      0.00      0.00      0.00
02:07:45 PM      0.00      0.00      0.00      0.00      0.00      0.00      0.00      0.00
02:07:50 PM      0.00      0.00      0.00      0.00      0.00      0.00      0.00      0.00
02:07:55 PM      0.00      0.00      0.00      0.00      0.00      0.00      0.00      0.00
02:08:00 PM      0.00      0.00      0.00      0.00      0.00      0.00      0.00      0.00
02:08:05 PM      0.00      0.00      0.00      0.00      0.00      0.00      0.00      0.00
02:08:10 PM      0.00      0.00      0.00      0.00      0.00      0.00      0.00      0.00
02:08:15 PM      0.00      0.00      0.00      0.00      0.00      0.00      0.00      0.00
02:08:20 PM      0.00      0.00      0.00      0.00      0.00      0.00      0.00      0.00
02:08:25 PM      0.00      0.00      0.00      0.00      0.00      0.00      0.00      0.00
02:08:30 PM      0.00      0.00      0.00      0.00      0.00      0.00      0.00      0.00
02:08:35 PM      0.00      0.00      0.00      0.00      0.00      0.00      0.00      0.00
02:08:40 PM      0.00      0.00      0.00      0.00      0.00      0.00      0.00      0.00
02:08:45 PM      0.00      0.00      0.00      0.00      0.00      0.00      0.00      0.00
02:08:50 PM      0.00      0.00      0.00      0.00      0.00      0.00      0.00      0.00
02:08:55 PM      0.00      0.00      0.00      0.00      0.00      0.00      0.00      0.00
02:09:00 PM      0.00      0.00      0.00      0.00      0.00      0.00      0.00      0.00
02:09:05 PM      0.00      0.00      0.00      0.00      0.00      0.00      0.00      0.00
02:09:10 PM      0.00      0.00      0.00      0.00      0.00      0.00      0.00      0.00
02:09:15 PM      0.00      0.00      0.00      0.00      0.00      0.00      0.00      0.00
02:09:20 PM      0.00      0.00      0.00      0.00      0.00      0.00      0.00      0.00
02:09:25 PM      0.00      0.00      0.00      0.00      0.00      0.00      0.00      0.00
02:09:30 PM      0.00      0.00      0.00      0.00      0.00      0.00      0.00      0.00
02:09:35 PM      0.00      0.00      0.00      0.00      0.00      0.00      0.00      0.00
02:09:40 PM      0.00      0.00      0.00      0.00      0.00      0.00      0.00      0.00
02:09:45 PM      0.00      0.00      0.00      0.00      0.00      0.00      0.00      0.00
02:09:50 PM      0.00      0.00      0.00      0.00      0.00      0.00      0.00      0.00
02:09:55 PM      0.00      0.00      0.00      0.00      0.00      0.00      0.00      0.00
02:10:00 PM      0.00      0.00      0.00      0.00      0.00      0.00      0.00      0.00
02:10:05 PM      0.00      0.00      0.00      0.00      0.00      0.00      0.00      0.00
02:10:10 PM      0.00      0.00      0.00      0.00      0.00      0.00      0.00      0.00
02:10:15 PM      0.00      0.00      0.00      0.00      0.00      0.00      0.00      0.00
02:10:20 PM      0.00      0.00      0.00      0.00      0.00      0.00      0.00      0.00
02:10:25 PM      0.00      0.00      0.00      0.00      0.00      0.00      0.00      0.00
02:10:30 PM      0.00      0.00      0.00      0.00      0.00      0.00      0.00      0.00
02:10:35 PM      0.00      0.00      0.00      0.00      0.00      0.00      0.00      0.00
02:10:40 PM      0.00      0.00      0.00      0.00      0.00      0.00      0.00      0.00
02:10:45 PM      0.00      0.00      0.00      0.00      0.00      0.00      0.00      0.00
02:10:50 PM      0.00      0.00      0.00      0.00      0.00      0.00      0.00      0.00
02:10:55 PM      0.00      0.00      0.00      0.00      0.00      0.00      0.00      0.00
02:11:00 PM      0.00      0.00      0.00      0.00      0.00      0.00      0.00      0.00
02:11:05 PM      0.00      0.00      0.00      0.00      0.00      0.00      0.00      0.00
02:11:10 PM      0.00      0.00      0.00      0.01      0.00      0.00      0.00      0.01
02:11:15 PM      0.00      0.00      0.00      0.00      0.00      0.00      0.00      0.00
02:11:20 PM      0.00      0.00      0.00      0.00      0.00      0.00      0.00      0.00
02:11:25 PM      0.00      0.00      0.00      0.00      0.00      0.00      0.00      0.00
02:11:30 PM      0.00      0.00      0.00      0.00      0.00      0.00      0.00      0.00
02:11:35 PM      0.00      0.00      0.00      0.00      0.00      0.00      0.00      0.00
02:11:40 PM      0.00      0.00      0.00      0.00      0.00      0.00      0.00      0.00
02:11:45 PM      0.00      0.00      0.00      0.00      0.00      0.00      0.00      0.00
02:11:50 PM      0.00      0.00      0.00      0.00      0.00      0.00      0.00      0.00
02:11:55 PM      0.00      0.00      0.00      0.00      0.00      0.00      0.00      0.00
02:12:00 PM      0.00      0.00      0.00      0.00      0.00      0.00      0.00      0.00
02:12:05 PM      0.00      0.00      0.00      0.00      0.00      0.00      0.00      0.00
02:12:10 PM      0.00      0.00      0.00      0.00      0.00      0.00      0.00      0.00
02:12:15 PM      0.00      0.00      0.00      0.00      0.00      0.00      0.00      0.00
02:12:20 PM      0.00      0.00      0.00      0.00      0.00      0.00      0.00      0.00
02:12:25 PM      0.00      0.00      0.00      0.00      0.00      0.00      0.00      0.00
02:12:30 PM      0.00      0.00      0.00      0.00      0.00      0.00      0.00      0.00
02:12:35 PM      0.00      0.00      0.00      0.00      0.00      0.00      0.00      0.00
02:12:40 PM      0.00      0.00      0.00      0.00      0.00      0.00      0.00      0.00
02:12:45 PM      0.00      0.00      0.00      0.00      0.00      0.00      0.00      0.00
02:12:50 PM      0.00      0.00      0.00      0.00      0.00      0.00      0.00      0.00
02:12:55 PM      0.00      0.00      0.00      0.00      0.00      0.00      0.00      0.00
02:13:00 PM      0.00      0.00      0.00      0.00      0.00      0.00      0.00      0.00
02:13:05 PM      0.00      0.00      0.00      0.00      0.00      0.00      0.00      0.00
02:13:10 PM      0.00      0.00      0.00      0.00      0.00      0.00      0.00      0.00
02:13:15 PM      0.00      0.00      0.00      0.00      0.00      0.00      0.00      0.00
02:13:20 PM      0.00      0.00      0.00      0.00      0.00      0.00      0.00      0.00
02:13:25 PM      0.00      0.00      0.00      0.00      0.00      0.00      0.00      0.00
02:13:30 PM      0.00      0.00      0.00      0.00      0.00      0.00      0.00      0.00
02:13:35 PM      0.00      0.00      0.00      0.00      0.00      0.00      0.00      0.00
02:13:40 PM      0.00      0.00      0.00      0.00      0.00      0.00      0.00      0.00
02:13:45 PM      0.00      0.00      0.00      0.00      0.00      0.00      0.00      0.00
02:13:50 PM      0.00      0.00      0.00      0.00      0.00      0.00      0.00      0.00
02:13:55 PM      0.00      0.00      0.00      0.00      0.00      0.00      0.00      0.00
02:14:00 PM      0.00      0.00      0.00      0.00      0.00      0.00      0.00      0.00
02:14:05 PM      0.00      0.00      0.00      0.00      0.00      0.00      0.00      0.00
02:14:10 PM      0.00      0.00      0.00      0.00      0.00      0.00      0.00      0.00
02:14:15 PM      0.00      0.00      0.00      0.00      0.00      0.00      0.00      0.00
02:14:20 PM      0.00      0.00      0.00      0.00      0.00      0.00      0.00      0.00
02:14:25 PM      0.00      0.00      0.00      0.00      0.00      0.00      0.00      0.00
02:14:30 PM      0.00      0.00      0.00      0.00      0.00      0.00      0.00      0.00
02:14:35 PM      0.00      0.00      0.00      0.00      0.00      0.00      0.00      0.00
02:14:40 PM      0.00      0.00      0.00      0.00      0.00      0.00      0.00      0.00
02:14:45 PM      0.00      0.00      0.00      0.00      0.00      0.00      0.00      0.00
02:14:50 PM      0.00      0.00      0.00      0.00      0.00      0.00      0.00      0.00
02:14:55 PM      0.00      0.00      0.00      0.00      0.00      0.00      0.00      0.00
02:15:00 PM      0.00      0.00      0.00      0.00      0.00      0.00      0.00      0.00
02:15:05 PM      0.00      0.00      0.00      0.00      0.00      0.00      0.00      0.00
02:15:10 PM      0.00      0.00      0.00      0.00      0.00      0.00      0.00      0.00
02:15:15 PM      0.00      0.00      0.00      0.00      0.00      0.00      0.00      0.00
02:15:20 PM      0.00      0.00      0.00      0.00      0.00      0.00      0.00      0.00
02:15:25 PM      0.00      0.00      0.00      0.00      0.00      0.00      0.00      0.00
02:15:30 PM      0.00      0.00      0.00      0.00      0.00      0.00      0.00      0.00
02:15:35 PM      0.00      0.00      0.00      0.00      0.00      0.00      0.00      0.00
02:15:40 PM      0.00      0.00      0.00      0.00      0.00      0.00      0.00      0.00
02:15:45 PM      0.00      0.00      0.00      0.00      0.00      0.00      0.00      0.00
02:15:50 PM      0.00      0.00      0.00      0.00      0.00      0.00      0.00      0.00
02:15:55 PM      0.00      0.00      0.00      0.00      0.00      0.00      0.00      0.00
02:16:00 PM      0.00      0.00      0.00      0.00      0.00      0.00      0.00      0.00
02:16:05 PM      0.00      0.00      0.00      0.00      0.00      0.00      0.00      0.00
02:16:10 PM      0.00      0.00      0.00      0.00      0.00      0.00      0.00      0.00
02:16:15 PM      0.00      0.00      0.00      0.00      0.00      0.00      0.00      0.00
02:16:20 PM      0.00      0.00      0.00      0.00      0.00      0.00      0.00      0.00
02:16:25 PM      0.00      0.00      0.00      0.00      0.00      0.00      0.00      0.00
02:16:30 PM      0.00      0.00      0.00      0.00      0.00      0.00      0.00      0.00
02:16:35 PM      0.00      0.00      0.00      0.00      0.00      0.00      0.00      0.00
02:16:40 PM      0.00      0.00      0.00      0.00      0.00      0.00      0.00      0.00
02:16:45 PM      0.00      0.00      0.00      0.00      0.00      0.00      0.00      0.00
02:16:50 PM      0.00      0.00      0.00      0.00      0.00      0.00      0.00      0.00
02:16:55 PM      0.00      0.00      0.00      0.00      0.00      0.00      0.00      0.00
02:17:00 PM      0.00      0.00      0.00      0.00      0.00      0.00      0.00      0.00
02:17:05 PM      0.00      0.00      0.00      0.00      0.00      0.00      0.00      0.00
02:17:10 PM      0.00      0.00      0.00      0.00      0.00      0.00      0.00      0.00
02:17:15 PM      0.00      0.00      0.00      0.00      0.00      0.00      0.00      0.00
02:17:20 PM      0.00      0.00      0.00      0.00      0.00      0.00      0.00      0.00
02:17:25 PM      0.00      0.00      0.00      0.00      0.00      0.00      0.00      0.00
02:17:30 PM      0.00      0.00      0.00      0.00      0.00      0.00      0.00      0.00
02:17:35 PM      0.00      0.00      0.00      0.00      0.00      0.00      0.00      0.00
02:17:40 PM      0.00      0.00      0.00      0.00      0.00      0.00      0.00      0.00
02:17:45 PM      0.00      0.00      0.00      0.00      0.00      0.00      0.00      0.00
02:17:50 PM      0.00      0.00      0.00      0.00      0.00      0.00      0.00      0.00
02:17:55 PM      0.00      0.00      0.00      0.00      0.00      0.00      0.00      0.00
02:18:00 PM      0.00      0.00      0.00      0.00      0.00      0.00      0.00      0.00
02:18:05 PM      0.00      0.00      0.00      0.00      0.00      0.00      0.00      0.00
02:18:10 PM      0.00      0.00      0.00      0.00      0.00      0.00      0.00      0.00
02:18:15 PM      0.00      0.00      0.00      0.01      0.00      0.00      0.00      0.00
02:18:20 PM      0.00      0.00      0.00      0.00      0.00      0.00      0.00      0.00
02:18:25 PM      0.00      0.00      0.00      0.00      0.00      0.00      0.00      0.00
02:18:30 PM      0.00      0.00      0.00      0.00      0.00      0.00      0.00      0.00
02:18:35 PM      0.00      0.00      0.00      0.00      0.00      0.00      0.00      0.00
02:18:40 PM      0.00      0.00      0.00      0.00      0.00      0.00      0.00      0.00
02:18:45 PM      0.00      0.00      0.00      0.00      0.00      0.00      0.00      0.00
02:18:50 PM      0.00      0.00      0.00      0.00      0.00      0.00      0.00      0.00
02:18:55 PM      0.00      0.00      0.00      0.00      0.00      0.00      0.00      0.00
02:19:00 PM      0.00      0.00      0.00      0.00      0.00      0.00      0.00      0.00
02:19:05 PM      0.00      0.00      0.00      0.00      0.00      0.00      0.00      0.00
02:19:10 PM      0.00      0.00      0.00      0.00      0.00      0.00      0.00      0.00
02:19:15 PM      0.00      0.00      0.00      0.00      0.00      0.00      0.00      0.00
02:19:20 PM      0.00      0.00      0.00      0.00      0.00      0.00      0.00      0.00
02:19:25 PM      0.00      0.00      0.00      0.00      0.00      0.00      0.00      0.00
02:19:30 PM      0.00      0.00      0.00      0.00      0.00      0.00      0.00      0.00
02:19:35 PM      0.00      0.00      0.00      0.00      0.00      0.00      0.00      0.00
02:19:40 PM      0.00      0.00      0.00      0.00      0.00      0.00      0.00      0.00
02:19:45 PM      0.00      0.00      0.00      0.00      0.00      0.00      0.00      0.00
02:19:50 PM      0.00      0.00      0.00      0.00      0.00      0.00      0.00      0.00
02:19:55 PM      0.00      0.00      0.00      0.00      0.00      0.00      0.00      0.00
02:20:00 PM      0.00      0.00      0.00      0.00      0.00      0.00      0.00      0.00
02:20:05 PM      0.00      0.00      0.00      0.01      0.00      0.00      0.00      0.00
02:20:10 PM      0.00      0.00      0.00      0.00      0.00      0.00      0.00      0.00
02:20:15 PM      0.00      0.00      0.00      0.00      0.00      0.00      0.00      0.00
02:20:20 PM      0.00      0.00      0.00      0.00      0.00      0.00      0.00      0.00
02:20:25 PM      0.00      0.00      0.00      0.00      0.00      0.00      0.00      0.00
02:20:30 PM      0.00      0.00      0.00      0.00      0.00      0.00      0.00      0.00
02:20:35 PM      0.00      0.00      0.00      0.00      0.00      0.00      0.00      0.00
02:20:40 PM      0.00      0.00      0.00      0.00      0.00      0.00      0.00      0.00
02:20:45 PM      0.00      0.00      0.00      0.00      0.00      0.00      0.00      0.00
02:20:50 PM      0.00      0.00      0.00      0.00      0.00      0.00      0.00      0.00
02:20:55 PM      0.00      0.00      0.00      0.00      0.00      0.00      0.00      0.00
02:21:00 PM      0.00      0.00      0.00      0.00      0.00      0.00      0.00      0.00
02:21:05 PM      0.00      0.00      0.00      0.00      0.00      0.00      0.00      0.00
02:21:10 PM      0.00      0.00      0.00      0.01      0.00      0.00      0.00      0.01
02:21:15 PM      0.00      0.00      0.00      0.00      0.00      0.00      0.00      0.00
02:21:20 PM      0.00      0.00      0.00      0.00      0.00      0.00      0.00      0.00
02:21:25 PM      0.00      0.00      0.00      0.00      0.00      0.00      0.00      0.00
02:21:30 PM      0.00      0.00      0.00      0.00      0.00      0.00      0.00      0.00
02:21:35 PM      0.00      0.00      0.00      0.00      0.00      0.00      0.00      0.00
02:21:40 PM      0.00      0.00      0.00      0.00      0.00      0.00      0.00      0.00
02:21:45 PM      0.00      0.00      0.00      0.00      0.00      0.00      0.00      0.00
02:21:50 PM      0.00      0.00      0.00      0.00      0.00      0.00      0.00      0.00
02:21:55 PM      0.00      0.00      0.00      0.00      0.00      0.00      0.00      0.00
02:22:00 PM      0.00      0.00      0.00      0.00      0.00      0.00      0.00      0.00
02:22:05 PM      0.00      0.00      0.00      0.00      0.00      0.00      0.00      0.00
02:22:10 PM      0.00      0.00      0.00      0.00      0.00      0.00      0.00      0.00
02:22:15 PM      0.00      0.00      0.00      0.00      0.00      0.00      0.00      0.00
02:22:20 PM      0.00      0.00      0.00      0.00      0.00      0.00      0.00      0.00
02:22:25 PM      0.00      0.00      0.00      0.00      0.00      0.00      0.00      0.00
02:22:30 PM      0.00      0.00      0.00      0.00      0.00      0.00      0.00      0.00
02:22:35 PM      0.00      0.00      0.00      0.00      0.00      0.00      0.00      0.00
02:22:40 PM      0.00      0.00      0.00      0.00      0.00      0.00      0.00      0.00
02:22:45 PM      0.00      0.00      0.00      0.00      0.00      0.00      0.00      0.00
02:22:50 PM      0.00      0.00      0.00      0.00      0.00      0.00      0.00      0.00
02:22:55 PM      0.00      0.00      0.00      0.00      0.00      0.00      0.00      0.00
02:23:00 PM      0.00      0.00      0.00      0.00      0.00      0.00      0.00      0.00
02:23:05 PM      0.00      0.00      0.00      0.00      0.00      0.00      0.00      0.00
02:23:10 PM      0.00      0.00      0.00      0.00      0.00      0.00      0.00      0.00
02:23:15 PM      0.00      0.00      0.00      0.00      0.00      0.00      0.00      0.00
02:23:20 PM      0.00      0.00      0.00      0.00      0.00      0.00      0.00      0.00
02:23:25 PM      0.00      0.00      0.00      0.00      0.00      0.00      0.00      0.00
02:23:30 PM      0.00      0.00      0.00      0.00      0.00      0.00      0.00      0.00
02:23:35 PM      0.00      0.00      0.00      0.00      0.00      0.00      0.00      0.00
02:23:40 PM      0.00      0.00      0.00      0.00      0.00      0.00      0.00      0.00
02:23:45 PM      0.00      0.00      0.00      0.00      0.00      0.00      0.00      0.00
02:23:50 PM      0.00      0.00      0.00      0.02      0.00      0.00      0.00      0.02
02:23:55 PM      0.00      0.00      0.00      0.00      0.00      0.00      0.00      0.00
02:24:00 PM      0.00      0.00      0.00      0.02      0.00      0.00      0.00      0.01
02:24:05 PM      0.00      0.00      0.00      0.00      0.00      0.00      0.00      0.00
02:24:10 PM      0.00      0.00      0.00      0.00      0.00      0.00      0.00      0.00
02:24:15 PM      0.00      0.00      0.00      0.00      0.00      0.00      0.00      0.00
02:24:20 PM      0.00      0.00      0.00      0.00      0.00      0.00      0.00      0.00
02:24:25 PM      0.00      0.00      0.00      0.00      0.00      0.00      0.00      0.00
02:24:30 PM      0.00      0.00      0.00      0.00      0.00      0.00      0.00      0.00
02:24:35 PM      0.00      0.00      0.00      0.00      0.00      0.00      0.00      0.00
02:24:40 PM      0.00      0.00      0.00      0.00      0.00      0.00      0.00      0.00
02:24:45 PM      0.00      0.00      0.00      0.00      0.00      0.00      0.00      0.00
02:24:50 PM      0.00      0.00      0.00      0.00      0.00      0.00      0.00      0.00
02:24:55 PM      0.00      0.00      0.00      0.00      0.00      0.00      0.00      0.00
02:25:00 PM      0.00      0.00      0.00      0.00      0.00      0.00      0.00      0.00
02:25:05 PM      0.00      0.00      0.00      0.00      0.00      0.00      0.00      0.00
02:25:10 PM      0.00      0.00      0.00      0.00      0.00      0.00      0.00      0.00
02:25:15 PM      0.00      0.00      0.00      0.00      0.00      0.00      0.00      0.00
02:25:20 PM      0.00      0.00      0.00      0.00      0.00      0.00      0.00      0.00
02:25:25 PM      0.00      0.00      0.00      0.00      0.00      0.00      0.00      0.00
02:25:30 PM      0.00      0.00      0.00      0.00      0.00      0.00      0.00      0.00
02:25:35 PM      0.00      0.00      0.00      0.00      0.00      0.00      0.00      0.00
02:25:40 PM      0.00      0.00      0.00      0.00      0.00      0.00      0.00      0.00
02:25:45 PM      0.00      0.00      0.00      0.00      0.00      0.00      0.00      0.00
02:25:50 PM      0.00      0.00      0.00      0.00      0.00      0.00      0.00      0.00
02:25:55 PM      0.00      0.00      0.00      0.00      0.00      0.00      0.00      0.00
02:26:00 PM      0.00      0.00      0.00      0.00      0.00      0.00      0.00      0.00
02:26:05 PM      0.00      0.00      0.00      0.00      0.00      0.00      0.00      0.00
02:26:10 PM      0.00      0.00      0.00      0.00      0.00      0.00      0.00      0.00
02:26:15 PM      0.00      0.00      0.00      0.00      0.00      0.00      0.00      0.00
02:26:20 PM      0.00      0.00      0.00      0.01      0.00      0.00      0.00      0.01
02:26:25 PM      0.00      0.00      0.00      0.00      0.00      0.00      0.00      0.00
02:26:30 PM      0.00      0.00      0.00      0.00      0.00      0.00      0.00      0.00
02:26:35 PM      0.00      0.00      0.00      0.00      0.00      0.00      0.00      0.00
02:26:40 PM      0.00      0.00      0.00      0.00      0.00      0.00      0.00      0.00
02:26:45 PM      0.00      0.00      0.00      0.00      0.00      0.00      0.00      0.00
02:26:50 PM      0.00      0.00      0.00      0.00      0.00      0.00      0.00      0.00
02:26:55 PM      0.00      0.00      0.00      0.00      0.00      0.00      0.00      0.00
02:27:00 PM      0.00      0.00      0.00      0.00      0.00      0.00      0.00      0.00
02:27:05 PM      0.00      0.00      0.00      0.00      0.00      0.00      0.00      0.00
02:27:10 PM      0.00      0.00      0.00      0.00      0.00      0.00      0.00      0.00
02:27:15 PM      0.00      0.00      0.00      0.00      0.00      0.00      0.00      0.00
02:27:20 PM      0.00      0.00      0.00      0.00      0.00      0.00      0.00      0.00
02:27:25 PM      0.00      0.00      0.00      0.01      0.00      0.00      0.00      0.01
02:27:30 PM      0.00      0.00      0.00      0.00      0.00      0.00      0.00      0.00
02:27:35 PM      0.00      0.00      0.00      0.00      0.00      0.00      0.00      0.00
02:27:40 PM      0.00      0.00      0.00      0.00      0.00      0.00      0.00      0.00
02:27:45 PM      0.00      0.00      0.00      0.00      0.00      0.00      0.00      0.00
02:27:50 PM      0.00      0.00      0.00      0.01      0.00      0.00      0.00      0.01
02:27:55 PM      0.00      0.00      0.00      0.00      0.00      0.00      0.00      0.00
02:28:00 PM      0.00      0.00      0.00      0.00      0.00      0.00      0.00      0.00
02:28:05 PM      0.00      0.00      0.00      0.00      0.00      0.00      0.00      0.00
02:28:10 PM      0.00      0.00      0.00      0.00      0.00      0.00      0.00      0.00
02:28:15 PM      0.00      0.00      0.00      0.00      0.00      0.00      0.00      0.00
02:28:20 PM      0.00      0.00      0.00      0.02      0.00      0.00      0.00      0.02
02:28:25 PM      0.00      0.00      0.00      0.00      0.00      0.00      0.00      0.00
02:28:30 PM      0.00      0.00      0.00      0.00      0.00      0.00      0.00      0.00
02:28:35 PM      0.00      0.00      0.00      0.00      0.00      0.00      0.00      0.00
02:28:40 PM      0.00      0.00      0.00      0.00      0.00      0.00      0.00      0.00
02:28:45 PM      0.00      0.00      0.00      0.02      0.00      0.00      0.00      0.02
02:28:50 PM      0.00      0.00      0.00      0.01      0.00      0.00      0.00      0.01
02:28:55 PM      0.00      0.00      0.00      0.00      0.00      0.00      0.00      0.00
02:29:00 PM      0.00      0.00      0.00      0.05      0.00      0.00      0.00      0.03
02:29:05 PM      0.00      0.00      0.00      0.00      0.00      0.00      0.00      0.00
02:29:10 PM      0.00      0.00      0.00      0.00      0.00      0.00      0.00      0.00
02:29:15 PM      0.00      0.00      0.00      0.00      0.00      0.00      0.00      0.00
02:29:20 PM      0.00      0.00      0.00      0.00      0.00      0.00      0.00      0.00
02:29:25 PM      0.00      0.00      0.00      0.00      0.00      0.00      0.00      0.00
02:29:30 PM      0.00      0.00      0.00      0.00      0.00      0.00      0.00      0.00
02:29:35 PM      0.00      0.00      0.00      0.00      0.00      0.00      0.00      0.00
02:29:40 PM      0.00      0.00      0.00      0.00      0.00      0.00      0.00      0.00
02:29:45 PM      0.00      0.00      0.00      0.00      0.00      0.00      0.00      0.00
02:29:50 PM      0.00      0.00      0.00      0.02      0.00      0.00      0.00      0.02
02:29:55 PM      0.00      0.00      0.00      0.00      0.00      0.00      0.00      0.00
02:30:00 PM      0.00      0.00      0.00      0.00      0.00      0.00      0.00      0.00
02:30:05 PM      0.00      0.00      0.00      0.00      0.00      0.00      0.00      0.00
02:30:10 PM      0.00      0.00      0.00      0.00      0.00      0.00      0.00      0.00
02:30:15 PM      0.00      0.00      0.00      0.00      0.00      0.00      0.00      0.00
02:30:20 PM      0.00      0.00      0.00      0.01      0.00      0.00      0.00      0.01
02:30:25 PM      0.00      0.00      0.00      0.00      0.00      0.00      0.00      0.00
02:30:30 PM      0.00      0.00      0.00      0.00      0.00      0.00      0.00      0.00
02:30:35 PM      0.00      0.00      0.00      0.00      0.00      0.00      0.00      0.00
02:30:40 PM      0.00      0.00      0.00      0.00      0.00      0.00      0.00      0.00
02:30:45 PM      0.00      0.00      0.00      0.00      0.00      0.00      0.00      0.00
02:30:50 PM      0.00      0.00      0.00      0.01      0.00      0.00      0.00      0.01
02:30:55 PM      0.00      0.00      0.00      0.00      0.00      0.00      0.00      0.00
02:31:00 PM      0.00      0.00      0.00      0.01      0.00      0.00      0.00      0.01
02:31:05 PM      0.00      0.00      0.00      0.00      0.00      0.00      0.00      0.00
02:31:10 PM      0.00      0.00      0.00      0.00      0.00      0.00      0.00      0.00
02:31:15 PM      0.00      0.00      0.00      0.00      0.00      0.00      0.00      0.00
02:31:20 PM      0.00      0.00      0.00      0.02      0.00      0.00      0.00      0.02
02:31:25 PM      0.00      0.00      0.00      0.00      0.00      0.00      0.00      0.00
02:31:30 PM      0.00      0.00      0.00      0.00      0.00      0.00      0.00      0.00
02:31:35 PM      0.00      0.00      0.00      0.00      0.00      0.00      0.00      0.00
02:31:40 PM      0.00      0.00      0.00      0.00      0.00      0.00      0.00      0.00
02:31:45 PM      0.00      0.00      0.00      0.00      0.00      0.00      0.00      0.00
02:31:50 PM      0.00      0.00      0.00      0.02      0.00      0.00      0.00      0.02
02:31:55 PM      0.00      0.00      0.00      0.00      0.00      0.00      0.00      0.00
02:32:00 PM      0.00      0.00      0.00      0.00      0.00      0.00      0.00      0.00
02:32:05 PM      0.00      0.00      0.00      0.01      0.00      0.00      0.00      0.01
02:32:10 PM      0.00      0.00      0.00      0.00      0.00      0.00      0.00      0.00
02:32:15 PM      0.00      0.00      0.00      0.00      0.00      0.00      0.00      0.00
02:32:20 PM      0.00      0.00      0.00      0.01      0.00      0.00      0.00      0.01
02:32:25 PM      0.00      0.00      0.00      0.00      0.00      0.00      0.00      0.00
02:32:30 PM      0.00      0.00      0.00      0.00      0.00      0.00      0.00      0.00
02:32:35 PM      0.00      0.00      0.00      0.00      0.00      0.00      0.00      0.00
02:32:40 PM      0.00      0.00      0.00      0.00      0.00      0.00      0.00      0.00
02:32:45 PM      0.00      0.00      0.00      0.00      0.00      0.00      0.00      0.00
02:32:50 PM      0.00      0.00      0.00      0.04      0.00      0.00      0.00      0.02
02:32:55 PM      0.00      0.00      0.00      0.00      0.00      0.00      0.00      0.00
02:33:00 PM      0.00      0.00      0.00      0.00      0.00      0.00      0.00      0.00
02:33:05 PM      0.00      0.00      0.00      0.00      0.00      0.00      0.00      0.00
02:33:10 PM      0.00      0.00      0.00      0.00      0.00      0.00      0.00      0.00
02:33:15 PM      0.00      0.00      0.00      0.00      0.00      0.00      0.00      0.00
02:33:20 PM      0.00      0.00      0.00      0.00      0.00      0.00      0.00      0.00
02:33:25 PM      0.00      0.00      0.00      0.01      0.00      0.00      0.00      0.01
02:33:30 PM      0.00      0.00      0.00      0.00      0.00      0.00      0.00      0.00
02:33:35 PM      0.00      0.00      0.00      0.00      0.00      0.00      0.00      0.00
02:33:40 PM      0.00      0.00      0.00      0.00      0.00      0.00      0.00      0.00
02:33:45 PM      0.00      0.00      0.00      0.00      0.00      0.00      0.00      0.00
02:33:50 PM      0.00      0.00      0.00      0.00      0.00      0.00      0.00      0.00
02:33:55 PM      0.00      0.00      0.00      0.00      0.00      0.00      0.00      0.00
02:34:00 PM      0.00      0.00      0.00      0.05      0.00      0.00      0.00      0.03
02:34:05 PM      0.00      0.00      0.00      0.00      0.00      0.00      0.00      0.00
02:34:10 PM      0.00      0.00      0.00      0.00      0.00      0.00      0.00      0.00
02:34:15 PM      0.00      0.00      0.00      0.00      0.00      0.00      0.00      0.00
02:34:20 PM      0.00      0.00      0.00      0.00      0.00      0.00      0.00      0.00
02:34:25 PM      0.00      0.00      0.00      0.00      0.00      0.00      0.00      0.00
02:34:30 PM      0.00      0.00      0.00      0.00      0.00      0.00      0.00      0.00
02:34:35 PM      0.00      0.00      0.00      0.00      0.00      0.00      0.00      0.00
02:34:40 PM      0.00      0.00      0.00      0.01      0.00      0.00      0.00      0.01
02:34:45 PM      0.00      0.00      0.00      0.05      0.00      0.00      0.00      0.05
02:34:50 PM      0.00      0.00      0.00      0.02      0.00      0.00      0.00      0.02
02:34:55 PM      0.00      0.00      0.00      0.00      0.00      0.00      0.00      0.00
02:35:00 PM      0.00      0.00      0.00      0.00      0.00      0.00      0.00      0.00
02:35:05 PM      0.00      0.00      0.00      0.00      0.00      0.00      0.00      0.00
02:35:10 PM      0.00      0.00      0.00      0.00      0.00      0.00      0.00      0.00
02:35:15 PM      0.00      0.00      0.00      0.01      0.00      0.00      0.00      0.01
02:35:20 PM      0.00      0.00      0.00      0.00      0.00      0.00      0.00      0.00
02:35:25 PM      0.00      0.00      0.00      0.00      0.00      0.00      0.00      0.00
02:35:30 PM      0.00      0.00      0.00      0.00      0.00      0.00      0.00      0.00
02:35:35 PM      0.00      0.00      0.00      0.00      0.00      0.00      0.00      0.00
02:35:40 PM      0.00      0.00      0.00      0.00      0.00      0.00      0.00      0.00
02:35:45 PM      0.00      0.00      0.00      0.00      0.00      0.00      0.00      0.00
02:35:50 PM      0.00      0.00      0.00      0.02      0.00      0.00      0.00      0.01
02:35:55 PM      0.00      0.00      0.00      0.00      0.00      0.00      0.00      0.00
02:36:00 PM      0.00      0.00      0.00      0.00      0.00      0.00      0.00      0.00
02:36:05 PM      0.00      0.00      0.00      0.02      0.00      0.00      0.00      0.02
02:36:10 PM      0.00      0.00      0.00      0.00      0.00      0.00      0.00      0.00
02:36:15 PM      0.00      0.00      0.00      0.00      0.00      0.00      0.00      0.00
02:36:20 PM      0.00      0.00      0.00      0.02      0.00      0.00      0.00      0.02
02:36:25 PM      0.00      0.00      0.00      0.00      0.00      0.00      0.00      0.00
02:36:30 PM      0.00      0.00      0.00      0.00      0.00      0.00      0.00      0.00
02:36:35 PM      0.00      0.00      0.00      0.00      0.00      0.00      0.00      0.00
02:36:40 PM      0.00      0.00      0.00      0.00      0.00      0.00      0.00      0.00
02:36:45 PM      0.00      0.00      0.00      0.02      0.00      0.00      0.00      0.01
02:36:50 PM      0.00      0.00      0.00      0.00      0.00      0.00      0.00      0.00
02:36:55 PM      0.00      0.00      0.00      0.00      0.00      0.00      0.00      0.00
02:37:00 PM      0.00      0.00      0.00      0.00      0.00      0.00      0.00      0.00
02:37:05 PM      0.00      0.00      0.00      0.00      0.00      0.00      0.00      0.00
02:37:10 PM      0.00      0.00      0.00      0.00      0.00      0.00      0.00      0.00
02:37:15 PM      0.00      0.00      0.00      0.00      0.00      0.00      0.00      0.00
02:37:20 PM      0.00      0.00      0.00      0.02      0.00      0.00      0.00      0.01
02:37:25 PM      0.00      0.00      0.00      0.00      0.00      0.00      0.00      0.00
02:37:30 PM      0.00      0.00      0.00      0.00      0.00      0.00      0.00      0.00
02:37:35 PM      0.00      0.00      0.00      0.00      0.00      0.00      0.00      0.00
02:37:40 PM      0.00      0.00      0.00      0.00      0.00      0.00      0.00      0.00
02:37:45 PM      0.00      0.00      0.00      0.00      0.00      0.00      0.00      0.00
02:37:50 PM      0.00      0.00      0.00      0.02      0.00      0.00      0.00      0.02
02:37:55 PM      0.00      0.00      0.00      0.01      0.00      0.00      0.00      0.00
02:38:00 PM      0.00      0.00      0.00      0.00      0.00      0.00      0.00      0.00
02:38:05 PM      0.00      0.00      0.00      0.00      0.00      0.00      0.00      0.00
02:38:10 PM      0.00      0.00      0.00      0.00      0.00      0.00      0.00      0.00
02:38:15 PM      0.00      0.00      0.00      0.00      0.00      0.00      0.00      0.00
02:38:20 PM      0.00      0.00      0.00      0.00      0.00      0.00      0.00      0.00
02:38:25 PM      0.00      0.00      0.00      0.00      0.00      0.00      0.00      0.00
02:38:30 PM      0.00      0.00      0.00      0.00      0.00      0.00      0.00      0.00
02:38:35 PM      0.00      0.00      0.00      0.00      0.00      0.00      0.00      0.00
02:38:40 PM      0.00      0.00      0.00      0.00      0.00      0.00      0.00      0.00
02:38:45 PM      0.00      0.00      0.00      0.00      0.00      0.00      0.00      0.00
02:38:50 PM      0.00      0.00      0.00      0.00      0.00      0.00      0.00      0.00
02:38:55 PM      0.00      0.00      0.00      0.00      0.00      0.00      0.00      0.00
02:39:00 PM      0.00      0.00      0.00      0.01      0.00      0.00      0.00      0.01
02:39:05 PM      0.00      0.00      0.00      0.03      0.00      0.00      0.00      0.01
02:39:10 PM      0.00      0.00      0.00      0.00      0.00      0.00      0.00      0.00
02:39:15 PM      0.00      0.00      0.00      0.00      0.00      0.00      0.00      0.00
02:39:20 PM      0.00      0.00      0.00      0.01      0.00      0.00      0.00      0.01
02:39:25 PM      0.00      0.00      0.00      0.00      0.00      0.00      0.00      0.00
02:39:30 PM      0.00      0.00      0.00      0.00      0.00      0.00      0.00      0.00
02:39:35 PM      0.00      0.00      0.00      0.00      0.00      0.00      0.00      0.00
02:39:40 PM      0.00      0.00      0.00      0.00      0.00      0.00      0.00      0.00
02:39:45 PM      0.00      0.00      0.00      0.00      0.00      0.00      0.00      0.00
02:39:50 PM      0.00      0.00      0.00      0.02      0.00      0.00      0.00      0.02
02:39:55 PM      0.00      0.00      0.00      0.00      0.00      0.00      0.00      0.00
02:40:00 PM      0.00      0.00      0.00      0.00      0.00      0.00      0.00      0.00
02:40:05 PM      0.00      0.00      0.00      0.00      0.00      0.00      0.00      0.00
02:40:10 PM      0.00      0.00      0.00      0.00      0.00      0.00      0.00      0.00
02:40:15 PM      0.00      0.00      0.00      0.00      0.00      0.00      0.00      0.00
02:40:20 PM      0.00      0.00      0.00      0.00      0.00      0.00      0.00      0.00
02:40:25 PM      0.00      0.00      0.00      0.00      0.00      0.00      0.00      0.00
02:40:30 PM      0.00      0.00      0.00      0.00      0.00      0.00      0.00      0.00
02:40:35 PM      0.00      0.00      0.00      0.00      0.00      0.00      0.00      0.00
02:40:40 PM      0.00      0.00      0.00      0.00      0.00      0.00      0.00      0.00
02:40:45 PM      0.00      0.00      0.00      0.00      0.00      0.00      0.00      0.00
02:40:50 PM      0.00      0.00      0.00      0.02      0.00      0.00      0.00      0.02
02:40:55 PM      0.00      0.00      0.00      0.00      0.00      0.00      0.00      0.00
02:41:00 PM      0.00      0.00      0.00      0.00      0.00      0.00      0.00      0.00
02:41:05 PM      0.00      0.00      0.00      0.00      0.00      0.00      0.00      0.00
02:41:10 PM      0.00      0.00      0.00      0.00      0.00      0.00      0.00      0.00
02:41:15 PM      0.00      0.00      0.00      0.00      0.00      0.00      0.00      0.00
02:41:20 PM      0.00      0.00      0.00      0.01      0.00      0.00      0.00      0.01
02:41:25 PM      0.00      0.00      0.00      0.00      0.00      0.00      0.00      0.00
02:41:30 PM      0.00      0.00      0.00      0.00      0.00      0.00      0.00      0.00
02:41:35 PM      0.00      0.00      0.00      0.00      0.00      0.00      0.00      0.00
02:41:40 PM      0.00      0.00      0.00      0.00      0.00      0.00      0.00      0.00
02:41:45 PM      0.00      0.00      0.00      0.00      0.00      0.00      0.00      0.00
02:41:50 PM      0.00      0.00      0.00      0.00      0.00      0.00      0.00      0.00
02:41:55 PM      0.00      0.00      0.00      0.00      0.00      0.00      0.00      0.00
02:42:00 PM      0.00      0.00      0.00      0.01      0.00      0.00      0.00      0.00
02:42:05 PM      0.00      0.00      0.00      0.01      0.00      0.00      0.00      0.01
02:42:10 PM      0.00      0.00      0.00      0.00      0.00      0.00      0.00      0.00
02:42:15 PM      0.00      0.00      0.00      0.00      0.00      0.00      0.00      0.00
02:42:20 PM      0.00      0.00      0.00      0.02      0.00      0.00      0.00      0.01
02:42:25 PM      0.00      0.00      0.00      0.00      0.00      0.00      0.00      0.00
02:42:30 PM      0.00      0.00      0.00      0.00      0.00      0.00      0.00      0.00
02:42:35 PM      0.00      0.00      0.00      0.00      0.00      0.00      0.00      0.00
02:42:40 PM      0.00      0.00      0.00      0.00      0.00      0.00      0.00      0.00
02:42:45 PM      0.00      0.00      0.00      0.00      0.00      0.00      0.00      0.00
02:42:50 PM      0.00      0.00      0.00      0.01      0.00      0.00      0.00      0.01
02:42:55 PM      0.00      0.00      0.00      0.02      0.00      0.00      0.00      0.02
02:43:00 PM      0.00      0.00      0.00      0.01      0.00      0.00      0.00      0.01
02:43:05 PM      0.00      0.00      0.00      0.00      0.00      0.00      0.00      0.00
02:43:10 PM      0.00      0.00      0.00      0.00      0.00      0.00      0.00      0.00
02:43:15 PM      0.00      0.00      0.00      0.00      0.00      0.00      0.00      0.00
02:43:20 PM      0.00      0.00      0.00      0.01      0.00      0.00      0.00      0.01
02:43:25 PM      0.00      0.00      0.00      0.00      0.00      0.00      0.00      0.00
02:43:30 PM      0.00      0.00      0.00      0.00      0.00      0.00      0.00      0.00
02:43:35 PM      0.00      0.00      0.00      0.00      0.00      0.00      0.00      0.00
02:43:40 PM      0.00      0.00      0.00      0.00      0.00      0.00      0.00      0.00
02:43:45 PM      0.00      0.00      0.00      0.00      0.00      0.00      0.00      0.00
02:43:50 PM      0.00      0.00      0.00      0.02      0.00      0.00      0.00      0.02
02:43:55 PM      0.00      0.00      0.00      0.00      0.00      0.00      0.00      0.00
02:44:00 PM      0.00      0.00      0.00      0.00      0.00      0.00      0.00      0.00
02:44:05 PM      0.00      0.00      0.00      0.07      0.00      0.00      0.00      0.04
02:44:10 PM      0.00      0.00      0.00      0.00      0.00      0.00      0.00      0.00
02:44:15 PM      0.00      0.00      0.00      0.00      0.00      0.00      0.00      0.00
02:44:20 PM      0.00      0.00      0.00      0.00      0.00      0.00      0.00      0.00
02:44:25 PM      0.00      0.00      0.00      0.00      0.00      0.00      0.00      0.00
02:44:30 PM      0.00      0.00      0.00      0.00      0.00      0.00      0.00      0.00
02:44:35 PM      0.00      0.00      0.00      0.00      0.00      0.00      0.00      0.00
02:44:40 PM      0.00      0.00      0.00      0.00      0.00      0.00      0.00      0.00
02:44:45 PM      0.00      0.00      0.00      0.00      0.00      0.00      0.00      0.00
02:44:50 PM      0.00      0.00      0.00      0.01      0.00      0.00      0.00      0.00
02:44:55 PM      0.00      0.00      0.00      0.00      0.00      0.00      0.00      0.00
02:45:00 PM      0.00      0.00      0.00      0.00      0.00      0.00      0.00      0.00
02:45:05 PM      0.00      0.00      0.00      0.01      0.00      0.00      0.00      0.01
02:45:10 PM      0.00      0.00      0.00      0.00      0.00      0.00      0.00      0.00
02:45:15 PM      0.00      0.00      0.00      0.00      0.00      0.00      0.00      0.00
02:45:20 PM      0.00      0.00      0.00      0.01      0.00      0.00      0.00      0.01
02:45:25 PM      0.00      0.00      0.00      0.00      0.00      0.00      0.00      0.00
02:45:30 PM      0.00      0.00      0.00      0.00      0.00      0.00      0.00      0.00
02:45:35 PM      0.00      0.00      0.00      0.00      0.00      0.00      0.00      0.00
02:45:40 PM      0.00      0.00      0.00      0.00      0.00      0.00      0.00      0.00
02:45:45 PM      0.00      0.00      0.00      0.00      0.00      0.00      0.00      0.00
02:45:50 PM      0.00      0.00      0.00      0.00      0.00      0.00      0.00      0.00
02:45:55 PM      0.00      0.00      0.00      0.00      0.00      0.00      0.00      0.00
02:46:00 PM      0.00      0.00      0.00      0.00      0.00      0.00      0.00      0.00
02:46:05 PM      0.00      0.00      0.00      0.00      0.00      0.00      0.00      0.00
02:46:10 PM      0.00      0.00      0.00      0.00      0.00      0.00      0.00      0.00
02:46:15 PM      0.00      0.00      0.00      0.00      0.00      0.00      0.00      0.00
02:46:20 PM      0.00      0.00      0.00      0.02      0.00      0.00      0.00      0.02
02:46:25 PM      0.00      0.00      0.00      0.00      0.00      0.00      0.00      0.00
02:46:30 PM      0.00      0.00      0.00      0.00      0.00      0.00      0.00      0.00
02:46:35 PM      0.00      0.00      0.00      0.00      0.00      0.00      0.00      0.00
02:46:40 PM      0.00      0.00      0.00      0.00      0.00      0.00      0.00      0.00
02:46:45 PM      0.00      0.00      0.00      0.00      0.00      0.00      0.00      0.00
02:46:50 PM      0.00      0.00      0.00      0.01      0.00      0.00      0.00      0.01
02:46:55 PM      0.00      0.00      0.00      0.00      0.00      0.00      0.00      0.00
02:47:00 PM      0.00      0.00      0.00      0.00      0.00      0.00      0.00      0.00
02:47:05 PM      0.00      0.00      0.00      0.00      0.00      0.00      0.00      0.00
02:47:10 PM      0.00      0.00      0.00      0.00      0.00      0.00      0.00      0.00
02:47:15 PM      0.00      0.00      0.00      0.00      0.00      0.00      0.00      0.00
02:47:20 PM      0.00      0.00      0.00      0.01      0.00      0.00      0.00      0.01
02:47:25 PM      0.00      0.00      0.00      0.00      0.00      0.00      0.00      0.00
02:47:30 PM      0.00      0.00      0.00      0.00      0.00      0.00      0.00      0.00
02:47:35 PM      0.00      0.00      0.00      0.00      0.00      0.00      0.00      0.00
02:47:40 PM      0.00      0.00      0.00      0.00      0.00      0.00      0.00      0.00
02:47:45 PM      0.00      0.00      0.00      0.00      0.00      0.00      0.00      0.00
02:47:50 PM      0.00      0.00      0.00      0.03      0.00      0.00      0.00      0.02
02:47:55 PM      0.00      0.00      0.00      0.01      0.00      0.00      0.00      0.01
02:48:00 PM      0.00      0.00      0.00      0.00      0.00      0.00      0.00      0.00
02:48:05 PM      0.00      0.00      0.00      0.00      0.00      0.00      0.00      0.00
02:48:10 PM      0.00      0.00      0.00      0.00      0.00      0.00      0.00      0.00
02:48:15 PM      0.00      0.00      0.00      0.00      0.00      0.00      0.00      0.00
02:48:20 PM      0.00      0.00      0.00      0.02      0.00      0.00      0.00      0.02
02:48:25 PM      0.00      0.00      0.00      0.00      0.00      0.00      0.00      0.00
02:48:30 PM      0.00      0.00      0.00      0.00      0.00      0.00      0.00      0.00
02:48:35 PM      0.00      0.00      0.00      0.00      0.00      0.00      0.00      0.00
02:48:40 PM      0.00      0.00      0.00      0.00      0.00      0.00      0.00      0.00
02:48:45 PM      0.00      0.00      0.00      0.00      0.00      0.00      0.00      0.00
02:48:50 PM      0.00      0.00      0.00      0.01      0.00      0.00      0.00      0.01
02:48:55 PM      0.00      0.00      0.00      0.00      0.00      0.00      0.00      0.00
02:49:00 PM      0.00      0.00      0.00      0.00      0.00      0.00      0.00      0.00
02:49:05 PM      0.00      0.00      0.00      0.09      0.00      0.00      0.00      0.07
02:49:10 PM      0.00      0.00      0.00      0.00      0.00      0.00      0.00      0.00
02:49:15 PM      0.00      0.00      0.00      0.00      0.00      0.00      0.00      0.00
02:49:20 PM      0.00      0.00      0.00      0.02      0.00      0.00      0.00      0.02
02:49:25 PM      0.00      0.00      0.00      0.00      0.00      0.00      0.00      0.00
02:49:30 PM      0.00      0.00      0.00      0.00      0.00      0.00      0.00      0.00
02:49:35 PM      0.00      0.00      0.00      0.00      0.00      0.00      0.00      0.00
02:49:40 PM      0.00      0.00      0.00      0.00      0.00      0.00      0.00      0.00
02:49:45 PM      0.00      0.00      0.00      0.00      0.00      0.00      0.00      0.00
02:49:50 PM      0.00      0.00      0.00      0.00      0.00      0.00      0.00      0.00
02:49:55 PM      0.00      0.00      0.00      0.00      0.00      0.00      0.00      0.00
02:50:00 PM      0.00      0.00      0.00      0.00      0.00      0.00      0.00      0.00
02:50:05 PM      0.00      0.00      0.00      0.00      0.00      0.00      0.00      0.00
02:50:10 PM      0.00      0.00      0.00      0.00      0.00      0.00      0.00      0.00
02:50:15 PM      0.00      0.00      0.00      0.00      0.00      0.00      0.00      0.00
02:50:20 PM      0.00      0.00      0.00      0.00      0.00      0.00      0.00      0.00
02:50:25 PM      0.00      0.00      0.00      0.00      0.00      0.00      0.00      0.00
02:50:30 PM      0.00      0.00      0.00      0.00      0.00      0.00      0.00      0.00
02:50:35 PM      0.00      0.00      0.00      0.00      0.00      0.00      0.00      0.00
02:50:40 PM      0.00      0.00      0.00      0.00      0.00      0.00      0.00      0.00
02:50:45 PM      0.00      0.00      0.00      0.00      0.00      0.00      0.00      0.00
02:50:50 PM      0.00      0.00      0.00      0.02      0.00      0.00      0.00      0.02
02:50:55 PM      0.00      0.00      0.00      0.00      0.00      0.00      0.00      0.00
02:51:00 PM      0.00      0.00      0.00      0.00      0.00      0.00      0.00      0.00
02:51:05 PM      0.00      0.00      0.00      0.00      0.00      0.00      0.00      0.00
02:51:10 PM      0.00      0.00      0.00      0.00      0.00      0.00      0.00      0.00
02:51:15 PM      0.00      0.00      0.00      0.00      0.00      0.00      0.00      0.00
02:51:20 PM      0.00      0.00      0.00      0.00      0.00      0.00      0.00      0.00
02:51:25 PM      0.00      0.00      0.00      0.00      0.00      0.00      0.00      0.00
02:51:30 PM      0.00      0.00      0.00      0.00      0.00      0.00      0.00      0.00
02:51:35 PM      0.00      0.00      0.00      0.00      0.00      0.00      0.00      0.00
02:51:40 PM      0.00      0.00      0.00      0.00      0.00      0.00      0.00      0.00
02:51:45 PM      0.00      0.00      0.00      0.00      0.00      0.00      0.00      0.00
Average:         0.00      0.00      0.00      0.00      0.00      0.00      0.00      0.00
