Linux 7.0.10-arch1-1 (archlinux) 	05/30/2026 	_x86_64_	(4 CPU)

02:09:44 PM  %smem-10  %smem-60 %smem-300     %smem  %fmem-10  %fmem-60 %fmem-300     %fmem
02:09:49 PM      0.00      0.00      0.00      0.00      0.00      0.00      0.00      0.00
02:09:54 PM      0.00      0.00      0.00      0.00      0.00      0.00      0.00      0.00
02:09:59 PM      0.00      0.00      0.00      0.00      0.00      0.00      0.00      0.00
02:10:04 PM      0.00      0.00      0.00      0.00      0.00      0.00      0.00      0.00
02:10:09 PM      0.00      0.00      0.00      0.00      0.00      0.00      0.00      0.00
02:10:14 PM      0.00      0.00      0.00      0.00      0.00      0.00      0.00      0.00
02:10:19 PM      0.00      0.00      0.00      0.00      0.00      0.00      0.00      0.00
02:10:24 PM      0.00      0.00      0.00      0.00      0.00      0.00      0.00      0.00
02:10:29 PM      0.00      0.00      0.00      0.00      0.00      0.00      0.00      0.00
02:10:34 PM      0.00      0.00      0.00      0.00      0.00      0.00      0.00      0.00
02:10:39 PM      0.00      0.00      0.00      0.00      0.00      0.00      0.00      0.00
02:10:44 PM      0.00      0.00      0.00      0.00      0.00      0.00      0.00      0.00
02:10:49 PM      0.00      0.00      0.00      0.00      0.00      0.00      0.00      0.00
02:10:54 PM      0.00      0.00      0.00      0.00      0.00      0.00      0.00      0.00
02:10:59 PM      0.00      0.00      0.00      0.00      0.00      0.00      0.00      0.00
02:11:04 PM      0.00      0.00      0.00      0.00      0.00      0.00      0.00      0.00
02:11:09 PM      0.00      0.00      0.00      0.00      0.00      0.00      0.00      0.00
02:11:14 PM      0.00      0.00      0.00      0.00      0.00      0.00      0.00      0.00
02:11:19 PM      0.00      0.00      0.00      0.00      0.00      0.00      0.00      0.00
02:11:24 PM      0.00      0.00      0.00      0.00      0.00      0.00      0.00      0.00
02:11:29 PM      0.00      0.00      0.00      0.00      0.00      0.00      0.00      0.00
02:11:34 PM      0.00      0.00      0.00      0.00      0.00      0.00      0.00      0.00
02:11:39 PM      0.00      0.00      0.00      0.00      0.00      0.00      0.00      0.00
02:11:44 PM      0.00      0.00      0.00      0.00      0.00      0.00      0.00      0.00
02:11:49 PM      0.00      0.00      0.00      0.00      0.00      0.00      0.00      0.00
02:11:54 PM      0.00      0.00      0.00      0.00      0.00      0.00      0.00      0.00
02:11:59 PM      0.00      0.00      0.00      0.00      0.00      0.00      0.00      0.00
02:12:04 PM      0.00      0.00      0.00      0.00      0.00      0.00      0.00      0.00
02:12:09 PM      0.00      0.00      0.00      0.00      0.00      0.00      0.00      0.00
02:12:14 PM      0.00      0.00      0.00      0.00      0.00      0.00      0.00      0.00
02:12:19 PM      0.00      0.00      0.00      0.00      0.00      0.00      0.00      0.00
02:12:24 PM      0.00      0.00      0.00      0.00      0.00      0.00      0.00      0.00
02:12:29 PM      0.00      0.00      0.00      0.00      0.00      0.00      0.00      0.00
02:12:34 PM      0.00      0.00      0.00      0.00      0.00      0.00      0.00      0.00
02:12:39 PM      0.00      0.00      0.00      0.00      0.00      0.00      0.00      0.00
02:12:44 PM      0.00      0.00      0.00      0.00      0.00      0.00      0.00      0.00
02:12:49 PM      0.00      0.00      0.00      0.00      0.00      0.00      0.00      0.00
02:12:54 PM      0.00      0.00      0.00      0.00      0.00      0.00      0.00      0.00
02:12:59 PM      0.00      0.00      0.00      0.00      0.00      0.00      0.00      0.00
02:13:04 PM      0.00      0.00      0.00      0.00      0.00      0.00      0.00      0.00
02:13:09 PM      0.00      0.00      0.00      0.00      0.00      0.00      0.00      0.00
02:13:14 PM      0.00      0.00      0.00      0.00      0.00      0.00      0.00      0.00
02:13:19 PM      0.00      0.00      0.00      0.00      0.00      0.00      0.00      0.00
02:13:24 PM      0.00      0.00      0.00      0.00      0.00      0.00      0.00      0.00
02:13:29 PM      0.00      0.00      0.00      0.00      0.00      0.00      0.00      0.00
02:13:34 PM      0.00      0.00      0.00      0.00      0.00      0.00      0.00      0.00
02:13:39 PM      0.00      0.00      0.00      0.00      0.00      0.00      0.00      0.00
02:13:44 PM      0.00      0.00      0.00      0.00      0.00      0.00      0.00      0.00
02:13:49 PM      0.00      0.00      0.00      0.00      0.00      0.00      0.00      0.00
02:13:54 PM      0.00      0.00      0.00      0.00      0.00      0.00      0.00      0.00
02:13:59 PM      0.00      0.00      0.00      0.00      0.00      0.00      0.00      0.00
02:14:04 PM      0.00      0.00      0.00      0.00      0.00      0.00      0.00      0.00
02:14:09 PM      0.00      0.00      0.00      0.00      0.00      0.00      0.00      0.00
02:14:14 PM      0.00      0.00      0.00      0.00      0.00      0.00      0.00      0.00
02:14:19 PM      0.00      0.00      0.00      0.00      0.00      0.00      0.00      0.00
02:14:24 PM      0.00      0.00      0.00      0.00      0.00      0.00      0.00      0.00
02:14:29 PM      0.00      0.00      0.00      0.00      0.00      0.00      0.00      0.00
02:14:34 PM      0.00      0.00      0.00      0.00      0.00      0.00      0.00      0.00
02:14:39 PM      0.00      0.00      0.00      0.00      0.00      0.00      0.00      0.00
02:14:44 PM      0.00      0.00      0.00      0.00      0.00      0.00      0.00      0.00
02:14:49 PM      0.00      0.00      0.00      0.00      0.00      0.00      0.00      0.00
02:14:54 PM      0.00      0.00      0.00      0.00      0.00      0.00      0.00      0.00
02:14:59 PM      0.00      0.00      0.00      0.00      0.00      0.00      0.00      0.00
02:15:04 PM      0.00      0.00      0.00      0.00      0.00      0.00      0.00      0.00
02:15:09 PM      0.00      0.00      0.00      0.00      0.00      0.00      0.00      0.00
02:15:14 PM      0.00      0.00      0.00      0.00      0.00      0.00      0.00      0.00
02:15:19 PM      0.00      0.00      0.00      0.00      0.00      0.00      0.00      0.00
02:15:24 PM      0.00      0.00      0.00      0.00      0.00      0.00      0.00      0.00
02:15:29 PM      0.00      0.00      0.00      0.00      0.00      0.00      0.00      0.00
02:15:34 PM      0.00      0.00      0.00      0.00      0.00      0.00      0.00      0.00
02:15:39 PM      0.00      0.00      0.00      0.00      0.00      0.00      0.00      0.00
02:15:44 PM      0.00      0.00      0.00      0.00      0.00      0.00      0.00      0.00
02:15:49 PM      0.00      0.00      0.00      0.00      0.00      0.00      0.00      0.00
02:15:54 PM      0.00      0.00      0.00      0.00      0.00      0.00      0.00      0.00
02:15:59 PM      0.00      0.00      0.00      0.00      0.00      0.00      0.00      0.00
02:16:04 PM      0.00      0.00      0.00      0.00      0.00      0.00      0.00      0.00
02:16:09 PM      0.00      0.00      0.00      0.00      0.00      0.00      0.00      0.00
02:16:14 PM      0.00      0.00      0.00      0.00      0.00      0.00      0.00      0.00
02:16:19 PM      0.00      0.00      0.00      0.00      0.00      0.00      0.00      0.00
02:16:24 PM      0.00      0.00      0.00      0.00      0.00      0.00      0.00      0.00
02:16:29 PM      0.00      0.00      0.00      0.00      0.00      0.00      0.00      0.00
02:16:34 PM      0.00      0.00      0.00      0.00      0.00      0.00      0.00      0.00
02:16:39 PM      0.00      0.00      0.00      0.00      0.00      0.00      0.00      0.00
02:16:44 PM      0.00      0.00      0.00      0.00      0.00      0.00      0.00      0.00
02:16:49 PM      0.00      0.00      0.00      0.00      0.00      0.00      0.00      0.00
02:16:54 PM      0.00      0.00      0.00      0.00      0.00      0.00      0.00      0.00
02:16:59 PM      0.00      0.00      0.00      0.00      0.00      0.00      0.00      0.00
02:17:04 PM      0.00      0.00      0.00      0.00      0.00      0.00      0.00      0.00
02:17:09 PM      0.00      0.00      0.00      0.00      0.00      0.00      0.00      0.00
02:17:14 PM      0.00      0.00      0.00      0.00      0.00      0.00      0.00      0.00
02:17:19 PM      0.00      0.00      0.00      0.00      0.00      0.00      0.00      0.00
02:17:24 PM      0.00      0.00      0.00      0.00      0.00      0.00      0.00      0.00
02:17:29 PM      0.00      0.00      0.00      0.00      0.00      0.00      0.00      0.00
02:17:34 PM      0.00      0.00      0.00      0.00      0.00      0.00      0.00      0.00
02:17:39 PM      0.00      0.00      0.00      0.00      0.00      0.00      0.00      0.00
02:17:44 PM      0.00      0.00      0.00      0.00      0.00      0.00      0.00      0.00
02:17:49 PM      0.00      0.00      0.00      0.00      0.00      0.00      0.00      0.00
02:17:54 PM      0.00      0.00      0.00      0.00      0.00      0.00      0.00      0.00
02:17:59 PM      0.00      0.00      0.00      0.00      0.00      0.00      0.00      0.00
02:18:04 PM      0.00      0.00      0.00      0.00      0.00      0.00      0.00      0.00
02:18:09 PM      0.00      0.00      0.00      0.00      0.00      0.00      0.00      0.00
02:18:14 PM      0.00      0.00      0.00      0.00      0.00      0.00      0.00      0.00
02:18:19 PM      0.00      0.00      0.00      0.00      0.00      0.00      0.00      0.00
02:18:24 PM      0.00      0.00      0.00      0.00      0.00      0.00      0.00      0.00
02:18:29 PM      0.00      0.00      0.00      0.00      0.00      0.00      0.00      0.00
02:18:34 PM      0.00      0.00      0.00      0.00      0.00      0.00      0.00      0.00
02:18:39 PM      0.00      0.00      0.00      0.00      0.00      0.00      0.00      0.00
02:18:44 PM      0.00      0.00      0.00      0.00      0.00      0.00      0.00      0.00
02:18:49 PM      0.00      0.00      0.00      0.00      0.00      0.00      0.00      0.00
02:18:54 PM      0.00      0.00      0.00      0.00      0.00      0.00      0.00      0.00
02:18:59 PM      0.00      0.00      0.00      0.00      0.00      0.00      0.00      0.00
02:19:04 PM      0.00      0.00      0.00      0.00      0.00      0.00      0.00      0.00
02:19:09 PM      0.00      0.00      0.00      0.00      0.00      0.00      0.00      0.00
02:19:14 PM      0.00      0.00      0.00      0.00      0.00      0.00      0.00      0.00
02:19:19 PM      0.00      0.00      0.00      0.00      0.00      0.00      0.00      0.00
02:19:24 PM      0.00      0.00      0.00      0.00      0.00      0.00      0.00      0.00
02:19:29 PM      0.00      0.00      0.00      0.00      0.00      0.00      0.00      0.00
02:19:34 PM      0.00      0.00      0.00      0.00      0.00      0.00      0.00      0.00
02:19:39 PM      0.00      0.00      0.00      0.00      0.00      0.00      0.00      0.00
02:19:44 PM      0.00      0.00      0.00      0.00      0.00      0.00      0.00      0.00
02:19:49 PM      0.00      0.00      0.00      0.00      0.00      0.00      0.00      0.00
02:19:54 PM      0.00      0.00      0.00      0.00      0.00      0.00      0.00      0.00
02:19:59 PM      0.00      0.00      0.00      0.00      0.00      0.00      0.00      0.00
02:20:04 PM      0.00      0.00      0.00      0.00      0.00      0.00      0.00      0.00
02:20:09 PM      0.00      0.00      0.00      0.00      0.00      0.00      0.00      0.00
02:20:14 PM      0.00      0.00      0.00      0.00      0.00      0.00      0.00      0.00
02:20:19 PM      0.00      0.00      0.00      0.00      0.00      0.00      0.00      0.00
02:20:24 PM      0.00      0.00      0.00      0.00      0.00      0.00      0.00      0.00
02:20:29 PM      0.00      0.00      0.00      0.00      0.00      0.00      0.00      0.00
02:20:34 PM      0.00      0.00      0.00      0.00      0.00      0.00      0.00      0.00
02:20:39 PM      0.00      0.00      0.00      0.00      0.00      0.00      0.00      0.00
02:20:44 PM      0.00      0.00      0.00      0.00      0.00      0.00      0.00      0.00
02:20:49 PM      0.00      0.00      0.00      0.00      0.00      0.00      0.00      0.00
02:20:54 PM      0.00      0.00      0.00      0.00      0.00      0.00      0.00      0.00
02:20:59 PM      0.00      0.00      0.00      0.00      0.00      0.00      0.00      0.00
02:21:04 PM      0.00      0.00      0.00      0.00      0.00      0.00      0.00      0.00
02:21:09 PM      0.00      0.00      0.00      0.00      0.00      0.00      0.00      0.00
02:21:14 PM      0.00      0.00      0.00      0.00      0.00      0.00      0.00      0.00
02:21:19 PM      0.00      0.00      0.00      0.00      0.00      0.00      0.00      0.00
02:21:24 PM      0.00      0.00      0.00      0.00      0.00      0.00      0.00      0.00
02:21:29 PM      0.00      0.00      0.00      0.00      0.00      0.00      0.00      0.00
02:21:34 PM      0.00      0.00      0.00      0.00      0.00      0.00      0.00      0.00
02:21:39 PM      0.00      0.00      0.00      0.00      0.00      0.00      0.00      0.00
02:21:44 PM      0.00      0.00      0.00      0.00      0.00      0.00      0.00      0.00
02:21:49 PM      0.00      0.00      0.00      0.00      0.00      0.00      0.00      0.00
02:21:54 PM      0.00      0.00      0.00      0.00      0.00      0.00      0.00      0.00
02:21:59 PM      0.00      0.00      0.00      0.00      0.00      0.00      0.00      0.00
02:22:04 PM      0.00      0.00      0.00      0.00      0.00      0.00      0.00      0.00
02:22:09 PM      0.00      0.00      0.00      0.00      0.00      0.00      0.00      0.00
02:22:14 PM      0.00      0.00      0.00      0.00      0.00      0.00      0.00      0.00
02:22:19 PM      0.00      0.00      0.00      0.00      0.00      0.00      0.00      0.00
02:22:24 PM      0.00      0.00      0.00      0.00      0.00      0.00      0.00      0.00
02:22:29 PM      0.00      0.00      0.00      0.00      0.00      0.00      0.00      0.00
02:22:34 PM      0.00      0.00      0.00      0.00      0.00      0.00      0.00      0.00
02:22:39 PM      0.00      0.00      0.00      0.00      0.00      0.00      0.00      0.00
02:22:44 PM      0.00      0.00      0.00      0.00      0.00      0.00      0.00      0.00
02:22:49 PM      0.00      0.00      0.00      0.00      0.00      0.00      0.00      0.00
02:22:54 PM      0.00      0.00      0.00      0.00      0.00      0.00      0.00      0.00
02:22:59 PM      0.00      0.00      0.00      0.00      0.00      0.00      0.00      0.00
02:23:04 PM      0.00      0.00      0.00      0.00      0.00      0.00      0.00      0.00
02:23:09 PM      0.00      0.00      0.00      0.00      0.00      0.00      0.00      0.00
02:23:14 PM      0.00      0.00      0.00      0.00      0.00      0.00      0.00      0.00
02:23:19 PM      0.00      0.00      0.00      0.00      0.00      0.00      0.00      0.00
02:23:24 PM      0.00      0.00      0.00      0.00      0.00      0.00      0.00      0.00
02:23:29 PM      0.00      0.00      0.00      0.00      0.00      0.00      0.00      0.00
02:23:34 PM      0.00      0.00      0.00      0.00      0.00      0.00      0.00      0.00
02:23:39 PM      0.00      0.00      0.00      0.00      0.00      0.00      0.00      0.00
02:23:44 PM      0.00      0.00      0.00      0.00      0.00      0.00      0.00      0.00
02:23:49 PM      0.00      0.00      0.00      0.00      0.00      0.00      0.00      0.00
02:23:54 PM      0.00      0.00      0.00      0.00      0.00      0.00      0.00      0.00
02:23:59 PM      0.00      0.00      0.00      0.00      0.00      0.00      0.00      0.00
02:24:04 PM      0.00      0.00      0.00      0.00      0.00      0.00      0.00      0.00
02:24:09 PM      0.00      0.00      0.00      0.00      0.00      0.00      0.00      0.00
02:24:14 PM      0.00      0.00      0.00      0.00      0.00      0.00      0.00      0.00
02:24:19 PM      0.00      0.00      0.00      0.00      0.00      0.00      0.00      0.00
02:24:24 PM      0.00      0.00      0.00      0.00      0.00      0.00      0.00      0.00
02:24:29 PM      0.00      0.00      0.00      0.00      0.00      0.00      0.00      0.00
02:24:34 PM      0.00      0.00      0.00      0.00      0.00      0.00      0.00      0.00
02:24:39 PM      0.00      0.00      0.00      0.00      0.00      0.00      0.00      0.00
02:24:44 PM      0.00      0.00      0.00      0.00      0.00      0.00      0.00      0.00
02:24:49 PM      0.00      0.00      0.00      0.00      0.00      0.00      0.00      0.00
02:24:54 PM      0.00      0.00      0.00      0.00      0.00      0.00      0.00      0.00
02:24:59 PM      0.00      0.00      0.00      0.00      0.00      0.00      0.00      0.00
02:25:04 PM      0.00      0.00      0.00      0.00      0.00      0.00      0.00      0.00
02:25:09 PM      0.00      0.00      0.00      0.00      0.00      0.00      0.00      0.00
02:25:14 PM      0.00      0.00      0.00      0.00      0.00      0.00      0.00      0.00
02:25:19 PM      0.00      0.00      0.00      0.00      0.00      0.00      0.00      0.00
02:25:24 PM      0.00      0.00      0.00      0.00      0.00      0.00      0.00      0.00
02:25:29 PM      0.00      0.00      0.00      0.00      0.00      0.00      0.00      0.00
02:25:34 PM      0.00      0.00      0.00      0.00      0.00      0.00      0.00      0.00
02:25:39 PM      0.00      0.00      0.00      0.00      0.00      0.00      0.00      0.00
02:25:44 PM      0.00      0.00      0.00      0.00      0.00      0.00      0.00      0.00
02:25:49 PM      0.00      0.00      0.00      0.00      0.00      0.00      0.00      0.00
02:25:54 PM      0.00      0.00      0.00      0.00      0.00      0.00      0.00      0.00
02:25:59 PM      0.00      0.00      0.00      0.00      0.00      0.00      0.00      0.00
02:26:04 PM      0.00      0.00      0.00      0.00      0.00      0.00      0.00      0.00
02:26:09 PM      0.00      0.00      0.00      0.00      0.00      0.00      0.00      0.00
02:26:14 PM      0.00      0.00      0.00      0.00      0.00      0.00      0.00      0.00
02:26:19 PM      0.00      0.00      0.00      0.00      0.00      0.00      0.00      0.00
02:26:24 PM      0.00      0.00      0.00      0.00      0.00      0.00      0.00      0.00
02:26:29 PM      0.00      0.00      0.00      0.00      0.00      0.00      0.00      0.00
02:26:34 PM      0.00      0.00      0.00      0.00      0.00      0.00      0.00      0.00
02:26:39 PM      0.00      0.00      0.00      0.00      0.00      0.00      0.00      0.00
02:26:44 PM      0.00      0.00      0.00      0.00      0.00      0.00      0.00      0.00
02:26:49 PM      0.00      0.00      0.00      0.00      0.00      0.00      0.00      0.00
02:26:54 PM      0.00      0.00      0.00      0.00      0.00      0.00      0.00      0.00
02:26:59 PM      0.00      0.00      0.00      0.00      0.00      0.00      0.00      0.00
02:27:04 PM      0.00      0.00      0.00      0.00      0.00      0.00      0.00      0.00
02:27:09 PM      0.00      0.00      0.00      0.00      0.00      0.00      0.00      0.00
02:27:14 PM      0.00      0.00      0.00      0.00      0.00      0.00      0.00      0.00
02:27:19 PM      0.00      0.00      0.00      0.00      0.00      0.00      0.00      0.00
02:27:24 PM      0.00      0.00      0.00      0.00      0.00      0.00      0.00      0.00
02:27:29 PM      0.00      0.00      0.00      0.00      0.00      0.00      0.00      0.00
02:27:34 PM      0.00      0.00      0.00      0.00      0.00      0.00      0.00      0.00
02:27:39 PM      0.00      0.00      0.00      0.00      0.00      0.00      0.00      0.00
02:27:44 PM      0.00      0.00      0.00      0.00      0.00      0.00      0.00      0.00
02:27:49 PM      0.00      0.00      0.00      0.00      0.00      0.00      0.00      0.00
02:27:54 PM      0.00      0.00      0.00      0.00      0.00      0.00      0.00      0.00
02:27:59 PM      0.00      0.00      0.00      0.00      0.00      0.00      0.00      0.00
02:28:04 PM      0.00      0.00      0.00      0.00      0.00      0.00      0.00      0.00
02:28:09 PM      0.00      0.00      0.00      0.00      0.00      0.00      0.00      0.00
02:28:14 PM      0.00      0.00      0.00      0.00      0.00      0.00      0.00      0.00
02:28:19 PM      0.00      0.00      0.00      0.00      0.00      0.00      0.00      0.00
02:28:24 PM      0.00      0.00      0.00      0.00      0.00      0.00      0.00      0.00
02:28:29 PM      0.00      0.00      0.00      0.00      0.00      0.00      0.00      0.00
02:28:34 PM      0.00      0.00      0.00      0.00      0.00      0.00      0.00      0.00
02:28:39 PM      0.00      0.00      0.00      0.00      0.00      0.00      0.00      0.00
02:28:44 PM      0.00      0.00      0.00      0.00      0.00      0.00      0.00      0.00
02:28:49 PM      0.00      0.00      0.00      0.00      0.00      0.00      0.00      0.00
02:28:54 PM      0.00      0.00      0.00      0.00      0.00      0.00      0.00      0.00
02:28:59 PM      0.00      0.00      0.00      0.00      0.00      0.00      0.00      0.00
02:29:04 PM      0.00      0.00      0.00      0.00      0.00      0.00      0.00      0.00
02:29:09 PM      0.00      0.00      0.00      0.00      0.00      0.00      0.00      0.00
02:29:14 PM      0.00      0.00      0.00      0.00      0.00      0.00      0.00      0.00
02:29:19 PM      0.00      0.00      0.00      0.00      0.00      0.00      0.00      0.00
02:29:24 PM      0.00      0.00      0.00      0.00      0.00      0.00      0.00      0.00
02:29:29 PM      0.00      0.00      0.00      0.00      0.00      0.00      0.00      0.00
02:29:34 PM      0.00      0.00      0.00      0.00      0.00      0.00      0.00      0.00
02:29:39 PM      0.00      0.00      0.00      0.00      0.00      0.00      0.00      0.00
02:29:44 PM      0.00      0.00      0.00      0.00      0.00      0.00      0.00      0.00
02:29:49 PM      0.00      0.00      0.00      0.00      0.00      0.00      0.00      0.00
02:29:54 PM      0.00      0.00      0.00      0.00      0.00      0.00      0.00      0.00
02:29:59 PM      0.00      0.00      0.00      0.00      0.00      0.00      0.00      0.00
02:30:04 PM      0.00      0.00      0.00      0.00      0.00      0.00      0.00      0.00
02:30:09 PM      0.00      0.00      0.00      0.00      0.00      0.00      0.00      0.00
02:30:14 PM      0.00      0.00      0.00      0.00      0.00      0.00      0.00      0.00
02:30:19 PM      0.00      0.00      0.00      0.00      0.00      0.00      0.00      0.00
02:30:24 PM      0.00      0.00      0.00      0.00      0.00      0.00      0.00      0.00
02:30:29 PM      0.00      0.00      0.00      0.00      0.00      0.00      0.00      0.00
02:30:34 PM      0.00      0.00      0.00      0.00      0.00      0.00      0.00      0.00
02:30:39 PM      0.00      0.00      0.00      0.00      0.00      0.00      0.00      0.00
02:30:44 PM      0.00      0.00      0.00      0.00      0.00      0.00      0.00      0.00
02:30:49 PM      0.00      0.00      0.00      0.00      0.00      0.00      0.00      0.00
02:30:54 PM      0.00      0.00      0.00      0.00      0.00      0.00      0.00      0.00
02:30:59 PM      0.00      0.00      0.00      0.00      0.00      0.00      0.00      0.00
02:31:04 PM      0.00      0.00      0.00      0.00      0.00      0.00      0.00      0.00
02:31:09 PM      0.00      0.00      0.00      0.00      0.00      0.00      0.00      0.00
02:31:14 PM      0.00      0.00      0.00      0.00      0.00      0.00      0.00      0.00
02:31:19 PM      0.00      0.00      0.00      0.00      0.00      0.00      0.00      0.00
02:31:24 PM      0.00      0.00      0.00      0.00      0.00      0.00      0.00      0.00
02:31:29 PM      0.00      0.00      0.00      0.00      0.00      0.00      0.00      0.00
02:31:34 PM      0.00      0.00      0.00      0.00      0.00      0.00      0.00      0.00
02:31:39 PM      0.00      0.00      0.00      0.00      0.00      0.00      0.00      0.00
02:31:44 PM      0.00      0.00      0.00      0.00      0.00      0.00      0.00      0.00
02:31:49 PM      0.00      0.00      0.00      0.00      0.00      0.00      0.00      0.00
02:31:54 PM      0.00      0.00      0.00      0.00      0.00      0.00      0.00      0.00
02:31:59 PM      0.00      0.00      0.00      0.00      0.00      0.00      0.00      0.00
02:32:04 PM      0.00      0.00      0.00      0.00      0.00      0.00      0.00      0.00
02:32:09 PM      0.00      0.00      0.00      0.00      0.00      0.00      0.00      0.00
02:32:14 PM      0.00      0.00      0.00      0.00      0.00      0.00      0.00      0.00
02:32:19 PM      0.00      0.00      0.00      0.00      0.00      0.00      0.00      0.00
02:32:24 PM      0.00      0.00      0.00      0.00      0.00      0.00      0.00      0.00
02:32:29 PM      0.00      0.00      0.00      0.00      0.00      0.00      0.00      0.00
02:32:34 PM      0.00      0.00      0.00      0.00      0.00      0.00      0.00      0.00
02:32:39 PM      0.00      0.00      0.00      0.00      0.00      0.00      0.00      0.00
02:32:44 PM      0.00      0.00      0.00      0.00      0.00      0.00      0.00      0.00
02:32:49 PM      0.00      0.00      0.00      0.00      0.00      0.00      0.00      0.00
02:32:54 PM      0.00      0.00      0.00      0.00      0.00      0.00      0.00      0.00
02:32:59 PM      0.00      0.00      0.00      0.00      0.00      0.00      0.00      0.00
02:33:04 PM      0.00      0.00      0.00      0.00      0.00      0.00      0.00      0.00
02:33:09 PM      0.00      0.00      0.00      0.00      0.00      0.00      0.00      0.00
02:33:14 PM      0.00      0.00      0.00      0.00      0.00      0.00      0.00      0.00
02:33:19 PM      0.00      0.00      0.00      0.00      0.00      0.00      0.00      0.00
02:33:24 PM      0.00      0.00      0.00      0.00      0.00      0.00      0.00      0.00
02:33:29 PM      0.00      0.00      0.00      0.00      0.00      0.00      0.00      0.00
02:33:34 PM      0.00      0.00      0.00      0.00      0.00      0.00      0.00      0.00
02:33:39 PM      0.00      0.00      0.00      0.00      0.00      0.00      0.00      0.00
02:33:44 PM      0.00      0.00      0.00      0.00      0.00      0.00      0.00      0.00
02:33:49 PM      0.00      0.00      0.00      0.00      0.00      0.00      0.00      0.00
02:33:54 PM      0.00      0.00      0.00      0.00      0.00      0.00      0.00      0.00
02:33:59 PM      0.00      0.00      0.00      0.00      0.00      0.00      0.00      0.00
02:34:04 PM      0.00      0.00      0.00      0.00      0.00      0.00      0.00      0.00
02:34:09 PM      0.00      0.00      0.00      0.00      0.00      0.00      0.00      0.00
02:34:14 PM      0.00      0.00      0.00      0.00      0.00      0.00      0.00      0.00
02:34:19 PM      0.00      0.00      0.00      0.00      0.00      0.00      0.00      0.00
02:34:24 PM      0.00      0.00      0.00      0.00      0.00      0.00      0.00      0.00
02:34:29 PM      0.00      0.00      0.00      0.00      0.00      0.00      0.00      0.00
02:34:34 PM      0.00      0.00      0.00      0.00      0.00      0.00      0.00      0.00
02:34:39 PM      0.00      0.00      0.00      0.00      0.00      0.00      0.00      0.00
02:34:44 PM      0.00      0.00      0.00      0.00      0.00      0.00      0.00      0.00
02:34:49 PM      0.00      0.00      0.00      0.00      0.00      0.00      0.00      0.00
02:34:54 PM      0.00      0.00      0.00      0.00      0.00      0.00      0.00      0.00
02:34:59 PM      0.00      0.00      0.00      0.00      0.00      0.00      0.00      0.00
02:35:04 PM      0.00      0.00      0.00      0.00      0.00      0.00      0.00      0.00
02:35:09 PM      0.00      0.00      0.00      0.00      0.00      0.00      0.00      0.00
02:35:14 PM      0.00      0.00      0.00      0.00      0.00      0.00      0.00      0.00
02:35:19 PM      0.00      0.00      0.00      0.00      0.00      0.00      0.00      0.00
02:35:24 PM      0.00      0.00      0.00      0.00      0.00      0.00      0.00      0.00
02:35:29 PM      0.00      0.00      0.00      0.00      0.00      0.00      0.00      0.00
02:35:34 PM      0.00      0.00      0.00      0.00      0.00      0.00      0.00      0.00
02:35:39 PM      0.00      0.00      0.00      0.00      0.00      0.00      0.00      0.00
02:35:44 PM      0.00      0.00      0.00      0.00      0.00      0.00      0.00      0.00
02:35:49 PM      0.00      0.00      0.00      0.00      0.00      0.00      0.00      0.00
02:35:54 PM      0.00      0.00      0.00      0.00      0.00      0.00      0.00      0.00
02:35:59 PM      0.00      0.00      0.00      0.00      0.00      0.00      0.00      0.00
02:36:04 PM      0.00      0.00      0.00      0.00      0.00      0.00      0.00      0.00
02:36:09 PM      0.00      0.00      0.00      0.00      0.00      0.00      0.00      0.00
02:36:14 PM      0.00      0.00      0.00      0.00      0.00      0.00      0.00      0.00
02:36:19 PM      0.00      0.00      0.00      0.00      0.00      0.00      0.00      0.00
02:36:24 PM      0.00      0.00      0.00      0.00      0.00      0.00      0.00      0.00
02:36:29 PM      0.00      0.00      0.00      0.00      0.00      0.00      0.00      0.00
02:36:34 PM      0.00      0.00      0.00      0.00      0.00      0.00      0.00      0.00
02:36:39 PM      0.00      0.00      0.00      0.00      0.00      0.00      0.00      0.00
02:36:44 PM      0.00      0.00      0.00      0.00      0.00      0.00      0.00      0.00
02:36:49 PM      0.00      0.00      0.00      0.00      0.00      0.00      0.00      0.00
02:36:54 PM      0.00      0.00      0.00      0.00      0.00      0.00      0.00      0.00
02:36:59 PM      0.00      0.00      0.00      0.00      0.00      0.00      0.00      0.00
02:37:04 PM      0.00      0.00      0.00      0.00      0.00      0.00      0.00      0.00
02:37:09 PM      0.00      0.00      0.00      0.00      0.00      0.00      0.00      0.00
02:37:14 PM      0.00      0.00      0.00      0.00      0.00      0.00      0.00      0.00
02:37:19 PM      0.00      0.00      0.00      0.00      0.00      0.00      0.00      0.00
02:37:24 PM      0.00      0.00      0.00      0.00      0.00      0.00      0.00      0.00
02:37:29 PM      0.00      0.00      0.00      0.00      0.00      0.00      0.00      0.00
02:37:34 PM      0.00      0.00      0.00      0.00      0.00      0.00      0.00      0.00
02:37:39 PM      0.00      0.00      0.00      0.00      0.00      0.00      0.00      0.00
02:37:44 PM      0.00      0.00      0.00      0.00      0.00      0.00      0.00      0.00
02:37:49 PM      0.00      0.00      0.00      0.00      0.00      0.00      0.00      0.00
02:37:54 PM      0.00      0.00      0.00      0.00      0.00      0.00      0.00      0.00
02:37:59 PM      0.00      0.00      0.00      0.00      0.00      0.00      0.00      0.00
02:38:04 PM      0.00      0.00      0.00      0.00      0.00      0.00      0.00      0.00
02:38:09 PM      0.00      0.00      0.00      0.00      0.00      0.00      0.00      0.00
02:38:14 PM      0.00      0.00      0.00      0.00      0.00      0.00      0.00      0.00
02:38:19 PM      0.00      0.00      0.00      0.00      0.00      0.00      0.00      0.00
02:38:24 PM      0.00      0.00      0.00      0.00      0.00      0.00      0.00      0.00
02:38:29 PM      0.00      0.00      0.00      0.00      0.00      0.00      0.00      0.00
02:38:34 PM      0.00      0.00      0.00      0.00      0.00      0.00      0.00      0.00
02:38:39 PM      0.00      0.00      0.00      0.00      0.00      0.00      0.00      0.00
02:38:44 PM      0.00      0.00      0.00      0.00      0.00      0.00      0.00      0.00
02:38:49 PM      0.00      0.00      0.00      0.00      0.00      0.00      0.00      0.00
02:38:54 PM      0.00      0.00      0.00      0.00      0.00      0.00      0.00      0.00
02:38:59 PM      0.00      0.00      0.00      0.00      0.00      0.00      0.00      0.00
02:39:04 PM      0.00      0.00      0.00      0.00      0.00      0.00      0.00      0.00
02:39:09 PM      0.00      0.00      0.00      0.00      0.00      0.00      0.00      0.00
02:39:14 PM      0.00      0.00      0.00      0.00      0.00      0.00      0.00      0.00
02:39:19 PM      0.00      0.00      0.00      0.00      0.00      0.00      0.00      0.00
02:39:24 PM      0.00      0.00      0.00      0.00      0.00      0.00      0.00      0.00
02:39:29 PM      0.00      0.00      0.00      0.00      0.00      0.00      0.00      0.00
02:39:34 PM      0.00      0.00      0.00      0.00      0.00      0.00      0.00      0.00
02:39:39 PM      0.00      0.00      0.00      0.00      0.00      0.00      0.00      0.00
02:39:44 PM      0.00      0.00      0.00      0.00      0.00      0.00      0.00      0.00
Average:         0.00      0.00      0.00      0.00      0.00      0.00      0.00      0.00
