Linux 7.0.10-arch1-1 (archlinux) 	05/30/2026 	_x86_64_	(4 CPU)

02:09:44 PM kbmemfree   kbavail kbmemused  %memused kbbuffers  kbcached  kbcommit   %commit  kbactive   kbinact   kbdirty   kbshmem
02:09:49 PM   3993848   4015128   3890680     49.21      2556    235808   8781572     31.95   3639744     67820       240      5372
02:09:54 PM   3993848   4015128   3890680     49.21      2556    235840   8781572     31.95   3639764     67820       392      5372
02:09:59 PM   3993848   4015128   3890680     49.21      2556    235844   8781572     31.95   3639764     67820       396      5372
02:10:04 PM   3993848   4015160   3890648     49.21      2556    235840   8781572     31.95   3639772     67852       392      5372
02:10:09 PM   3990484   4011828   3893980     49.25      2556    235840   8793812     32.00   3642416     67852       520      5372
02:10:14 PM   3990484   4011816   3893992     49.25      2556    235840   8781572     31.95   3639780     67852       280      5372
02:10:19 PM   3986136   4007932   3897876     49.30      2556    236304   8781572     31.95   3639792     68316       296      5372
02:10:24 PM   3986136   4007980   3897828     49.30      2556    236384   8781572     31.95   3639796     68364       148      5372
02:10:29 PM   3986136   4007980   3897828     49.30      2556    236384   8781572     31.95   3639796     68364       148      5372
02:10:34 PM   3982040   4003916   3901892     49.35      2556    236384   8781572     31.95   3639796     68396       148      5372
02:10:39 PM   3982040   4003916   3901892     49.35      2556    236384   8781572     31.95   3639796     68396       148      5372
02:10:44 PM   3982040   4003916   3901892     49.35      2556    236388   8781572     31.95   3639804     68396       152      5372
02:10:49 PM   3982040   4003932   3901876     49.35      2556    236512   8781572     31.95   3639804     68396        20      5372
02:10:54 PM   3982040   4004108   3901700     49.35      2556    236560   8781572     31.95   3639804     68572        48      5372
02:10:59 PM   3982040   4004156   3901652     49.35      2556    236640   8781572     31.95   3639808     68620       268      5372
02:11:04 PM   3981788   4003936   3901872     49.35      2556    236640   8781572     31.95   3639808     68652       268      5372
02:11:09 PM   3981788   4003936   3901872     49.35      2556    236640   8781572     31.95   3639812     68652       268      5372
02:11:14 PM   3981788   4003936   3901872     49.35      2556    236640   8781572     31.95   3639820     68652       268      5372
02:11:19 PM   3981788   4004104   3901704     49.35      2556    236848   8781828     31.95   3639820     68820       220      5372
02:11:24 PM   3981788   4004144   3901664     49.35      2556    236848   8781828     31.95   3639864     68860       140      5372
02:11:29 PM   3981788   4004192   3901616     49.35      2556    236944   8781828     31.95   3639864     68908        96      5372
02:11:34 PM   3981788   4004192   3901616     49.35      2556    236944   8781828     31.95   3639864     68908       116      5372
02:11:39 PM   3981788   4004240   3901568     49.35      2556    236976   8781828     31.95   3639868     68956       148      5372
02:11:44 PM   3981788   4004272   3901536     49.35      2556    236976   8781828     31.95   3639868     68988       148      5372
02:11:49 PM   3981788   4004272   3901536     49.35      2556    237072   8781828     31.95   3639868     68988        20      5372
02:11:54 PM   3981788   4004368   3901440     49.35      2556    237072   8781828     31.95   3639868     69084        20      5372
02:11:59 PM   3981788   4004368   3901440     49.35      2556    237076   8781828     31.95   3639868     69084        24      5372
02:12:04 PM   3981788   4004464   3901344     49.35      2556    237168   8781828     31.95   3639868     69180        96      5372
02:12:09 PM   3981788   4004464   3901344     49.35      2556    237168   8781828     31.95   3639868     69180       116      5372
02:12:14 PM   3981788   4004464   3901344     49.35      2556    237168   8781828     31.95   3639868     69180       116      5372
02:12:19 PM   3981788   4004468   3901340     49.35      2556    237172   8781828     31.95   3639872     69184       120      5372
02:12:24 PM   3981788   4004592   3901216     49.35      2556    237300   8781828     31.95   3639872     69308        24      5372
02:12:29 PM   3981788   4004596   3901212     49.35      2556    237300   8781828     31.95   3639872     69312        24      5372
02:12:34 PM   3981788   4004596   3901212     49.35      2556    237300   8781828     31.95   3639872     69312        24      5372
02:12:39 PM   3981788   4004644   3901164     49.35      2556    237380   8781828     31.95   3639872     69360        80      5372
02:12:44 PM   3981788   4004644   3901164     49.35      2556    237380   8781828     31.95   3639872     69360       100      5372
02:12:49 PM   3981788   4004680   3901128     49.35      2556    237384   8781828     31.95   3639872     69396       104      5372
02:12:54 PM   3981788   4004680   3901128     49.35      2556    237384   8781828     31.95   3639872     69396       104      5372
02:12:59 PM   3981788   4004680   3901128     49.35      2556    237384   8781828     31.95   3639872     69396       104      5372
02:13:04 PM   3981788   4004680   3901128     49.35      2556    237436   8781828     31.95   3639872     69396       272      5372
02:13:09 PM   3980860   4004080   3901728     49.35      2556    237756   8781828     31.95   3639872     69724       144      5372
02:13:14 PM   3980780   4004112   3901696     49.35      2556    237928   8781828     31.95   3639872     69836       300      5372
02:13:19 PM   3991812   4015248   3890560     49.21      2556    237932   8781828     31.95   3635776     69940       316      5372
02:13:24 PM   3991812   4015248   3890560     49.21      2556    237940   8781828     31.95   3635776     69940       324      5372
02:13:29 PM   3991812   4015256   3890552     49.21      2556    237936   8781828     31.95   3635784     69948       320      5372
02:13:34 PM   3991812   4015256   3890552     49.21      2556    237936   8781828     31.95   3635784     69948       320      5372
02:13:39 PM   3991812   4015256   3890552     49.21      2556    237936   8781828     31.95   3635784     69948       204      5372
02:13:44 PM   3991308   4015072   3890736     49.21      2556    238288   8790024     31.98   3635792     70268        28      5372
02:13:49 PM   3991308   4015200   3890608     49.21      2556    238384   8790024     31.98   3635792     70396       108      5372
02:13:54 PM   3991308   4015200   3890608     49.21      2556    238384   8790024     31.98   3635792     70396       116      5372
02:13:59 PM   3991800   4015700   3890108     49.21      2556    238384   8789088     31.98   3635608     70396       116      5372
02:14:04 PM   3991800   4015700   3890108     49.21      2556    238384   8789088     31.98   3635608     70396       116      5372
02:14:09 PM   3991800   4015700   3890108     49.21      2556    238384   8789088     31.98   3635608     70396       116      5372
02:14:14 PM   3991548   4015696   3890112     49.21      2556    238720   8789088     31.98   3635608     70644        20      5372
02:14:19 PM   3991548   4015784   3890024     49.20      2556    238720   8789088     31.98   3635608     70732        20      5372
02:14:24 PM   3991548   4015832   3889976     49.20      2556    238800   8789088     31.98   3635608     70780        80      5372
02:14:29 PM   3991548   4015864   3889944     49.20      2556    238800   8789088     31.98   3635608     70812       100      5372
02:14:34 PM   3991548   4015864   3889944     49.20      2556    238800   8789088     31.98   3635608     70812       100      5372
02:14:39 PM   3991548   4015864   3889944     49.20      2556    238800   8789088     31.98   3635608     70812       100      5372
02:14:44 PM   3991548   4015864   3889944     49.20      2556    238800   8789088     31.98   3635608     70812       100      5372
02:14:49 PM   3991548   4015864   3889944     49.20      2556    238800   8789088     31.98   3635608     70812        20      5372
02:14:54 PM   3991296   4015736   3890072     49.21      2556    239044   8789088     31.98   3635608     70936        24      5372
02:14:59 PM   3991296   4015796   3890012     49.20      2556    239140   8789088     31.98   3635608     70988        96      5372
02:15:04 PM   3991296   4015960   3889848     49.20      2556    239140   8789088     31.98   3635608     71152       116      5372
02:15:09 PM   3991296   4015960   3889848     49.20      2556    239140   8789088     31.98   3635608     71152       116      5372
02:15:14 PM   3991296   4015960   3889848     49.20      2556    239140   8789088     31.98   3635612     71152       116      5372
02:15:19 PM   3991296   4015960   3889848     49.20      2556    239140   8789088     31.98   3635616     71152       116      5372
02:15:24 PM   3991296   4015960   3889848     49.20      2556    239140   8789088     31.98   3635616     71152        20      5372
02:15:29 PM   3991044   4015956   3889852     49.20      2556    239428   8789088     31.98   3635616     71400        20      5372
02:15:34 PM   3990792   4015792   3890016     49.20      2556    239508   8789088     31.98   3635616     71488        80      5372
02:15:39 PM   3990792   4015792   3890016     49.20      2556    239508   8789088     31.98   3635616     71488       100      5372
02:15:44 PM   3990792   4015824   3889984     49.20      2556    239508   8789088     31.98   3635616     71520       100      5372
02:15:49 PM   3990792   4015824   3889984     49.20      2556    239512   8789088     31.98   3635616     71520       104      5372
02:15:54 PM   3990792   4015828   3889980     49.20      2556    239512   8789088     31.98   3635616     71524       104      5372
02:15:59 PM   3990792   4015828   3889980     49.20      2556    239512   8789088     31.98   3635616     71524        24      5372
02:16:04 PM   3990792   4015952   3889856     49.20      2556    239752   8789088     31.98   3635616     71648        24      5372
02:16:09 PM   3990540   4015864   3889944     49.20      2556    239848   8789088     31.98   3635616     71812        96      5372
02:16:14 PM   3990540   4015916   3889892     49.20      2556    239852   8789088     31.98   3635616     71864       120      5372
02:16:19 PM   3990540   4015916   3889892     49.20      2556    239852   8789088     31.98   3635616     71864       120      5372
02:16:24 PM   3990540   4015916   3889892     49.20      2556    239852   8789088     31.98   3635616     71864       120      5372
02:16:29 PM   3990540   4015916   3889892     49.20      2556    239852   8789088     31.98   3635616     71864       120      5372
02:16:34 PM   3990540   4015916   3889892     49.20      2556    239852   8789088     31.98   3635616     71864        24      5372
02:16:39 PM   3990288   4015912   3889896     49.20      2556    240188   8789088     31.98   3635616     72112        24      5372
02:16:44 PM   3990288   4016080   3889728     49.20      2556    240268   8789088     31.98   3635616     72280        80      5372
02:16:49 PM   3990288   4016080   3889728     49.20      2556    240268   8789088     31.98   3635616     72280       100      5372
02:16:54 PM   3990288   4016080   3889728     49.20      2556    240268   8789088     31.98   3635616     72280       100      5372
02:16:59 PM   3990288   4016080   3889728     49.20      2556    240268   8789088     31.98   3635616     72280       100      5372
02:17:04 PM   3990288   4016080   3889728     49.20      2556    240268   8789088     31.98   3635616     72280       100      5372
02:17:09 PM   3990288   4016080   3889728     49.20      2556    240276   8789088     31.98   3635616     72280        28      5372
02:17:14 PM   3990036   4016076   3889732     49.20      2556    240516   8789088     31.98   3635620     72528        28      5372
02:17:19 PM   3990036   4016076   3889732     49.20      2556    240612   8789088     31.98   3635620     72528        96      5372
02:17:24 PM   3989532   4015780   3890028     49.20      2556    240724   8789088     31.98   3635620     72736       312      5372
02:17:29 PM   3989280   4015528   3890280     49.21      2556    240728   8789088     31.98   3635620     72736       316      5372
02:17:34 PM   3989280   4015532   3890276     49.21      2556    240728   8789088     31.98   3635620     72740       316      5372
02:17:39 PM   3989280   4015532   3890276     49.21      2556    240728   8789088     31.98   3635620     72740       316      5372
02:17:44 PM   3989280   4015532   3890276     49.21      2556    240728   8789088     31.98   3635620     72740       140      5372
02:17:49 PM   3989028   4015536   3890272     49.21      2556    241064   8789088     31.98   3635620     72988       140      5372
02:17:54 PM   3989028   4015704   3890104     49.21      2556    241144   8789088     31.98   3635620     73156        96      5372
02:17:59 PM   3989028   4015704   3890104     49.21      2556    241144   8789088     31.98   3635620     73156       100      5372
02:18:04 PM   3989028   4015704   3890104     49.21      2556    241144   8789088     31.98   3635620     73156       100      5372
02:18:09 PM   3989028   4015704   3890104     49.21      2556    241144   8789088     31.98   3635620     73156       100      5372
02:18:14 PM   3989028   4015704   3890104     49.21      2556    241144   8789088     31.98   3635620     73156       100      5372
02:18:19 PM   3989028   4015704   3890104     49.21      2556    241144   8789088     31.98   3635620     73156        20      5372
02:18:24 PM   3988776   4015756   3890052     49.20      2556    241448   8789088     31.98   3635620     73460        20      5372
02:18:29 PM   3988776   4015756   3890052     49.20      2556    241544   8789088     31.98   3635620     73460        96      5372
02:18:34 PM   3988776   4015852   3889956     49.20      2556    241544   8789088     31.98   3635620     73556       116      5372
02:18:39 PM   3988776   4015852   3889956     49.20      2556    241544   8789088     31.98   3635620     73556       116      5372
02:18:44 PM   3988776   4015852   3889956     49.20      2556    241544   8789088     31.98   3635620     73556       116      5372
02:18:49 PM   3988776   4015852   3889956     49.20      2556    241544   8789088     31.98   3635620     73556       116      5372
02:18:54 PM   3988776   4015852   3889956     49.20      2556    241548   8789088     31.98   3635620     73556        24      5372
02:18:59 PM   3988272   4015620   3890188     49.21      2556    241820   8789088     31.98   3635512     73832        24      5372
02:19:04 PM   3988272   4015624   3890184     49.21      2556    241900   8789088     31.98   3635576     73832        80      5372
02:19:09 PM   3988272   4015704   3890104     49.21      2556    241900   8789088     31.98   3635620     73912       100      5372
02:19:14 PM   3988272   4015704   3890104     49.21      2556    241900   8789088     31.98   3635620     73912       100      5372
02:19:19 PM   3988272   4015704   3890104     49.21      2556    241900   8789088     31.98   3635620     73912       100      5372
02:19:24 PM   3988272   4015704   3890104     49.21      2556    241900   8789088     31.98   3635620     73912       100      5372
02:19:29 PM   3988272   4015704   3890104     49.21      2556    241900   8789088     31.98   3635620     73912        20      5372
02:19:34 PM   3988272   4015828   3889980     49.20      2556    242140   8789088     31.98   3635620     74036        20      5372
02:19:39 PM   3993140   4020812   3884996     49.14      2556    242236   8789088     31.98   3635620     74152       108      5372
02:19:44 PM   3993140   4020812   3884996     49.14      2556    242236   8789088     31.98   3635620     74152       116      5372
02:19:49 PM   3993140   4020908   3884900     49.14      2556    242236   8789088     31.98   3635620     74248       116      5372
02:19:54 PM   3993140   4020908   3884900     49.14      2556    242236   8789088     31.98   3635620     74248       116      5372
02:19:59 PM   3993140   4020908   3884900     49.14      2556    242236   8789088     31.98   3635620     74248       116      5372
02:20:04 PM   3993140   4020908   3884900     49.14      2556    242240   8789088     31.98   3635620     74248        24      5372
02:20:09 PM   3993140   4021200   3884608     49.14      2556    242528   8789088     31.98   3635620     74540        24      5372
02:20:14 PM   3993140   4021200   3884608     49.14      2556    242608   8789088     31.98   3635624     74540        80      5372
02:20:19 PM   3993140   4021280   3884528     49.14      2556    242608   8789088     31.98   3635624     74620       100      5372
02:20:24 PM   3993140   4021280   3884528     49.14      2556    242608   8789088     31.98   3635624     74620       100      5372
02:20:29 PM   3993140   4021280   3884528     49.14      2556    242608   8789088     31.98   3635624     74620       100      5372
02:20:34 PM   3993140   4021280   3884528     49.14      2556    242608   8789088     31.98   3635624     74620       100      5372
02:20:39 PM   3993140   4021280   3884528     49.14      2556    242608   8789088     31.98   3635624     74620        20      5372
02:20:44 PM   3992888   4021152   3884656     49.14      2556    242852   8789088     31.98   3635624     74744        24      5372
02:20:49 PM   3992888   4021372   3884436     49.13      2556    242952   8789088     31.98   3635624     74964       104      5372
02:20:54 PM   3992888   4021372   3884436     49.13      2556    242952   8789088     31.98   3635624     74964       116      5372
02:20:59 PM   3992888   4021372   3884436     49.13      2556    242952   8789088     31.98   3635624     74964       116      5372
02:21:04 PM   3992888   4021372   3884436     49.13      2556    242952   8789088     31.98   3635624     74964       116      5372
02:21:09 PM   3992888   4021372   3884436     49.13      2556    242952   8789088     31.98   3635624     74964       116      5372
02:21:14 PM   3992888   4021372   3884436     49.13      2556    242952   8789088     31.98   3635624     74964        20      5372
02:21:19 PM   3992636   4021408   3884400     49.13      2556    243240   8789088     31.98   3635624     75252        20      5372
02:21:24 PM   3992384   4021156   3884652     49.14      2556    243320   8789088     31.98   3635624     75252        80      5372
02:21:29 PM   3992384   4021236   3884572     49.14      2556    243320   8789088     31.98   3635624     75332       100      5372
02:21:34 PM   3992384   4021236   3884572     49.14      2556    243320   8789088     31.98   3635624     75332       100      5372
02:21:39 PM   3992384   4021236   3884572     49.14      2556    243320   8789088     31.98   3635624     75332       100      5372
02:21:44 PM   3992384   4021236   3884572     49.14      2556    243320   8789088     31.98   3635624     75332       100      5372
02:21:49 PM   3992384   4021236   3884572     49.14      2556    243320   8789088     31.98   3635624     75332        20      5372
02:21:54 PM   3992132   4021108   3884700     49.14      2556    243548   8789088     31.98   3635624     75456        24      5372
02:21:59 PM   3992132   4021308   3884500     49.13      2556    243644   8789088     31.98   3635624     75656       104      5372
02:22:04 PM   3992132   4021308   3884500     49.13      2556    243644   8789088     31.98   3635624     75656       116      5372
02:22:09 PM   3992132   4021308   3884500     49.13      2556    243644   8789088     31.98   3635628     75656       116      5372
02:22:14 PM   3992132   4021308   3884500     49.13      2556    243644   8789088     31.98   3635628     75656       116      5372
02:22:19 PM   3992132   4021308   3884500     49.13      2556    243644   8789088     31.98   3635628     75656       116      5372
02:22:24 PM   3991880   4021136   3884672     49.14      2556    243788   8789088     31.98   3635632     75736        20      5372
02:22:29 PM   3991628   4021380   3884428     49.13      2556    244220   8789088     31.98   3635632     76232       180      5372
02:22:34 PM   3991376   4021128   3884680     49.14      2556    244336   8789088     31.98   3635632     76232       280      5372
02:22:39 PM   3991376   4021128   3884680     49.14      2556    244340   8789088     31.98   3635632     76232       300      5372
02:22:44 PM   3991376   4021244   3884564     49.14      2556    244336   8789088     31.98   3635632     76348       296      5372
02:22:49 PM   3991376   4021244   3884564     49.14      2556    244340   8789088     31.98   3635632     76348       300      5372
02:22:54 PM   3991376   4021248   3884560     49.14      2556    244340   8789088     31.98   3635632     76352       188      5372
02:22:59 PM   3991124   4021252   3884556     49.14      2556    244660   8789088     31.98   3635632     76600        28      5372
02:23:04 PM   3991124   4021324   3884484     49.13      2556    244660   8789088     31.98   3635632     76672        28      5372
02:23:09 PM   3991124   4021324   3884484     49.13      2556    244756   8789088     31.98   3635632     76672        96      5372
02:23:14 PM   3991124   4021420   3884388     49.13      2556    244756   8789088     31.98   3635632     76768       116      5372
02:23:19 PM   3991124   4021420   3884388     49.13      2556    244756   8789088     31.98   3635632     76768       116      5372
02:23:24 PM   3991124   4021420   3884388     49.13      2556    244756   8789088     31.98   3635632     76768       116      5372
02:23:29 PM   3991124   4021420   3884388     49.13      2556    244756   8789088     31.98   3635632     76768       116      5372
02:23:34 PM   3991124   4021420   3884388     49.13      2556    244756   8789088     31.98   3635632     76768        20      5372
02:23:39 PM   3990872   4021416   3884392     49.13      2556    245028   8789088     31.98   3635632     77016        20      5372
02:23:44 PM   3990620   4021268   3884540     49.14      2556    245108   8789088     31.98   3635632     77120        80      5372
02:23:49 PM   3990620   4021268   3884540     49.14      2556    245108   8789088     31.98   3635632     77120       100      5372
02:23:54 PM   3990620   4021268   3884540     49.14      2556    245108   8789088     31.98   3635640     77120       100      5372
02:23:59 PM   3990152   4020800   3885008     49.14      2556    245156   8789508     31.98   3635632     77120       360      5372
02:24:04 PM   3990152   4020848   3884960     49.14      2556    245156   8789508     31.98   3635736     77168       360      5372
02:24:09 PM   3990152   4020848   3884960     49.14      2556    245156   8789508     31.98   3635736     77168       232      5372
02:24:14 PM   3989900   4020884   3884924     49.14      2556    245444   8789508     31.98   3635740     77456       232      5372
02:24:19 PM   3989900   4020884   3884924     49.14      2556    245540   8789508     31.98   3635740     77456       308      5372
02:24:24 PM   3989900   4020980   3884828     49.14      2556    245540   8789508     31.98   3635740     77552       328      5372
02:24:29 PM   3989900   4020980   3884828     49.14      2556    245592   8789508     31.98   3635740     77552       168      5372
02:24:34 PM   3989900   4021036   3884772     49.14      2556    245596   8789508     31.98   3635740     77608       172      5372
02:24:39 PM   3989900   4021036   3884772     49.14      2556    245596   8789508     31.98   3635740     77608       172      5372
02:24:44 PM   3989900   4021036   3884772     49.14      2556    245596   8789508     31.98   3635740     77608        28      5372
02:24:49 PM   3989460   4020844   3884964     49.14      2556    245884   8789508     31.98   3635740     77856        28      5372
02:24:54 PM   3989460   4020964   3884844     49.14      2556    245964   8789508     31.98   3635740     77976        80      5372
02:24:59 PM   3989460   4020964   3884844     49.14      2556    245968   8789508     31.98   3635740     77976       104      5372
02:25:04 PM   3989460   4020968   3884840     49.14      2556    245968   8789508     31.98   3635740     77980       104      5372
02:25:09 PM   3989460   4020968   3884840     49.14      2556    245968   8789508     31.98   3635740     77980       104      5372
02:25:14 PM   3989460   4020972   3884836     49.14      2556    245972   8789508     31.98   3635740     77984       108      5372
02:25:19 PM   3989460   4020972   3884836     49.14      2556    245972   8789508     31.98   3635740     77984        28      5372
02:25:24 PM   3989208   4020844   3884964     49.14      2556    246196   8789508     31.98   3635740     78108        28      5372
02:25:29 PM   3989208   4020944   3884864     49.14      2556    246292   8789508     31.98   3635740     78208        96      5372
02:25:34 PM   3989208   4020944   3884864     49.14      2556    246292   8789508     31.98   3635740     78208       116      5372
02:25:39 PM   3989208   4021040   3884768     49.14      2556    246292   8789508     31.98   3635740     78304       116      5372
02:25:44 PM   3989208   4021040   3884768     49.14      2556    246292   8789508     31.98   3635740     78304       116      5372
02:25:49 PM   3989208   4021040   3884768     49.14      2556    246292   8789508     31.98   3635740     78304       116      5372
02:25:54 PM   3989208   4021040   3884768     49.14      2556    246292   8789508     31.98   3635740     78304        20      5372
02:25:59 PM   3988956   4021036   3884772     49.14      2556    246564   8789508     31.98   3635740     78552        20      5372
02:26:04 PM   3988956   4021140   3884668     49.14      2556    246644   8789508     31.98   3635740     78656        80      5372
02:26:09 PM   3988956   4021140   3884668     49.14      2556    246644   8789508     31.98   3635740     78656       100      5372
02:26:14 PM   3988956   4021140   3884668     49.14      2556    246644   8789508     31.98   3635740     78656       100      5372
02:26:19 PM   3988956   4021140   3884668     49.14      2556    246644   8789508     31.98   3635740     78656       100      5372
02:26:24 PM   3988956   4021140   3884668     49.14      2556    246644   8789508     31.98   3635740     78656       100      5372
02:26:29 PM   3988956   4021140   3884668     49.14      2556    246644   8789508     31.98   3635740     78656        20      5372
02:26:34 PM   3988704   4021012   3884796     49.14      2556    246884   8789508     31.98   3635740     78780        20      5372
02:26:39 PM   3988452   4020876   3884932     49.14      2556    246980   8789508     31.98   3635740     78896        96      5372
02:26:44 PM   3988452   4020876   3884932     49.14      2556    246980   8789508     31.98   3635740     78896       116      5372
02:26:49 PM   3988452   4020972   3884836     49.14      2556    246980   8789508     31.98   3635740     78992       116      5372
02:26:54 PM   3988452   4020972   3884836     49.14      2556    246980   8789508     31.98   3635740     78992       116      5372
02:26:59 PM   3988452   4020972   3884836     49.14      2556    246980   8789508     31.98   3635740     78992       116      5372
02:27:04 PM   3988452   4020972   3884836     49.14      2556    246980   8789508     31.98   3635740     78992        20      5372
02:27:09 PM   3988452   4021228   3884580     49.14      2556    247236   8789508     31.98   3635744     79248        20      5372
02:27:14 PM   3988452   4021228   3884580     49.14      2556    247316   8789508     31.98   3635744     79248        80      5372
02:27:19 PM   3988452   4021308   3884500     49.13      2556    247316   8789508     31.98   3635752     79328       100      5372
02:27:24 PM   3988200   4021056   3884752     49.14      2556    247396   8789508     31.98   3635752     79328       296      5372
02:27:29 PM   3987952   4020952   3884856     49.14      2556    247460   8789508     31.98   3635756     79472       180      5372
02:27:34 PM   3987700   4020700   3885108     49.14      2556    247496   8789508     31.98   3635756     79472       296      5372
02:27:39 PM   3987700   4020732   3885076     49.14      2556    247540   8789508     31.98   3635756     79504       180      5372
02:27:44 PM   3987448   4020652   3885156     49.14      2556    247812   8789508     31.98   3635756     79676       132      5372
02:27:49 PM   3987700   4021152   3884656     49.14      2556    247912   8789508     31.98   3635756     79924       208      5372
02:27:54 PM   3987700   4021152   3884656     49.14      2556    247912   8789508     31.98   3635756     79924       116      5372
02:27:59 PM   3987700   4021156   3884652     49.14      2556    247916   8789508     31.98   3635756     79928       120      5372
02:28:04 PM   3987448   4020904   3884904     49.14      2556    247916   8789508     31.98   3635756     79928       120      5372
02:28:09 PM   3985392   4018848   3886960     49.17      2556    247916   8789508     31.98   3637800     79928       120      5372
02:28:14 PM   3985376   4018832   3886976     49.17      2556    247924   8789508     31.98   3637800     79928        32      5372
02:28:19 PM   3985048   4018832   3886976     49.17      2556    248244   8789508     31.98   3637800     80256        32      5372
02:28:24 PM   3984268   4018052   3887756     49.18      2556    248324   8789508     31.98   3637800     80256        80      5372
02:28:29 PM   3984760   4018624   3887184     49.17      2556    248324   8789508     31.98   3637800     80336       100      5372
02:28:34 PM   3983996   4017860   3887948     49.18      2556    248324   8789508     31.98   3637800     80336       100      5372
02:28:39 PM   3984744   4018608   3887200     49.17      2556    248324   8789508     31.98   3637800     80336       100      5372
02:28:44 PM   3984744   4018608   3887200     49.17      2556    248324   8789508     31.98   3637800     80336       100      5372
02:28:49 PM   3984744   4018608   3887200     49.17      2556    248324   8789508     31.98   3637800     80336        20      5372
02:28:54 PM   3984492   4018480   3887328     49.17      2556    248564   8789508     31.98   3637800     80460        20      5372
02:28:59 PM   3986044   4020236   3885572     49.15      2556    248660   8789088     31.98   3637496     80672        96      5372
02:29:04 PM   3986044   4020236   3885572     49.15      2556    248660   8789088     31.98   3637496     80672       116      5372
02:29:09 PM   3986044   4020244   3885564     49.15      2556    248660   8789088     31.98   3637704     80672       116      5372
02:29:14 PM   3986044   4020244   3885564     49.15      2556    248660   8789088     31.98   3637704     80672       116      5372
02:29:19 PM   3986044   4020244   3885564     49.15      2556    248660   8789088     31.98   3637704     80672       116      5372
02:29:24 PM   3986044   4020244   3885564     49.15      2556    248664   8789088     31.98   3637704     80672        24      5372
02:29:29 PM   3986044   4020536   3885272     49.14      2556    248952   8789088     31.98   3637704     80964        24      5372
02:29:34 PM   3986044   4020536   3885272     49.14      2556    249032   8789088     31.98   3637704     80964        80      5372
02:29:39 PM   3986044   4020536   3885272     49.14      2556    249032   8789088     31.98   3637704     80964       100      5372
02:29:44 PM   3985792   4020364   3885444     49.15      2556    249032   8789088     31.98   3637704     81044       100      5372
02:29:49 PM   3985792   4020364   3885444     49.15      2556    249032   8789088     31.98   3637704     81044       100      5372
02:29:54 PM   3985792   4020364   3885444     49.15      2556    249032   8789088     31.98   3637704     81044       100      5372
02:29:59 PM   3985792   4020364   3885444     49.15      2556    249032   8789088     31.98   3637704     81044        20      5372
02:30:04 PM   3985540   4020236   3885572     49.15      2556    249256   8789088     31.98   3637704     81168        20      5372
02:30:09 PM   3985540   4020236   3885572     49.15      2556    249352   8789088     31.98   3637704     81168        96      5372
02:30:14 PM   3985540   4020432   3885376     49.15      2556    249352   8789088     31.98   3637708     81364       116      5372
02:30:19 PM   3985540   4020432   3885376     49.15      2556    249352   8789088     31.98   3637708     81364       116      5372
02:30:24 PM   3985540   4020436   3885372     49.15      2556    249356   8789088     31.98   3637708     81368       120      5372
02:30:29 PM   3985540   4020436   3885372     49.15      2556    249356   8789088     31.98   3637708     81368       120      5372
02:30:34 PM   3985540   4020436   3885372     49.15      2556    249356   8789088     31.98   3637708     81368        24      5372
02:30:39 PM   3985288   4020432   3885376     49.15      2556    249628   8789088     31.98   3637708     81616        24      5372
02:30:44 PM   3985288   4020536   3885272     49.14      2556    249708   8789088     31.98   3637708     81720        80      5372
02:30:49 PM   3985288   4020536   3885272     49.14      2556    249708   8789088     31.98   3637708     81720       100      5372
02:30:54 PM   3985288   4020536   3885272     49.14      2556    249708   8789088     31.98   3637708     81720       100      5372
02:30:59 PM   3985288   4020536   3885272     49.14      2556    249708   8789088     31.98   3637708     81720       100      5372
02:31:04 PM   3985288   4020540   3885268     49.14      2556    249712   8789088     31.98   3637708     81724       104      5372
02:31:09 PM   3985288   4020540   3885268     49.14      2556    249712   8789088     31.98   3637708     81724        24      5372
02:31:14 PM   3985036   4020528   3885280     49.14      2556    249952   8789088     31.98   3637708     81964        24      5372
02:31:19 PM   3984784   4020276   3885532     49.15      2556    250048   8789088     31.98   3637708     81964        96      5372
02:31:24 PM   3984784   4020372   3885436     49.15      2556    250048   8789088     31.98   3637708     82060       116      5372
02:31:29 PM   3984784   4020372   3885436     49.15      2556    250048   8789088     31.98   3637708     82060       116      5372
02:31:34 PM   3984784   4020372   3885436     49.15      2556    250048   8789088     31.98   3637708     82060       116      5372
02:31:39 PM   3984784   4020372   3885436     49.15      2556    250048   8789088     31.98   3637708     82060       116      5372
02:31:44 PM   3984784   4020372   3885436     49.15      2556    250048   8789088     31.98   3637708     82060        20      5372
02:31:49 PM   3984532   4020368   3885440     49.15      2556    250320   8789088     31.98   3637708     82308        20      5372
02:31:54 PM   3984532   4020472   3885336     49.15      2556    250400   8789088     31.98   3637708     82412        80      5372
02:31:59 PM   3984532   4020472   3885336     49.15      2556    250408   8789088     31.98   3637708     82412       108      5372
02:32:04 PM   3984532   4020480   3885328     49.15      2556    250408   8789088     31.98   3637708     82420       108      5372
02:32:09 PM   3984532   4020480   3885328     49.15      2556    250408   8789088     31.98   3637708     82420       108      5372
02:32:14 PM   3984532   4020480   3885328     49.15      2556    250408   8789088     31.98   3637712     82420       108      5372
02:32:19 PM   3984532   4020480   3885328     49.15      2556    250408   8789088     31.98   3637712     82420        28      5372
02:32:24 PM   3983776   4020044   3885764     49.15      2556    250728   8789088     31.98   3637716     82740       144      5372
02:32:29 PM   3983776   4020092   3885716     49.15      2556    250904   8789088     31.98   3637716     82788       292      5372
02:32:34 PM   3983776   4020252   3885556     49.15      2556    250936   8789088     31.98   3637716     82948       284      5372
02:32:39 PM   3983776   4020252   3885556     49.15      2556    250936   8789088     31.98   3637716     82948       284      5372
02:32:44 PM   3983776   4020252   3885556     49.15      2556    250936   8789088     31.98   3637716     82948       308      5372
02:32:49 PM   3983776   4020252   3885556     49.15      2556    250936   8789088     31.98   3637716     82948       308      5372
02:32:54 PM   3983776   4020252   3885556     49.15      2556    250936   8789088     31.98   3637716     82948        20      5372
02:32:59 PM   3983524   4020248   3885560     49.15      2556    251260   8789088     31.98   3637716     83196        24      5372
02:33:04 PM   3983020   4019900   3885908     49.15      2556    251340   8789088     31.98   3637716     83352        80      5372
02:33:09 PM   3983020   4019900   3885908     49.15      2556    251340   8789088     31.98   3637716     83352       100      5372
02:33:14 PM   3983020   4019900   3885908     49.15      2556    251340   8789088     31.98   3637716     83352       100      5372
02:33:19 PM   3983020   4019900   3885908     49.15      2556    251340   8789088     31.98   3637716     83352       100      5372
02:33:24 PM   3983020   4019900   3885908     49.15      2556    251340   8789088     31.98   3637716     83352       100      5372
02:33:29 PM   3983020   4019900   3885908     49.15      2556    251340   8789088     31.98   3637716     83352        20      5372
02:33:34 PM   3983020   4020024   3885784     49.15      2556    251580   8789088     31.98   3637716     83476        20      5372
02:33:39 PM   3983020   4020140   3885668     49.15      2556    251676   8789088     31.98   3637716     83592        96      5372
02:33:44 PM   3983020   4020140   3885668     49.15      2556    251676   8789088     31.98   3637716     83592       116      5372
02:33:49 PM   3983020   4020236   3885572     49.15      2556    251676   8789088     31.98   3637716     83688       116      5372
02:33:54 PM   3983020   4020236   3885572     49.15      2556    251676   8789088     31.98   3637716     83688       116      5372
02:33:59 PM   3983020   4020236   3885572     49.15      2556    251676   8789088     31.98   3637372     83688       116      5372
02:34:04 PM   3983020   4020232   3885576     49.15      2556    251676   8789088     31.98   3637596     83688        20      5372
02:34:09 PM   3982768   4020236   3885572     49.15      2556    251952   8789088     31.98   3637716     83940        24      5372
02:34:14 PM   3982768   4020260   3885548     49.15      2556    252032   8789088     31.98   3637716     83964        80      5372
02:34:19 PM   3982768   4020340   3885468     49.15      2556    252032   8789088     31.98   3637716     84044       100      5372
02:34:24 PM   3982768   4020340   3885468     49.15      2556    252032   8789088     31.98   3637716     84044       100      5372
02:34:29 PM   3982768   4020340   3885468     49.15      2556    252032   8789088     31.98   3637716     84044       100      5372
02:34:34 PM   3982768   4020340   3885468     49.15      2556    252032   8789088     31.98   3637716     84044       100      5372
02:34:39 PM   3982768   4020340   3885468     49.15      2556    252032   8789088     31.98   3637720     84044        20      5372
02:34:44 PM   3982516   4020212   3885596     49.15      2556    252272   8789088     31.98   3637720     84168        20      5372
02:34:49 PM   3982516   4020424   3885384     49.15      2556    252368   8789088     31.98   3637720     84380        96      5372
02:34:54 PM   3982516   4020424   3885384     49.15      2556    252368   8789088     31.98   3637720     84380       116      5372
02:34:59 PM   3982516   4020424   3885384     49.15      2556    252368   8789088     31.98   3637720     84380       116      5372
02:35:04 PM   3982516   4020424   3885384     49.15      2556    252368   8789088     31.98   3637720     84380       116      5372
02:35:09 PM   3982516   4020424   3885384     49.15      2556    252368   8789088     31.98   3637720     84380       116      5372
02:35:14 PM   3982516   4020424   3885384     49.15      2556    252368   8789088     31.98   3637720     84380        20      5372
02:35:19 PM   3982264   4020444   3885364     49.15      2556    252640   8789088     31.98   3637724     84652        20      5372
02:35:24 PM   3982264   4020444   3885364     49.15      2556    252720   8789088     31.98   3637724     84652        80      5372
02:35:29 PM   3982264   4020524   3885284     49.14      2556    252720   8789088     31.98   3637724     84732       100      5372
02:35:34 PM   3982264   4020524   3885284     49.14      2556    252724   8789088     31.98   3637724     84732       104      5372
02:35:39 PM   3982264   4020536   3885272     49.14      2556    252732   8789088     31.98   3637724     84744       112      5372
02:35:44 PM   3982264   4020536   3885272     49.14      2556    252732   8789088     31.98   3637724     84744       112      5372
02:35:49 PM   3982264   4020536   3885272     49.14      2556    252732   8789088     31.98   3637724     84744        32      5372
02:35:54 PM   3982012   4020408   3885400     49.15      2556    252960   8789088     31.98   3637724     84868        36      5372
02:35:59 PM   3981760   4020356   3885452     49.15      2556    253056   8789088     31.98   3637724     85068        96      5372
02:36:04 PM   3981760   4020356   3885452     49.15      2556    253056   8789088     31.98   3637724     85068       116      5372
02:36:09 PM   3981760   4020356   3885452     49.15      2556    253056   8789088     31.98   3637724     85068       116      5372
02:36:14 PM   3981760   4020356   3885452     49.15      2556    253056   8789088     31.98   3637724     85068       116      5372
02:36:19 PM   3981760   4020356   3885452     49.15      2556    253056   8789088     31.98   3637724     85068       116      5372
02:36:24 PM   3981760   4020356   3885452     49.15      2556    253056   8789088     31.98   3637724     85068        20      5372
02:36:29 PM   3981760   4020604   3885204     49.14      2556    253328   8789088     31.98   3637724     85316        20      5372
02:36:34 PM   3981760   4020628   3885180     49.14      2556    253408   8789088     31.98   3637724     85340        80      5372
02:36:39 PM   3981760   4020628   3885180     49.14      2556    253408   8789088     31.98   3637724     85340       100      5372
02:36:44 PM   3981760   4020708   3885100     49.14      2556    253408   8789088     31.98   3637724     85420       100      5372
02:36:49 PM   3981760   4020708   3885100     49.14      2556    253408   8789088     31.98   3637724     85420       100      5372
02:36:54 PM   3981760   4020708   3885100     49.14      2556    253408   8789088     31.98   3637724     85420       100      5372
02:36:59 PM   3981760   4020708   3885100     49.14      2556    253408   8789088     31.98   3637724     85420        20      5372
02:37:04 PM   3981760   4020832   3884976     49.14      2556    253648   8789088     31.98   3637724     85544        20      5372
02:37:09 PM   3981508   4020824   3884984     49.14      2556    253780   8789088     31.98   3637724     85788       128      5372
02:37:14 PM   3981508   4020828   3884980     49.14      2556    253780   8789088     31.98   3637728     85792       148      5372
02:37:19 PM   3981508   4020828   3884980     49.14      2556    253780   8789088     31.98   3637728     85792       148      5372
02:37:24 PM   3981508   4020876   3884932     49.14      2556    253860   8789088     31.98   3637728     85840       344      5372
02:37:29 PM   3981508   4020876   3884932     49.14      2556    253860   8789088     31.98   3637728     85840       344      5372
02:37:34 PM   3981256   4020720   3885088     49.14      2556    253972   8789088     31.98   3637728     85936        68      5372
02:37:39 PM   3980500   4020212   3885596     49.15      2556    254308   8789088     31.98   3637728     86184        20      5372
02:37:44 PM   3980500   4020508   3885300     49.14      2556    254500   8789088     31.98   3637728     86480       272      5372
02:37:49 PM   3980500   4020508   3885300     49.14      2556    254500   8789088     31.98   3637728     86480       292      5372
02:37:54 PM   3980500   4020540   3885268     49.14      2556    254500   8789088     31.98   3637728     86512       180      5372
02:37:59 PM   3980500   4020540   3885268     49.14      2556    254500   8789088     31.98   3637728     86512       180      5372
02:38:04 PM   3980500   4020540   3885268     49.14      2556    254500   8789088     31.98   3637728     86512       180      5372
02:38:09 PM   3980500   4020540   3885268     49.14      2556    254504   8789088     31.98   3637728     86512        24      5372
02:38:14 PM   3980248   4020620   3885188     49.14      2556    254824   8789088     31.98   3637728     86836        24      5372
02:38:19 PM   3980248   4020620   3885188     49.14      2556    254920   8789088     31.98   3637728     86836        96      5372
02:38:24 PM   3980248   4020716   3885092     49.14      2556    254920   8789088     31.98   3637728     86932       116      5372
02:38:29 PM   3980248   4020716   3885092     49.14      2556    254920   8789088     31.98   3637728     86932       116      5372
02:38:34 PM   3980248   4020716   3885092     49.14      2556    254920   8789088     31.98   3637728     86932       116      5372
02:38:39 PM   3980248   4020716   3885092     49.14      2556    254920   8789088     31.98   3637728     86932       116      5372
02:38:44 PM   3980248   4020716   3885092     49.14      2556    254920   8789088     31.98   3637728     86932        20      5372
02:38:49 PM   3980248   4020956   3884852     49.14      2556    255192   8789088     31.98   3637736     87172        20      5372
02:38:54 PM   3979996   4020816   3884992     49.14      2556    255272   8789088     31.98   3637736     87284        80      5372
02:38:59 PM   3979996   4020816   3884992     49.14      2556    255272   8789088     31.98   3637736     87284       100      5372
02:39:04 PM   3979744   4020564   3885244     49.14      2556    255272   8789088     31.98   3637744     87284       100      5372
02:39:09 PM   3979744   4020564   3885244     49.14      2556    255272   8789088     31.98   3637744     87284       100      5372
02:39:14 PM   3979744   4020564   3885244     49.14      2556    255272   8789088     31.98   3637744     87284       100      5372
02:39:19 PM   3979744   4020564   3885244     49.14      2556    255272   8789088     31.98   3637744     87284        20      5372
02:39:24 PM   3979492   4020544   3885264     49.14      2556    255504   8789088     31.98   3637744     87516        28      5372
02:39:29 PM   3979492   4020544   3885264     49.14      2556    255584   8789088     31.98   3637744     87516        80      5372
02:39:34 PM   3979492   4020624   3885184     49.14      2556    255584   8789088     31.98   3637744     87596       100      5372
02:39:39 PM   3979492   4020624   3885184     49.14      2556    255584   8789088     31.98   3637744     87596       100      5372
02:39:44 PM   3979492   4020624   3885184     49.14      2556    255584   8789088     31.98   3637744     87596       100      5372
Average:      3986774   4017899   3887909     49.18      2556    245613   8788239     31.98   3636955     77605       113      5372
