Linux 7.0.10-arch1-1 (archlinux) 	05/28/2026 	_x86_64_	(4 CPU)

05:15:48 PM   %sio-10   %sio-60  %sio-300      %sio   %fio-10   %fio-60  %fio-300      %fio
05:15:53 PM      0.00      0.03      0.02      0.04      0.00      0.02      0.00      0.04
05:15:58 PM      0.00      0.02      0.01      0.00      0.00      0.01      0.00      0.00
05:16:03 PM      0.00      0.02      0.01      0.00      0.00      0.01      0.00      0.00
05:16:08 PM      0.00      0.02      0.01      0.00      0.00      0.01      0.00      0.00
05:16:13 PM      0.00      0.02      0.01      0.00      0.00      0.01      0.00      0.00
05:16:18 PM      0.00      0.01      0.01      0.00      0.00      0.01      0.00      0.00
05:16:23 PM      0.00      0.01      0.01      0.00      0.00      0.01      0.00      0.00
05:16:28 PM      0.00      0.01      0.01      0.00      0.00      0.00      0.00      0.00
05:16:33 PM      0.00      0.01      0.01      0.00      0.00      0.00      0.00      0.00
05:16:38 PM      0.00      0.01      0.00      0.01      0.00      0.00      0.00      0.00
05:16:43 PM      0.00      0.01      0.00      0.00      0.00      0.00      0.00      0.00
05:16:48 PM      0.00      0.00      0.00      0.00      0.00      0.00      0.00      0.00
05:16:53 PM      0.00      0.00      0.00      0.00      0.00      0.00      0.00      0.00
05:16:58 PM      0.00      0.00      0.00      0.00      0.00      0.00      0.00      0.00
05:17:03 PM      0.00      0.00      0.00      0.00      0.00      0.00      0.00      0.00
05:17:08 PM      0.00      0.00      0.00      0.00      0.00      0.00      0.00      0.00
05:17:13 PM      0.00      0.00      0.00      0.01      0.00      0.00      0.00      0.00
05:17:18 PM      0.00      0.00      0.00      0.00      0.00      0.00      0.00      0.00
05:17:23 PM      0.00      0.00      0.00      0.00      0.00      0.00      0.00      0.00
05:17:28 PM      0.00      0.00      0.00      0.00      0.00      0.00      0.00      0.00
05:17:33 PM      0.00      0.00      0.00      0.02      0.00      0.00      0.00      0.01
05:17:38 PM      0.00      0.00      0.00      0.00      0.00      0.00      0.00      0.00
05:17:43 PM      0.00      0.00      0.00      0.00      0.00      0.00      0.00      0.00
05:17:48 PM      0.00      0.00      0.00      0.00      0.00      0.00      0.00      0.00
05:17:53 PM      0.00      0.00      0.00      0.01      0.00      0.00      0.00      0.00
05:17:58 PM      0.00      0.00      0.00      0.00      0.00      0.00      0.00      0.00
05:18:03 PM      0.00      0.00      0.00      0.00      0.00      0.00      0.00      0.00
05:18:08 PM      0.00      0.00      0.00      0.00      0.00      0.00      0.00      0.00
05:18:13 PM      0.00      0.00      0.00      0.00      0.00      0.00      0.00      0.00
05:18:18 PM      0.00      0.00      0.00      0.00      0.00      0.00      0.00      0.00
05:18:23 PM      0.00      0.00      0.00      0.00      0.00      0.00      0.00      0.00
05:18:28 PM      0.00      0.00      0.00      0.00      0.00      0.00      0.00      0.00
05:18:33 PM      0.00      0.00      0.00      0.00      0.00      0.00      0.00      0.00
05:18:38 PM      0.00      0.00      0.00      0.00      0.00      0.00      0.00      0.00
05:18:43 PM      0.00      0.00      0.00      0.00      0.00      0.00      0.00      0.00
05:18:48 PM      0.00      0.00      0.00      0.04      0.00      0.00      0.00      0.02
05:18:53 PM      0.00      0.00      0.00      0.00      0.00      0.00      0.00      0.00
05:18:58 PM      0.00      0.00      0.00      0.00      0.00      0.00      0.00      0.00
05:19:03 PM      0.00      0.00      0.00      0.00      0.00      0.00      0.00      0.00
05:19:08 PM      0.00      0.00      0.00      0.00      0.00      0.00      0.00      0.00
05:19:13 PM      0.00      0.00      0.00      0.00      0.00      0.00      0.00      0.00
05:19:18 PM      0.00      0.00      0.00      0.00      0.00      0.00      0.00      0.00
05:19:23 PM      0.00      0.00      0.00      0.00      0.00      0.00      0.00      0.00
05:19:28 PM      0.00      0.00      0.00      0.00      0.00      0.00      0.00      0.00
05:19:33 PM      0.00      0.00      0.00      0.00      0.00      0.00      0.00      0.00
05:19:38 PM      0.00      0.00      0.00      0.00      0.00      0.00      0.00      0.00
05:19:43 PM      0.00      0.00      0.00      0.00      0.00      0.00      0.00      0.00
05:19:48 PM      0.00      0.00      0.00      0.02      0.00      0.00      0.00      0.01
05:19:53 PM      0.00      0.00      0.00      0.00      0.00      0.00      0.00      0.00
05:19:58 PM      0.00      0.00      0.00      0.00      0.00      0.00      0.00      0.00
05:20:03 PM      0.00      0.00      0.00      0.00      0.00      0.00      0.00      0.00
05:20:08 PM      0.00      0.00      0.00      0.00      0.00      0.00      0.00      0.00
05:20:13 PM      0.00      0.00      0.00      0.00      0.00      0.00      0.00      0.00
05:20:18 PM      0.00      0.00      0.00      0.00      0.00      0.00      0.00      0.00
05:20:23 PM      0.00      0.00      0.00      0.00      0.00      0.00      0.00      0.00
05:20:28 PM      0.00      0.00      0.00      0.00      0.00      0.00      0.00      0.00
05:20:33 PM      0.00      0.00      0.00      0.00      0.00      0.00      0.00      0.00
05:20:38 PM      0.00      0.00      0.00      0.00      0.00      0.00      0.00      0.00
05:20:43 PM      0.00      0.00      0.00      0.00      0.00      0.00      0.00      0.00
05:20:48 PM      0.00      0.00      0.00      0.01      0.00      0.00      0.00      0.00
05:20:53 PM      0.00      0.00      0.00      0.01      0.00      0.00      0.00      0.00
05:20:58 PM      0.00      0.00      0.00      0.01      0.00      0.00      0.00      0.01
05:21:03 PM      0.00      0.00      0.00      0.00      0.00      0.00      0.00      0.00
05:21:08 PM      0.00      0.00      0.00      0.01      0.00      0.00      0.00      0.01
05:21:13 PM      0.00      0.00      0.00      0.00      0.00      0.00      0.00      0.00
05:21:18 PM      0.00      0.00      0.00      0.00      0.00      0.00      0.00      0.00
05:21:23 PM      0.00      0.00      0.00      0.00      0.00      0.00      0.00      0.00
05:21:28 PM      0.00      0.00      0.00      0.00      0.00      0.00      0.00      0.00
05:21:33 PM      0.00      0.00      0.00      0.00      0.00      0.00      0.00      0.00
05:21:38 PM      0.00      0.00      0.00      0.00      0.00      0.00      0.00      0.00
05:21:43 PM      0.00      0.00      0.00      0.00      0.00      0.00      0.00      0.00
05:21:48 PM      0.00      0.00      0.00      0.00      0.00      0.00      0.00      0.00
05:21:53 PM      0.00      0.00      0.00      0.00      0.00      0.00      0.00      0.00
05:21:58 PM      0.00      0.00      0.00      0.00      0.00      0.00      0.00      0.00
05:22:03 PM      0.00      0.00      0.00      0.00      0.00      0.00      0.00      0.00
05:22:08 PM      0.00      0.00      0.00      0.00      0.00      0.00      0.00      0.00
05:22:13 PM      0.00      0.00      0.00      0.00      0.00      0.00      0.00      0.00
05:22:18 PM      0.00      0.00      0.00      0.00      0.00      0.00      0.00      0.00
05:22:23 PM      0.00      0.00      0.00      0.00      0.00      0.00      0.00      0.00
05:22:28 PM      0.00      0.00      0.00      0.00      0.00      0.00      0.00      0.00
05:22:33 PM      0.00      0.00      0.00      0.01      0.00      0.00      0.00      0.00
05:22:38 PM      0.00      0.00      0.00      0.00      0.00      0.00      0.00      0.00
05:22:43 PM      0.00      0.00      0.00      0.00      0.00      0.00      0.00      0.00
05:22:48 PM      0.00      0.00      0.00      0.00      0.00      0.00      0.00      0.00
05:22:53 PM      0.00      0.00      0.00      0.00      0.00      0.00      0.00      0.00
05:22:58 PM      0.00      0.00      0.00      0.00      0.00      0.00      0.00      0.00
05:23:03 PM      0.00      0.00      0.00      0.00      0.00      0.00      0.00      0.00
05:23:08 PM      0.00      0.00      0.00      0.00      0.00      0.00      0.00      0.00
05:23:13 PM      0.00      0.00      0.00      0.00      0.00      0.00      0.00      0.00
05:23:18 PM      0.00      0.00      0.00      0.00      0.00      0.00      0.00      0.00
05:23:23 PM      0.00      0.00      0.00      0.00      0.00      0.00      0.00      0.00
05:23:28 PM      0.00      0.00      0.00      0.00      0.00      0.00      0.00      0.00
05:23:33 PM      0.00      0.00      0.00      0.01      0.00      0.00      0.00      0.01
05:23:38 PM      0.00      0.00      0.00      0.00      0.00      0.00      0.00      0.00
05:23:43 PM      0.00      0.00      0.00      0.00      0.00      0.00      0.00      0.00
05:23:48 PM      0.00      0.00      0.00      0.04      0.00      0.00      0.00      0.02
05:23:53 PM      0.00      0.00      0.00      0.00      0.00      0.00      0.00      0.00
05:23:58 PM      0.00      0.00      0.00      0.00      0.00      0.00      0.00      0.00
05:24:03 PM      0.00      0.00      0.00      0.00      0.00      0.00      0.00      0.00
05:24:08 PM      0.00      0.00      0.00      0.00      0.00      0.00      0.00      0.00
05:24:13 PM      0.00      0.00      0.00      0.00      0.00      0.00      0.00      0.00
05:24:18 PM      0.00      0.00      0.00      0.00      0.00      0.00      0.00      0.00
05:24:23 PM      0.00      0.00      0.00      0.00      0.00      0.00      0.00      0.00
05:24:28 PM      0.00      0.00      0.00      0.00      0.00      0.00      0.00      0.00
05:24:33 PM      0.00      0.00      0.00      0.00      0.00      0.00      0.00      0.00
05:24:38 PM      0.00      0.00      0.00      0.00      0.00      0.00      0.00      0.00
05:24:43 PM      0.00      0.00      0.00      0.00      0.00      0.00      0.00      0.00
05:24:48 PM      0.00      0.00      0.00      0.00      0.00      0.00      0.00      0.00
05:24:53 PM      0.00      0.00      0.00      0.00      0.00      0.00      0.00      0.00
05:24:58 PM      0.00      0.00      0.00      0.00      0.00      0.00      0.00      0.00
05:25:03 PM      0.00      0.00      0.00      0.00      0.00      0.00      0.00      0.00
05:25:08 PM      0.00      0.00      0.00      0.00      0.00      0.00      0.00      0.00
05:25:13 PM      0.00      0.00      0.00      0.00      0.00      0.00      0.00      0.00
05:25:18 PM      0.00      0.00      0.00      0.00      0.00      0.00      0.00      0.00
05:25:23 PM      0.00      0.00      0.00      0.00      0.00      0.00      0.00      0.00
05:25:28 PM      0.00      0.00      0.00      0.00      0.00      0.00      0.00      0.00
05:25:33 PM      0.00      0.00      0.00      0.00      0.00      0.00      0.00      0.00
05:25:38 PM      0.00      0.00      0.00      0.00      0.00      0.00      0.00      0.00
05:25:43 PM      0.00      0.00      0.00      0.00      0.00      0.00      0.00      0.00
05:25:48 PM      0.00      0.00      0.00      0.00      0.00      0.00      0.00      0.00
05:25:53 PM      0.00      0.00      0.00      0.00      0.00      0.00      0.00      0.00
05:25:58 PM      0.00      0.00      0.00      0.00      0.00      0.00      0.00      0.00
05:26:03 PM      0.00      0.00      0.00      0.00      0.00      0.00      0.00      0.00
05:26:08 PM      0.00      0.00      0.00      0.00      0.00      0.00      0.00      0.00
05:26:13 PM      0.00      0.00      0.00      0.00      0.00      0.00      0.00      0.00
05:26:18 PM      0.00      0.00      0.00      0.00      0.00      0.00      0.00      0.00
05:26:23 PM      0.00      0.00      0.00      0.00      0.00      0.00      0.00      0.00
05:26:28 PM      0.00      0.00      0.00      0.00      0.00      0.00      0.00      0.00
05:26:33 PM      0.00      0.00      0.00      0.00      0.00      0.00      0.00      0.00
05:26:38 PM      0.00      0.00      0.00      0.00      0.00      0.00      0.00      0.00
05:26:43 PM      0.00      0.00      0.00      0.00      0.00      0.00      0.00      0.00
05:26:48 PM      0.00      0.00      0.00      0.00      0.00      0.00      0.00      0.00
05:26:53 PM      0.00      0.00      0.00      0.00      0.00      0.00      0.00      0.00
05:26:58 PM      0.00      0.00      0.00      0.00      0.00      0.00      0.00      0.00
05:27:03 PM      0.00      0.00      0.00      0.00      0.00      0.00      0.00      0.00
05:27:08 PM      0.00      0.00      0.00      0.00      0.00      0.00      0.00      0.00
05:27:13 PM      0.00      0.00      0.00      0.00      0.00      0.00      0.00      0.00
05:27:18 PM      0.00      0.00      0.00      0.00      0.00      0.00      0.00      0.00
05:27:23 PM      0.00      0.00      0.00      0.00      0.00      0.00      0.00      0.00
05:27:28 PM      0.00      0.00      0.00      0.00      0.00      0.00      0.00      0.00
05:27:33 PM      0.00      0.00      0.00      0.00      0.00      0.00      0.00      0.00
05:27:38 PM      0.00      0.00      0.00      0.00      0.00      0.00      0.00      0.00
05:27:43 PM      0.00      0.00      0.00      0.00      0.00      0.00      0.00      0.00
05:27:48 PM      0.00      0.00      0.00      0.00      0.00      0.00      0.00      0.00
05:27:53 PM      0.00      0.00      0.00      0.00      0.00      0.00      0.00      0.00
05:27:58 PM      0.00      0.00      0.00      0.00      0.00      0.00      0.00      0.00
05:28:03 PM      0.00      0.00      0.00      0.00      0.00      0.00      0.00      0.00
05:28:08 PM      0.00      0.00      0.00      0.01      0.00      0.00      0.00      0.01
05:28:13 PM      0.00      0.00      0.00      0.00      0.00      0.00      0.00      0.00
05:28:18 PM      0.00      0.00      0.00      0.00      0.00      0.00      0.00      0.00
05:28:23 PM      0.00      0.00      0.00      0.00      0.00      0.00      0.00      0.00
05:28:28 PM      0.00      0.00      0.00      0.00      0.00      0.00      0.00      0.00
05:28:33 PM      0.00      0.00      0.00      0.00      0.00      0.00      0.00      0.00
05:28:38 PM      0.00      0.00      0.00      0.02      0.00      0.00      0.00      0.01
05:28:43 PM      0.00      0.00      0.00      0.00      0.00      0.00      0.00      0.00
05:28:48 PM      0.00      0.00      0.00      0.00      0.00      0.00      0.00      0.00
05:28:53 PM      0.00      0.00      0.00      0.00      0.00      0.00      0.00      0.00
05:28:58 PM      0.00      0.00      0.00      0.00      0.00      0.00      0.00      0.00
05:29:03 PM      0.00      0.00      0.00      0.00      0.00      0.00      0.00      0.00
05:29:08 PM      0.00      0.00      0.00      0.00      0.00      0.00      0.00      0.00
05:29:13 PM      0.00      0.00      0.00      0.00      0.00      0.00      0.00      0.00
05:29:18 PM      0.00      0.00      0.00      0.00      0.00      0.00      0.00      0.00
05:29:23 PM      0.00      0.00      0.00      0.00      0.00      0.00      0.00      0.00
05:29:28 PM      0.00      0.00      0.00      0.00      0.00      0.00      0.00      0.00
05:29:33 PM      0.00      0.00      0.00      0.00      0.00      0.00      0.00      0.00
05:29:38 PM      0.00      0.00      0.00      0.00      0.00      0.00      0.00      0.00
05:29:43 PM      0.00      0.00      0.00      0.00      0.00      0.00      0.00      0.00
05:29:48 PM      0.00      0.00      0.00      0.00      0.00      0.00      0.00      0.00
05:29:53 PM      0.00      0.00      0.00      0.00      0.00      0.00      0.00      0.00
05:29:58 PM      0.00      0.00      0.00      0.00      0.00      0.00      0.00      0.00
05:30:03 PM      0.00      0.00      0.00      0.00      0.00      0.00      0.00      0.00
05:30:08 PM      0.00      0.00      0.00      0.00      0.00      0.00      0.00      0.00
05:30:13 PM      0.00      0.00      0.00      0.00      0.00      0.00      0.00      0.00
05:30:18 PM      0.00      0.00      0.00      0.00      0.00      0.00      0.00      0.00
05:30:23 PM      0.00      0.00      0.00      0.00      0.00      0.00      0.00      0.00
05:30:28 PM      0.00      0.00      0.00      0.00      0.00      0.00      0.00      0.00
05:30:33 PM      0.00      0.00      0.00      0.00      0.00      0.00      0.00      0.00
05:30:38 PM      0.00      0.00      0.00      0.01      0.00      0.00      0.00      0.01
05:30:43 PM      0.00      0.00      0.00      0.00      0.00      0.00      0.00      0.00
05:30:48 PM      0.00      0.00      0.00      0.00      0.00      0.00      0.00      0.00
05:30:53 PM      0.00      0.00      0.00      0.00      0.00      0.00      0.00      0.00
05:30:58 PM      0.00      0.00      0.00      0.00      0.00      0.00      0.00      0.00
05:31:03 PM      0.00      0.00      0.00      0.00      0.00      0.00      0.00      0.00
05:31:08 PM      0.00      0.00      0.00      0.00      0.00      0.00      0.00      0.00
05:31:13 PM      0.00      0.00      0.00      0.00      0.00      0.00      0.00      0.00
05:31:18 PM      0.00      0.00      0.00      0.00      0.00      0.00      0.00      0.00
05:31:23 PM      0.00      0.00      0.00      0.00      0.00      0.00      0.00      0.00
05:31:28 PM      0.00      0.00      0.00      0.00      0.00      0.00      0.00      0.00
05:31:33 PM      0.00      0.00      0.00      0.00      0.00      0.00      0.00      0.00
05:31:38 PM      0.00      0.00      0.00      0.00      0.00      0.00      0.00      0.00
05:31:43 PM      0.00      0.00      0.00      0.00      0.00      0.00      0.00      0.00
05:31:48 PM      0.00      0.00      0.00      0.00      0.00      0.00      0.00      0.00
05:31:53 PM      0.00      0.00      0.00      0.00      0.00      0.00      0.00      0.00
05:31:58 PM      0.00      0.00      0.00      0.00      0.00      0.00      0.00      0.00
05:32:03 PM      0.00      0.00      0.00      0.00      0.00      0.00      0.00      0.00
05:32:08 PM      0.00      0.00      0.00      0.00      0.00      0.00      0.00      0.00
05:32:13 PM      0.00      0.00      0.00      0.00      0.00      0.00      0.00      0.00
05:32:18 PM      0.00      0.00      0.00      0.00      0.00      0.00      0.00      0.00
05:32:23 PM      0.00      0.00      0.00      0.00      0.00      0.00      0.00      0.00
05:32:28 PM      0.00      0.00      0.00      0.00      0.00      0.00      0.00      0.00
05:32:33 PM      0.00      0.00      0.00      0.00      0.00      0.00      0.00      0.00
05:32:38 PM      0.00      0.00      0.00      0.00      0.00      0.00      0.00      0.00
05:32:43 PM      0.00      0.00      0.00      0.00      0.00      0.00      0.00      0.00
05:32:48 PM      0.00      0.00      0.00      0.00      0.00      0.00      0.00      0.00
05:32:53 PM      0.00      0.00      0.00      0.00      0.00      0.00      0.00      0.00
05:32:58 PM      0.00      0.00      0.00      0.00      0.00      0.00      0.00      0.00
05:33:03 PM      0.00      0.00      0.00      0.00      0.00      0.00      0.00      0.00
05:33:08 PM      0.00      0.00      0.00      0.00      0.00      0.00      0.00      0.00
05:33:13 PM      0.00      0.00      0.00      0.01      0.00      0.00      0.00      0.01
05:33:18 PM      0.00      0.00      0.00      0.00      0.00      0.00      0.00      0.00
05:33:23 PM      0.00      0.00      0.00      0.00      0.00      0.00      0.00      0.00
05:33:28 PM      0.00      0.00      0.00      0.00      0.00      0.00      0.00      0.00
05:33:33 PM      0.00      0.00      0.00      0.00      0.00      0.00      0.00      0.00
05:33:38 PM      0.00      0.00      0.00      0.00      0.00      0.00      0.00      0.00
05:33:43 PM      0.00      0.00      0.00      0.00      0.00      0.00      0.00      0.00
05:33:48 PM      0.00      0.00      0.00      0.00      0.00      0.00      0.00      0.00
05:33:53 PM      0.00      0.00      0.00      0.00      0.00      0.00      0.00      0.00
05:33:58 PM      0.00      0.00      0.00      0.00      0.00      0.00      0.00      0.00
05:34:03 PM      0.00      0.00      0.00      0.00      0.00      0.00      0.00      0.00
05:34:08 PM      0.00      0.00      0.00      0.00      0.00      0.00      0.00      0.00
05:34:13 PM      0.00      0.00      0.00      0.00      0.00      0.00      0.00      0.00
05:34:18 PM      0.00      0.00      0.00      0.00      0.00      0.00      0.00      0.00
05:34:23 PM      0.00      0.00      0.00      0.00      0.00      0.00      0.00      0.00
05:34:28 PM      0.00      0.00      0.00      0.00      0.00      0.00      0.00      0.00
05:34:33 PM      0.00      0.00      0.00      0.00      0.00      0.00      0.00      0.00
05:34:38 PM      0.00      0.00      0.00      0.00      0.00      0.00      0.00      0.00
05:34:43 PM      0.00      0.00      0.00      0.00      0.00      0.00      0.00      0.00
05:34:48 PM      0.00      0.00      0.00      0.00      0.00      0.00      0.00      0.00
05:34:53 PM      0.00      0.00      0.00      0.00      0.00      0.00      0.00      0.00
05:34:58 PM      0.00      0.00      0.00      0.00      0.00      0.00      0.00      0.00
05:35:03 PM      0.00      0.00      0.00      0.00      0.00      0.00      0.00      0.00
05:35:08 PM      0.00      0.00      0.00      0.00      0.00      0.00      0.00      0.00
05:35:13 PM      0.00      0.00      0.00      0.00      0.00      0.00      0.00      0.00
05:35:18 PM      0.00      0.00      0.00      0.00      0.00      0.00      0.00      0.00
05:35:23 PM      0.00      0.00      0.00      0.00      0.00      0.00      0.00      0.00
05:35:28 PM      0.00      0.00      0.00      0.00      0.00      0.00      0.00      0.00
05:35:33 PM      0.00      0.00      0.00      0.00      0.00      0.00      0.00      0.00
05:35:38 PM      0.00      0.00      0.00      0.00      0.00      0.00      0.00      0.00
05:35:43 PM      0.00      0.00      0.00      0.00      0.00      0.00      0.00      0.00
05:35:48 PM      0.00      0.00      0.00      0.00      0.00      0.00      0.00      0.00
05:35:53 PM      0.00      0.00      0.00      0.00      0.00      0.00      0.00      0.00
05:35:58 PM      0.00      0.00      0.00      0.00      0.00      0.00      0.00      0.00
05:36:03 PM      0.00      0.00      0.00      0.00      0.00      0.00      0.00      0.00
05:36:08 PM      0.00      0.00      0.00      0.00      0.00      0.00      0.00      0.00
05:36:13 PM      0.00      0.00      0.00      0.00      0.00      0.00      0.00      0.00
05:36:18 PM      0.00      0.00      0.00      0.00      0.00      0.00      0.00      0.00
05:36:23 PM      0.00      0.00      0.00      0.00      0.00      0.00      0.00      0.00
05:36:28 PM      0.00      0.00      0.00      0.01      0.00      0.00      0.00      0.01
05:36:33 PM      0.00      0.00      0.00      0.00      0.00      0.00      0.00      0.00
05:36:38 PM      0.00      0.00      0.00      0.00      0.00      0.00      0.00      0.00
05:36:43 PM      0.00      0.00      0.00      0.00      0.00      0.00      0.00      0.00
05:36:48 PM      0.00      0.00      0.00      0.00      0.00      0.00      0.00      0.00
05:36:53 PM      0.00      0.00      0.00      0.00      0.00      0.00      0.00      0.00
05:36:58 PM      0.00      0.00      0.00      0.00      0.00      0.00      0.00      0.00
05:37:03 PM      0.00      0.00      0.00      0.00      0.00      0.00      0.00      0.00
05:37:08 PM      0.00      0.00      0.00      0.00      0.00      0.00      0.00      0.00
05:37:13 PM      0.00      0.00      0.00      0.00      0.00      0.00      0.00      0.00
05:37:18 PM      0.00      0.00      0.00      0.00      0.00      0.00      0.00      0.00
05:37:23 PM      0.00      0.00      0.00      0.00      0.00      0.00      0.00      0.00
05:37:28 PM      0.00      0.00      0.00      0.00      0.00      0.00      0.00      0.00
05:37:33 PM      0.00      0.00      0.00      0.00      0.00      0.00      0.00      0.00
05:37:38 PM      0.00      0.00      0.00      0.00      0.00      0.00      0.00      0.00
05:37:43 PM      0.00      0.00      0.00      0.00      0.00      0.00      0.00      0.00
05:37:48 PM      0.00      0.00      0.00      0.00      0.00      0.00      0.00      0.00
05:37:53 PM      0.00      0.00      0.00      0.00      0.00      0.00      0.00      0.00
05:37:58 PM      0.00      0.00      0.00      0.00      0.00      0.00      0.00      0.00
05:38:03 PM      0.00      0.00      0.00      0.00      0.00      0.00      0.00      0.00
05:38:08 PM      0.00      0.00      0.00      0.00      0.00      0.00      0.00      0.00
05:38:13 PM      0.00      0.00      0.00      0.00      0.00      0.00      0.00      0.00
05:38:18 PM      0.00      0.00      0.00      0.00      0.00      0.00      0.00      0.00
05:38:23 PM      0.00      0.00      0.00      0.00      0.00      0.00      0.00      0.00
05:38:28 PM      0.00      0.00      0.00      0.00      0.00      0.00      0.00      0.00
05:38:33 PM      0.00      0.00      0.00      0.00      0.00      0.00      0.00      0.00
05:38:38 PM      0.00      0.00      0.00      0.00      0.00      0.00      0.00      0.00
05:38:43 PM      0.00      0.00      0.00      0.00      0.00      0.00      0.00      0.00
05:38:48 PM      0.00      0.00      0.00      0.00      0.00      0.00      0.00      0.00
05:38:53 PM      0.00      0.00      0.00      0.00      0.00      0.00      0.00      0.00
05:38:58 PM      0.00      0.00      0.00      0.00      0.00      0.00      0.00      0.00
05:39:03 PM      0.00      0.00      0.00      0.00      0.00      0.00      0.00      0.00
05:39:08 PM      0.00      0.00      0.00      0.00      0.00      0.00      0.00      0.00
05:39:13 PM      0.00      0.00      0.00      0.00      0.00      0.00      0.00      0.00
05:39:18 PM      0.00      0.00      0.00      0.00      0.00      0.00      0.00      0.00
05:39:23 PM      0.00      0.00      0.00      0.00      0.00      0.00      0.00      0.00
05:39:28 PM      0.00      0.00      0.00      0.00      0.00      0.00      0.00      0.00
05:39:33 PM      0.00      0.00      0.00      0.00      0.00      0.00      0.00      0.00
05:39:38 PM      0.00      0.00      0.00      0.00      0.00      0.00      0.00      0.00
05:39:43 PM      0.00      0.00      0.00      0.00      0.00      0.00      0.00      0.00
05:39:48 PM      0.00      0.00      0.00      0.00      0.00      0.00      0.00      0.00
05:39:53 PM      0.00      0.00      0.00      0.00      0.00      0.00      0.00      0.00
05:39:58 PM      0.00      0.00      0.00      0.00      0.00      0.00      0.00      0.00
05:40:03 PM      0.00      0.00      0.00      0.00      0.00      0.00      0.00      0.00
05:40:08 PM      0.00      0.00      0.00      0.00      0.00      0.00      0.00      0.00
05:40:13 PM      0.00      0.00      0.00      0.00      0.00      0.00      0.00      0.00
05:40:18 PM      0.00      0.00      0.00      0.00      0.00      0.00      0.00      0.00
05:40:23 PM      0.00      0.00      0.00      0.00      0.00      0.00      0.00      0.00
05:40:28 PM      0.00      0.00      0.00      0.00      0.00      0.00      0.00      0.00
05:40:33 PM      0.00      0.00      0.00      0.00      0.00      0.00      0.00      0.00
05:40:38 PM      0.00      0.00      0.00      0.00      0.00      0.00      0.00      0.00
05:40:43 PM      0.00      0.00      0.00      0.00      0.00      0.00      0.00      0.00
05:40:48 PM      0.00      0.00      0.00      0.00      0.00      0.00      0.00      0.00
05:40:53 PM      0.00      0.00      0.00      0.00      0.00      0.00      0.00      0.00
05:40:58 PM      0.00      0.00      0.00      0.00      0.00      0.00      0.00      0.00
05:41:03 PM      0.00      0.00      0.00      0.00      0.00      0.00      0.00      0.00
05:41:08 PM      0.00      0.00      0.00      0.00      0.00      0.00      0.00      0.00
05:41:13 PM      0.00      0.00      0.00      0.00      0.00      0.00      0.00      0.00
05:41:18 PM      0.00      0.00      0.00      0.00      0.00      0.00      0.00      0.00
05:41:23 PM      0.00      0.00      0.00      0.00      0.00      0.00      0.00      0.00
05:41:28 PM      0.00      0.00      0.00      0.00      0.00      0.00      0.00      0.00
05:41:33 PM      0.00      0.00      0.00      0.00      0.00      0.00      0.00      0.00
05:41:38 PM      0.00      0.00      0.00      0.00      0.00      0.00      0.00      0.00
05:41:43 PM      0.00      0.00      0.00      0.00      0.00      0.00      0.00      0.00
05:41:48 PM      0.00      0.00      0.00      0.00      0.00      0.00      0.00      0.00
05:41:53 PM      0.00      0.00      0.00      0.00      0.00      0.00      0.00      0.00
05:41:58 PM      0.00      0.00      0.00      0.00      0.00      0.00      0.00      0.00
05:42:03 PM      0.00      0.00      0.00      0.00      0.00      0.00      0.00      0.00
05:42:08 PM      0.00      0.00      0.00      0.00      0.00      0.00      0.00      0.00
05:42:13 PM      0.00      0.00      0.00      0.00      0.00      0.00      0.00      0.00
05:42:18 PM      0.00      0.00      0.00      0.00      0.00      0.00      0.00      0.00
05:42:23 PM      0.00      0.00      0.00      0.00      0.00      0.00      0.00      0.00
05:42:28 PM      0.00      0.00      0.00      0.00      0.00      0.00      0.00      0.00
05:42:33 PM      0.00      0.00      0.00      0.00      0.00      0.00      0.00      0.00
05:42:38 PM      0.00      0.00      0.00      0.00      0.00      0.00      0.00      0.00
05:42:43 PM      0.00      0.00      0.00      0.00      0.00      0.00      0.00      0.00
05:42:48 PM      0.00      0.00      0.00      0.00      0.00      0.00      0.00      0.00
05:42:53 PM      0.00      0.00      0.00      0.00      0.00      0.00      0.00      0.00
05:42:58 PM      0.00      0.00      0.00      0.00      0.00      0.00      0.00      0.00
05:43:03 PM      0.00      0.00      0.00      0.00      0.00      0.00      0.00      0.00
05:43:08 PM      0.00      0.00      0.00      0.00      0.00      0.00      0.00      0.00
05:43:13 PM      0.00      0.00      0.00      0.00      0.00      0.00      0.00      0.00
05:43:18 PM      0.00      0.00      0.00      0.00      0.00      0.00      0.00      0.00
05:43:23 PM      0.00      0.00      0.00      0.00      0.00      0.00      0.00      0.00
05:43:28 PM      0.00      0.00      0.00      0.00      0.00      0.00      0.00      0.00
05:43:33 PM      0.00      0.00      0.00      0.00      0.00      0.00      0.00      0.00
05:43:38 PM      0.00      0.00      0.00      0.00      0.00      0.00      0.00      0.00
05:43:43 PM      0.00      0.00      0.00      0.00      0.00      0.00      0.00      0.00
05:43:48 PM      0.00      0.00      0.00      0.00      0.00      0.00      0.00      0.00
05:43:53 PM      0.00      0.00      0.00      0.00      0.00      0.00      0.00      0.00
05:43:58 PM      0.00      0.00      0.00      0.00      0.00      0.00      0.00      0.00
05:44:03 PM      0.00      0.00      0.00      0.00      0.00      0.00      0.00      0.00
05:44:08 PM      0.00      0.00      0.00      0.00      0.00      0.00      0.00      0.00
05:44:13 PM      0.00      0.00      0.00      0.00      0.00      0.00      0.00      0.00
05:44:18 PM      0.00      0.00      0.00      0.00      0.00      0.00      0.00      0.00
05:44:23 PM      0.00      0.00      0.00      0.00      0.00      0.00      0.00      0.00
05:44:28 PM      0.00      0.00      0.00      0.00      0.00      0.00      0.00      0.00
05:44:33 PM      0.00      0.00      0.00      0.00      0.00      0.00      0.00      0.00
05:44:38 PM      0.00      0.00      0.00      0.00      0.00      0.00      0.00      0.00
05:44:43 PM      0.00      0.00      0.00      0.00      0.00      0.00      0.00      0.00
05:44:48 PM      0.00      0.00      0.00      0.00      0.00      0.00      0.00      0.00
05:44:53 PM      0.00      0.00      0.00      0.00      0.00      0.00      0.00      0.00
05:44:58 PM      0.00      0.00      0.00      0.00      0.00      0.00      0.00      0.00
05:45:03 PM      0.00      0.00      0.00      0.00      0.00      0.00      0.00      0.00
05:45:08 PM      0.00      0.00      0.00      0.00      0.00      0.00      0.00      0.00
05:45:13 PM      0.00      0.00      0.00      0.00      0.00      0.00      0.00      0.00
05:45:18 PM      0.00      0.00      0.00      0.00      0.00      0.00      0.00      0.00
05:45:23 PM      0.00      0.00      0.00      0.00      0.00      0.00      0.00      0.00
05:45:28 PM      0.00      0.00      0.00      0.00      0.00      0.00      0.00      0.00
05:45:33 PM      0.00      0.00      0.00      0.00      0.00      0.00      0.00      0.00
05:45:38 PM      0.00      0.00      0.00      0.00      0.00      0.00      0.00      0.00
05:45:43 PM      0.00      0.00      0.00      0.00      0.00      0.00      0.00      0.00
05:45:48 PM      0.00      0.00      0.00      0.00      0.00      0.00      0.00      0.00
05:45:53 PM      0.00      0.00      0.00      0.00      0.00      0.00      0.00      0.00
05:45:58 PM      0.00      0.00      0.00      0.00      0.00      0.00      0.00      0.00
05:46:03 PM      0.00      0.00      0.00      0.00      0.00      0.00      0.00      0.00
05:46:08 PM      0.00      0.00      0.00      0.00      0.00      0.00      0.00      0.00
05:46:13 PM      0.00      0.00      0.00      0.00      0.00      0.00      0.00      0.00
05:46:18 PM      0.00      0.00      0.00      0.00      0.00      0.00      0.00      0.00
05:46:23 PM      0.00      0.00      0.00      0.00      0.00      0.00      0.00      0.00
05:46:28 PM      0.00      0.00      0.00      0.00      0.00      0.00      0.00      0.00
05:46:33 PM      0.00      0.00      0.00      0.00      0.00      0.00      0.00      0.00
05:46:38 PM      0.00      0.00      0.00      0.00      0.00      0.00      0.00      0.00
05:46:43 PM      0.00      0.00      0.00      0.00      0.00      0.00      0.00      0.00
05:46:48 PM      0.00      0.00      0.00      0.00      0.00      0.00      0.00      0.00
05:46:53 PM      0.00      0.00      0.00      0.00      0.00      0.00      0.00      0.00
05:46:58 PM      0.00      0.00      0.00      0.00      0.00      0.00      0.00      0.00
05:47:03 PM      0.00      0.00      0.00      0.00      0.00      0.00      0.00      0.00
05:47:08 PM      0.00      0.00      0.00      0.00      0.00      0.00      0.00      0.00
05:47:13 PM      0.00      0.00      0.00      0.00      0.00      0.00      0.00      0.00
05:47:18 PM      0.00      0.00      0.00      0.00      0.00      0.00      0.00      0.00
05:47:23 PM      0.00      0.00      0.00      0.00      0.00      0.00      0.00      0.00
05:47:28 PM      0.00      0.00      0.00      0.00      0.00      0.00      0.00      0.00
05:47:33 PM      0.00      0.00      0.00      0.00      0.00      0.00      0.00      0.00
05:47:38 PM      0.00      0.00      0.00      0.00      0.00      0.00      0.00      0.00
05:47:43 PM      0.00      0.00      0.00      0.00      0.00      0.00      0.00      0.00
05:47:48 PM      0.00      0.00      0.00      0.00      0.00      0.00      0.00      0.00
05:47:53 PM      0.00      0.00      0.00      0.00      0.00      0.00      0.00      0.00
05:47:58 PM      0.00      0.00      0.00      0.00      0.00      0.00      0.00      0.00
05:48:03 PM      0.00      0.00      0.00      0.00      0.00      0.00      0.00      0.00
05:48:08 PM      0.00      0.00      0.00      0.00      0.00      0.00      0.00      0.00
05:48:13 PM      0.00      0.00      0.00      0.00      0.00      0.00      0.00      0.00
05:48:18 PM      0.00      0.00      0.00      0.00      0.00      0.00      0.00      0.00
05:48:23 PM      0.00      0.00      0.00      0.00      0.00      0.00      0.00      0.00
05:48:28 PM      0.00      0.00      0.00      0.00      0.00      0.00      0.00      0.00
05:48:33 PM      0.00      0.00      0.00      0.00      0.00      0.00      0.00      0.00
05:48:38 PM      0.00      0.00      0.00      0.00      0.00      0.00      0.00      0.00
05:48:43 PM      0.00      0.00      0.00      0.00      0.00      0.00      0.00      0.00
05:48:48 PM      0.00      0.00      0.00      0.00      0.00      0.00      0.00      0.00
05:48:53 PM      0.00      0.00      0.00      0.00      0.00      0.00      0.00      0.00
05:48:58 PM      0.00      0.00      0.00      0.04      0.00      0.00      0.00      0.03
05:49:03 PM      0.00      0.00      0.00      0.00      0.00      0.00      0.00      0.00
05:49:08 PM      0.00      0.00      0.00      0.01      0.00      0.00      0.00      0.01
05:49:13 PM      0.00      0.00      0.00      0.00      0.00      0.00      0.00      0.00
05:49:18 PM      0.00      0.00      0.00      0.00      0.00      0.00      0.00      0.00
05:49:23 PM      0.00      0.00      0.00      0.00      0.00      0.00      0.00      0.00
05:49:28 PM      0.00      0.00      0.00      0.04      0.00      0.00      0.00      0.04
05:49:33 PM      0.00      0.00      0.00      0.00      0.00      0.00      0.00      0.00
05:49:38 PM      0.00      0.00      0.00      0.00      0.00      0.00      0.00      0.00
05:49:43 PM      0.00      0.00      0.00      0.00      0.00      0.00      0.00      0.00
05:49:48 PM      0.00      0.00      0.00      0.00      0.00      0.00      0.00      0.00
05:49:53 PM      0.00      0.00      0.00      0.00      0.00      0.00      0.00      0.00
05:49:58 PM      0.00      0.00      0.00      0.01      0.00      0.00      0.00      0.01
05:50:03 PM      0.00      0.00      0.00      0.00      0.00      0.00      0.00      0.00
05:50:08 PM      0.00      0.00      0.00      0.00      0.00      0.00      0.00      0.00
05:50:13 PM      0.00      0.00      0.00      0.00      0.00      0.00      0.00      0.00
05:50:18 PM      0.00      0.00      0.00      0.00      0.00      0.00      0.00      0.00
05:50:23 PM      0.00      0.00      0.00      0.00      0.00      0.00      0.00      0.00
05:50:28 PM      0.00      0.00      0.00      0.01      0.00      0.00      0.00      0.01
05:50:33 PM      0.00      0.00      0.00      0.00      0.00      0.00      0.00      0.00
05:50:38 PM      0.00      0.00      0.00      0.00      0.00      0.00      0.00      0.00
05:50:43 PM      0.00      0.00      0.00      0.00      0.00      0.00      0.00      0.00
05:50:48 PM      0.00      0.00      0.00      0.00      0.00      0.00      0.00      0.00
05:50:53 PM      0.00      0.00      0.00      0.00      0.00      0.00      0.00      0.00
05:50:58 PM      0.00      0.00      0.00      0.02      0.00      0.00      0.00      0.02
05:51:03 PM      0.00      0.00      0.00      0.00      0.00      0.00      0.00      0.00
05:51:08 PM      0.00      0.00      0.00      0.01      0.00      0.00      0.00      0.01
05:51:13 PM      0.00      0.00      0.00      0.00      0.00      0.00      0.00      0.00
05:51:18 PM      0.00      0.00      0.00      0.00      0.00      0.00      0.00      0.00
05:51:23 PM      0.00      0.00      0.00      0.00      0.00      0.00      0.00      0.00
05:51:28 PM      0.00      0.00      0.00      0.00      0.00      0.00      0.00      0.00
05:51:33 PM      0.00      0.00      0.00      0.00      0.00      0.00      0.00      0.00
05:51:38 PM      0.00      0.00      0.00      0.00      0.00      0.00      0.00      0.00
05:51:43 PM      0.00      0.00      0.00      0.00      0.00      0.00      0.00      0.00
05:51:48 PM      0.00      0.00      0.00      0.00      0.00      0.00      0.00      0.00
05:51:53 PM      0.00      0.00      0.00      0.00      0.00      0.00      0.00      0.00
05:51:58 PM      0.00      0.00      0.00      0.03      0.00      0.00      0.00      0.03
05:52:03 PM      0.00      0.00      0.00      0.00      0.00      0.00      0.00      0.00
05:52:08 PM      0.00      0.00      0.00      0.00      0.00      0.00      0.00      0.00
05:52:13 PM      0.00      0.00      0.00      0.00      0.00      0.00      0.00      0.00
05:52:18 PM      0.00      0.00      0.00      0.00      0.00      0.00      0.00      0.00
05:52:23 PM      0.00      0.00      0.00      0.00      0.00      0.00      0.00      0.00
05:52:28 PM      0.00      0.00      0.00      0.00      0.00      0.00      0.00      0.00
05:52:33 PM      0.00      0.00      0.00      0.00      0.00      0.00      0.00      0.00
05:52:38 PM      0.00      0.00      0.00      0.00      0.00      0.00      0.00      0.00
05:52:43 PM      0.00      0.00      0.00      0.01      0.00      0.00      0.00      0.00
05:52:48 PM      0.00      0.00      0.00      0.00      0.00      0.00      0.00      0.00
05:52:53 PM      0.00      0.00      0.00      0.00      0.00      0.00      0.00      0.00
05:52:58 PM      0.00      0.00      0.00      0.01      0.00      0.00      0.00      0.01
05:53:03 PM      0.00      0.00      0.00      0.00      0.00      0.00      0.00      0.00
05:53:08 PM      0.00      0.00      0.00      0.00      0.00      0.00      0.00      0.00
05:53:13 PM      0.00      0.00      0.00      0.00      0.00      0.00      0.00      0.00
05:53:18 PM      0.00      0.00      0.00      0.03      0.00      0.00      0.00      0.03
05:53:23 PM      0.00      0.00      0.00      0.00      0.00      0.00      0.00      0.00
05:53:28 PM      0.00      0.00      0.00      0.01      0.00      0.00      0.00      0.01
05:53:33 PM      0.00      0.00      0.00      0.01      0.00      0.00      0.00      0.01
05:53:38 PM      0.00      0.00      0.00      0.00      0.00      0.00      0.00      0.00
05:53:43 PM      0.00      0.00      0.00      0.00      0.00      0.00      0.00      0.00
05:53:48 PM      0.00      0.00      0.00      0.00      0.00      0.00      0.00      0.00
05:53:53 PM      0.00      0.00      0.00      0.00      0.00      0.00      0.00      0.00
05:53:58 PM      0.00      0.00      0.00      0.01      0.00      0.00      0.00      0.00
05:54:03 PM      0.00      0.00      0.00      0.00      0.00      0.00      0.00      0.00
05:54:08 PM      0.00      0.00      0.00      0.00      0.00      0.00      0.00      0.00
05:54:13 PM      0.00      0.00      0.00      0.05      0.00      0.00      0.00      0.03
05:54:18 PM      0.00      0.00      0.00      0.00      0.00      0.00      0.00      0.00
05:54:23 PM      0.00      0.00      0.00      0.00      0.00      0.00      0.00      0.00
05:54:28 PM      0.00      0.00      0.00      0.00      0.00      0.00      0.00      0.00
05:54:33 PM      0.00      0.00      0.00      0.02      0.00      0.00      0.00      0.02
05:54:38 PM      0.00      0.00      0.00      0.00      0.00      0.00      0.00      0.00
05:54:43 PM      0.00      0.00      0.00      0.00      0.00      0.00      0.00      0.00
05:54:48 PM      0.00      0.00      0.00      0.00      0.00      0.00      0.00      0.00
05:54:53 PM      0.00      0.00      0.00      0.00      0.00      0.00      0.00      0.00
05:54:58 PM      0.00      0.00      0.00      0.01      0.00      0.00      0.00      0.01
05:55:03 PM      0.00      0.00      0.00      0.00      0.00      0.00      0.00      0.00
05:55:08 PM      0.00      0.00      0.00      0.00      0.00      0.00      0.00      0.00
05:55:13 PM      0.00      0.00      0.00      0.00      0.00      0.00      0.00      0.00
05:55:18 PM      0.00      0.00      0.00      0.00      0.00      0.00      0.00      0.00
05:55:23 PM      0.00      0.00      0.00      0.00      0.00      0.00      0.00      0.00
05:55:28 PM      0.00      0.00      0.00      0.03      0.00      0.00      0.00      0.03
05:55:33 PM      0.00      0.00      0.00      0.00      0.00      0.00      0.00      0.00
05:55:38 PM      0.00      0.00      0.00      0.00      0.00      0.00      0.00      0.00
05:55:43 PM      0.00      0.00      0.00      0.00      0.00      0.00      0.00      0.00
05:55:48 PM      0.00      0.00      0.00      0.00      0.00      0.00      0.00      0.00
05:55:53 PM      0.00      0.00      0.00      0.00      0.00      0.00      0.00      0.00
05:55:58 PM      0.00      0.00      0.00      0.01      0.00      0.00      0.00      0.01
05:56:03 PM      0.00      0.00      0.00      0.00      0.00      0.00      0.00      0.00
05:56:08 PM      0.00      0.00      0.00      0.00      0.00      0.00      0.00      0.00
05:56:13 PM      0.00      0.00      0.00      0.00      0.00      0.00      0.00      0.00
05:56:18 PM      0.00      0.00      0.00      0.00      0.00      0.00      0.00      0.00
05:56:23 PM      0.00      0.00      0.00      0.00      0.00      0.00      0.00      0.00
05:56:28 PM      0.00      0.00      0.00      0.03      0.00      0.00      0.00      0.03
05:56:33 PM      0.00      0.00      0.00      0.00      0.00      0.00      0.00      0.00
05:56:38 PM      0.00      0.00      0.00      0.00      0.00      0.00      0.00      0.00
05:56:43 PM      0.00      0.00      0.00      0.00      0.00      0.00      0.00      0.00
05:56:48 PM      0.00      0.00      0.00      0.01      0.00      0.00      0.00      0.01
05:56:53 PM      0.00      0.00      0.00      0.00      0.00      0.00      0.00      0.00
05:56:58 PM      0.00      0.00      0.00      0.02      0.00      0.00      0.00      0.01
05:57:03 PM      0.00      0.00      0.00      0.00      0.00      0.00      0.00      0.00
05:57:08 PM      0.00      0.00      0.00      0.00      0.00      0.00      0.00      0.00
05:57:13 PM      0.00      0.00      0.00      0.01      0.00      0.00      0.00      0.00
05:57:18 PM      0.00      0.00      0.00      0.03      0.00      0.00      0.00      0.03
05:57:23 PM      0.00      0.00      0.00      0.00      0.00      0.00      0.00      0.00
05:57:28 PM      0.00      0.00      0.00      0.02      0.00      0.00      0.00      0.02
05:57:33 PM      0.00      0.00      0.00      0.00      0.00      0.00      0.00      0.00
05:57:38 PM      0.00      0.00      0.00      0.02      0.00      0.00      0.00      0.02
05:57:43 PM      0.00      0.00      0.00      0.00      0.00      0.00      0.00      0.00
05:57:48 PM      0.00      0.00      0.00      0.02      0.00      0.00      0.00      0.02
05:57:53 PM      0.00      0.00      0.00      0.00      0.00      0.00      0.00      0.00
05:57:58 PM      0.00      0.00      0.00      0.02      0.00      0.00      0.00      0.02
05:58:03 PM      0.00      0.00      0.00      0.00      0.00      0.00      0.00      0.00
05:58:08 PM      0.00      0.00      0.00      0.00      0.00      0.00      0.00      0.00
05:58:13 PM      0.00      0.00      0.00      0.00      0.00      0.00      0.00      0.00
05:58:18 PM      0.00      0.00      0.00      0.00      0.00      0.00      0.00      0.00
05:58:23 PM      0.00      0.00      0.00      0.00      0.00      0.00      0.00      0.00
05:58:28 PM      0.00      0.00      0.00      0.01      0.00      0.00      0.00      0.01
05:58:33 PM      0.00      0.00      0.00      0.00      0.00      0.00      0.00      0.00
05:58:38 PM      0.00      0.00      0.00      0.00      0.00      0.00      0.00      0.00
05:58:43 PM      0.00      0.00      0.00      0.00      0.00      0.00      0.00      0.00
05:58:48 PM      0.00      0.00      0.00      0.00      0.00      0.00      0.00      0.00
05:58:53 PM      0.00      0.00      0.00      0.01      0.00      0.00      0.00      0.01
05:58:58 PM      0.00      0.00      0.00      0.01      0.00      0.00      0.00      0.01
05:59:03 PM      0.00      0.00      0.00      0.00      0.00      0.00      0.00      0.00
05:59:08 PM      0.00      0.00      0.00      0.00      0.00      0.00      0.00      0.00
05:59:13 PM      0.00      0.00      0.00      0.04      0.00      0.00      0.00      0.03
05:59:18 PM      0.00      0.00      0.00      0.00      0.00      0.00      0.00      0.00
05:59:23 PM      0.00      0.00      0.00      0.00      0.00      0.00      0.00      0.00
05:59:28 PM      0.00      0.00      0.00      0.01      0.00      0.00      0.00      0.01
05:59:33 PM      0.00      0.00      0.00      0.00      0.00      0.00      0.00      0.00
05:59:38 PM      0.00      0.00      0.00      0.00      0.00      0.00      0.00      0.00
05:59:43 PM      0.00      0.00      0.00      0.00      0.00      0.00      0.00      0.00
05:59:48 PM      0.00      0.00      0.00      0.00      0.00      0.00      0.00      0.00
05:59:53 PM      0.00      0.00      0.00      0.00      0.00      0.00      0.00      0.00
05:59:58 PM      0.00      0.00      0.00      0.02      0.00      0.00      0.00      0.01
06:00:03 PM      0.00      0.00      0.00      0.00      0.00      0.00      0.00      0.00
06:00:08 PM      0.00      0.00      0.00      0.00      0.00      0.00      0.00      0.00
06:00:13 PM      0.00      0.00      0.00      0.01      0.00      0.00      0.00      0.01
06:00:18 PM      0.00      0.00      0.00      0.00      0.00      0.00      0.00      0.00
06:00:23 PM      0.00      0.00      0.00      0.00      0.00      0.00      0.00      0.00
06:00:28 PM      0.00      0.00      0.00      0.01      0.00      0.00      0.00      0.01
06:00:33 PM      0.00      0.00      0.00      0.00      0.00      0.00      0.00      0.00
06:00:38 PM      0.00      0.00      0.00      0.00      0.00      0.00      0.00      0.00
06:00:43 PM      0.00      0.00      0.00      0.00      0.00      0.00      0.00      0.00
06:00:48 PM      0.00      0.00      0.00      0.00      0.00      0.00      0.00      0.00
06:00:53 PM      0.00      0.00      0.00      0.00      0.00      0.00      0.00      0.00
06:00:58 PM      0.00      0.00      0.00      0.00      0.00      0.00      0.00      0.00
06:01:03 PM      0.00      0.00      0.00      0.00      0.00      0.00      0.00      0.00
06:01:08 PM      0.00      0.00      0.00      0.00      0.00      0.00      0.00      0.00
06:01:13 PM      0.00      0.00      0.00      0.00      0.00      0.00      0.00      0.00
06:01:18 PM      0.00      0.00      0.00      0.00      0.00      0.00      0.00      0.00
06:01:23 PM      0.00      0.00      0.00      0.00      0.00      0.00      0.00      0.00
06:01:28 PM      0.00      0.00      0.00      0.02      0.00      0.00      0.00      0.02
06:01:33 PM      0.00      0.00      0.00      0.00      0.00      0.00      0.00      0.00
06:01:38 PM      0.00      0.00      0.00      0.00      0.00      0.00      0.00      0.00
06:01:43 PM      0.00      0.00      0.00      0.00      0.00      0.00      0.00      0.00
06:01:48 PM      0.00      0.00      0.00      0.00      0.00      0.00      0.00      0.00
06:01:53 PM      0.00      0.00      0.00      0.00      0.00      0.00      0.00      0.00
06:01:58 PM      0.00      0.00      0.00      0.04      0.00      0.00      0.00      0.03
06:02:03 PM      0.00      0.00      0.00      0.00      0.00      0.00      0.00      0.00
06:02:08 PM      0.00      0.00      0.00      0.00      0.00      0.00      0.00      0.00
06:02:13 PM      0.00      0.00      0.00      0.01      0.00      0.00      0.00      0.01
06:02:18 PM      0.00      0.00      0.00      0.00      0.00      0.00      0.00      0.00
06:02:23 PM      0.00      0.00      0.00      0.00      0.00      0.00      0.00      0.00
06:02:28 PM      0.00      0.00      0.00      0.00      0.00      0.00      0.00      0.00
06:02:33 PM      0.00      0.00      0.00      0.00      0.00      0.00      0.00      0.00
06:02:38 PM      0.00      0.00      0.00      0.00      0.00      0.00      0.00      0.00
06:02:43 PM      0.00      0.00      0.00      0.00      0.00      0.00      0.00      0.00
06:02:48 PM      0.00      0.00      0.00      0.00      0.00      0.00      0.00      0.00
06:02:53 PM      0.00      0.00      0.00      0.00      0.00      0.00      0.00      0.00
06:02:58 PM      0.00      0.00      0.00      0.02      0.00      0.00      0.00      0.02
06:03:03 PM      0.00      0.00      0.00      0.00      0.00      0.00      0.00      0.00
06:03:08 PM      0.00      0.00      0.00      0.00      0.00      0.00      0.00      0.00
06:03:13 PM      0.00      0.00      0.00      0.01      0.00      0.00      0.00      0.01
06:03:18 PM      0.00      0.00      0.00      0.00      0.00      0.00      0.00      0.00
06:03:23 PM      0.00      0.00      0.00      0.00      0.00      0.00      0.00      0.00
06:03:28 PM      0.00      0.00      0.00      0.02      0.00      0.00      0.00      0.02
06:03:33 PM      0.00      0.00      0.00      0.05      0.00      0.00      0.00      0.03
06:03:38 PM      0.00      0.00      0.00      0.00      0.00      0.00      0.00      0.00
06:03:43 PM      0.00      0.00      0.00      0.00      0.00      0.00      0.00      0.00
06:03:48 PM      0.00      0.00      0.00      0.00      0.00      0.00      0.00      0.00
06:03:53 PM      0.00      0.00      0.00      0.00      0.00      0.00      0.00      0.00
06:03:58 PM      0.00      0.00      0.00      0.01      0.00      0.00      0.00      0.01
06:04:03 PM      0.00      0.00      0.00      0.00      0.00      0.00      0.00      0.00
06:04:08 PM      0.00      0.00      0.00      0.00      0.00      0.00      0.00      0.00
06:04:13 PM      0.00      0.00      0.00      0.02      0.00      0.00      0.00      0.01
06:04:18 PM      0.00      0.00      0.00      0.00      0.00      0.00      0.00      0.00
06:04:23 PM      0.00      0.00      0.00      0.00      0.00      0.00      0.00      0.00
06:04:28 PM      0.00      0.00      0.00      0.00      0.00      0.00      0.00      0.00
06:04:33 PM      0.00      0.00      0.00      0.00      0.00      0.00      0.00      0.00
06:04:38 PM      0.00      0.00      0.00      0.00      0.00      0.00      0.00      0.00
06:04:43 PM      0.00      0.00      0.00      0.00      0.00      0.00      0.00      0.00
06:04:48 PM      0.00      0.00      0.00      0.00      0.00      0.00      0.00      0.00
06:04:53 PM      0.00      0.00      0.00      0.00      0.00      0.00      0.00      0.00
06:04:58 PM      0.00      0.00      0.00      0.03      0.00      0.00      0.00      0.03
06:05:03 PM      0.00      0.00      0.00      0.02      0.00      0.00      0.00      0.02
06:05:08 PM      0.00      0.00      0.00      0.00      0.00      0.00      0.00      0.00
06:05:13 PM      0.00      0.00      0.00      0.00      0.00      0.00      0.00      0.00
06:05:18 PM      0.00      0.00      0.00      0.00      0.00      0.00      0.00      0.00
06:05:23 PM      0.00      0.00      0.00      0.00      0.00      0.00      0.00      0.00
06:05:28 PM      0.00      0.00      0.00      0.02      0.00      0.00      0.00      0.02
06:05:33 PM      0.00      0.00      0.00      0.00      0.00      0.00      0.00      0.00
06:05:38 PM      0.00      0.00      0.00      0.00      0.00      0.00      0.00      0.00
06:05:43 PM      0.00      0.00      0.00      0.00      0.00      0.00      0.00      0.00
06:05:48 PM      0.00      0.00      0.00      0.00      0.00      0.00      0.00      0.00
06:05:53 PM      0.00      0.00      0.00      0.00      0.00      0.00      0.00      0.00
06:05:58 PM      0.00      0.00      0.00      0.00      0.00      0.00      0.00      0.00
06:06:03 PM      0.00      0.00      0.00      0.00      0.00      0.00      0.00      0.00
06:06:08 PM      0.00      0.00      0.00      0.00      0.00      0.00      0.00      0.00
06:06:13 PM      0.00      0.00      0.00      0.00      0.00      0.00      0.00      0.00
06:06:18 PM      0.00      0.00      0.00      0.00      0.00      0.00      0.00      0.00
06:06:23 PM      0.00      0.00      0.00      0.00      0.00      0.00      0.00      0.00
06:06:28 PM      0.00      0.00      0.00      0.01      0.00      0.00      0.00      0.01
06:06:33 PM      0.00      0.00      0.00      0.00      0.00      0.00      0.00      0.00
06:06:38 PM      0.00      0.00      0.00      0.00      0.00      0.00      0.00      0.00
06:06:43 PM      0.00      0.00      0.00      0.00      0.00      0.00      0.00      0.00
06:06:48 PM      0.00      0.00      0.00      0.00      0.00      0.00      0.00      0.00
06:06:53 PM      0.00      0.00      0.00      0.00      0.00      0.00      0.00      0.00
06:06:58 PM      0.00      0.00      0.00      0.01      0.00      0.00      0.00      0.00
06:07:03 PM      0.00      0.00      0.00      0.03      0.00      0.00      0.00      0.03
06:07:08 PM      0.00      0.00      0.00      0.00      0.00      0.00      0.00      0.00
06:07:13 PM      0.00      0.00      0.00      0.00      0.00      0.00      0.00      0.00
06:07:18 PM      0.00      0.00      0.00      0.00      0.00      0.00      0.00      0.00
06:07:23 PM      0.00      0.00      0.00      0.00      0.00      0.00      0.00      0.00
06:07:28 PM      0.00      0.00      0.00      0.00      0.00      0.00      0.00      0.00
06:07:33 PM      0.00      0.00      0.00      0.00      0.00      0.00      0.00      0.00
06:07:38 PM      0.00      0.00      0.00      0.00      0.00      0.00      0.00      0.00
06:07:43 PM      0.00      0.00      0.00      0.00      0.00      0.00      0.00      0.00
06:07:48 PM      0.00      0.00      0.00      0.00      0.00      0.00      0.00      0.00
06:07:53 PM      0.00      0.00      0.00      0.00      0.00      0.00      0.00      0.00
06:07:58 PM      0.00      0.00      0.00      0.00      0.00      0.00      0.00      0.00
06:08:03 PM      0.00      0.00      0.00      0.01      0.00      0.00      0.00      0.01
06:08:08 PM      0.00      0.00      0.00      0.00      0.00      0.00      0.00      0.00
06:08:13 PM      0.00      0.00      0.00      0.00      0.00      0.00      0.00      0.00
06:08:18 PM      0.00      0.00      0.00      0.00      0.00      0.00      0.00      0.00
06:08:23 PM      0.00      0.00      0.00      0.00      0.00      0.00      0.00      0.00
06:08:28 PM      0.00      0.00      0.00      0.00      0.00      0.00      0.00      0.00
06:08:33 PM      0.00      0.00      0.00      0.05      0.00      0.00      0.00      0.04
06:08:38 PM      0.00      0.00      0.00      0.00      0.00      0.00      0.00      0.00
06:08:43 PM      0.00      0.00      0.00      0.02      0.00      0.00      0.00      0.02
06:08:48 PM      0.00      0.00      0.00      0.00      0.00      0.00      0.00      0.00
06:08:53 PM      0.00      0.00      0.00      0.03      0.00      0.00      0.00      0.03
06:08:58 PM      0.00      0.00      0.00      0.00      0.00      0.00      0.00      0.00
06:09:03 PM      0.00      0.00      0.00      0.02      0.00      0.00      0.00      0.02
06:09:08 PM      0.00      0.00      0.00      0.00      0.00      0.00      0.00      0.00
06:09:13 PM      0.00      0.00      0.00      0.04      0.00      0.00      0.00      0.02
06:09:18 PM      0.00      0.00      0.00      0.00      0.00      0.00      0.00      0.00
06:09:23 PM      0.00      0.00      0.00      0.00      0.00      0.00      0.00      0.00
06:09:28 PM      0.00      0.00      0.00      0.00      0.00      0.00      0.00      0.00
06:09:33 PM      0.00      0.00      0.00      0.01      0.00      0.00      0.00      0.01
06:09:38 PM      0.00      0.00      0.00      0.00      0.00      0.00      0.00      0.00
06:09:43 PM      0.00      0.00      0.00      0.00      0.00      0.00      0.00      0.00
06:09:48 PM      0.00      0.00      0.00      0.00      0.00      0.00      0.00      0.00
06:09:53 PM      0.00      0.00      0.00      0.00      0.00      0.00      0.00      0.00
06:09:58 PM      0.00      0.00      0.00      0.00      0.00      0.00      0.00      0.00
06:10:03 PM      0.00      0.00      0.00      0.01      0.00      0.00      0.00      0.01
06:10:08 PM      0.00      0.00      0.00      0.01      0.00      0.00      0.00      0.00
06:10:13 PM      0.00      0.00      0.00      0.00      0.00      0.00      0.00      0.00
06:10:18 PM      0.00      0.00      0.00      0.00      0.00      0.00      0.00      0.00
06:10:23 PM      0.00      0.00      0.00      0.00      0.00      0.00      0.00      0.00
06:10:28 PM      0.00      0.00      0.00      0.00      0.00      0.00      0.00      0.00
06:10:33 PM      0.00      0.00      0.00      0.03      0.00      0.00      0.00      0.03
06:10:38 PM      0.00      0.00      0.00      0.00      0.00      0.00      0.00      0.00
06:10:43 PM      0.00      0.00      0.00      0.00      0.00      0.00      0.00      0.00
06:10:48 PM      0.00      0.00      0.00      0.00      0.00      0.00      0.00      0.00
06:10:53 PM      0.00      0.00      0.00      0.00      0.00      0.00      0.00      0.00
06:10:58 PM      0.00      0.00      0.00      0.00      0.00      0.00      0.00      0.00
06:11:03 PM      0.00      0.00      0.00      0.00      0.00      0.00      0.00      0.00
06:11:08 PM      0.00      0.00      0.00      0.00      0.00      0.00      0.00      0.00
06:11:13 PM      0.00      0.00      0.00      0.00      0.00      0.00      0.00      0.00
06:11:18 PM      0.00      0.00      0.00      0.00      0.00      0.00      0.00      0.00
06:11:23 PM      0.00      0.00      0.00      0.00      0.00      0.00      0.00      0.00
06:11:28 PM      0.00      0.00      0.00      0.00      0.00      0.00      0.00      0.00
06:11:33 PM      0.00      0.00      0.00      0.01      0.00      0.00      0.00      0.01
06:11:38 PM      0.00      0.00      0.00      0.00      0.00      0.00      0.00      0.00
06:11:43 PM      0.00      0.00      0.00      0.00      0.00      0.00      0.00      0.00
06:11:48 PM      0.00      0.00      0.00      0.00      0.00      0.00      0.00      0.00
06:11:53 PM      0.00      0.00      0.00      0.00      0.00      0.00      0.00      0.00
06:11:58 PM      0.00      0.00      0.00      0.01      0.00      0.00      0.00      0.00
06:12:03 PM      0.00      0.00      0.00      0.02      0.00      0.00      0.00      0.01
06:12:08 PM      0.00      0.00      0.00      0.00      0.00      0.00      0.00      0.00
06:12:13 PM      0.00      0.00      0.00      0.03      0.00      0.00      0.00      0.03
06:12:18 PM      0.00      0.00      0.00      0.00      0.00      0.00      0.00      0.00
06:12:23 PM      0.00      0.00      0.00      0.00      0.00      0.00      0.00      0.00
06:12:28 PM      0.00      0.00      0.00      0.00      0.00      0.00      0.00      0.00
06:12:33 PM      0.00      0.00      0.00      0.01      0.00      0.00      0.00      0.01
06:12:38 PM      0.00      0.00      0.00      0.00      0.00      0.00      0.00      0.00
06:12:43 PM      0.00      0.00      0.00      0.00      0.00      0.00      0.00      0.00
06:12:48 PM      0.00      0.00      0.00      0.00      0.00      0.00      0.00      0.00
06:12:53 PM      0.00      0.00      0.00      0.00      0.00      0.00      0.00      0.00
06:12:58 PM      0.00      0.00      0.00      0.00      0.00      0.00      0.00      0.00
06:13:03 PM      0.00      0.00      0.00      0.00      0.00      0.00      0.00      0.00
06:13:08 PM      0.00      0.00      0.00      0.00      0.00      0.00      0.00      0.00
06:13:13 PM      0.00      0.00      0.00      0.00      0.00      0.00      0.00      0.00
06:13:18 PM      0.00      0.00      0.00      0.00      0.00      0.00      0.00      0.00
06:13:23 PM      0.00      0.00      0.00      0.00      0.00      0.00      0.00      0.00
06:13:28 PM      0.00      0.00      0.00      0.00      0.00      0.00      0.00      0.00
06:13:33 PM      0.00      0.00      0.00      0.04      0.00      0.00      0.00      0.03
06:13:38 PM      0.00      0.00      0.00      0.01      0.00      0.00      0.00      0.01
06:13:43 PM      0.00      0.00      0.00      0.00      0.00      0.00      0.00      0.00
06:13:48 PM      0.00      0.00      0.00      0.00      0.00      0.00      0.00      0.00
06:13:53 PM      0.00      0.00      0.00      0.00      0.00      0.00      0.00      0.00
06:13:58 PM      0.00      0.00      0.00      0.00      0.00      0.00      0.00      0.00
06:14:03 PM      0.00      0.00      0.00      0.02      0.00      0.00      0.00      0.02
06:14:08 PM      0.00      0.00      0.00      0.00      0.00      0.00      0.00      0.00
06:14:13 PM      0.00      0.00      0.00      0.03      0.00      0.00      0.00      0.02
06:14:18 PM      0.00      0.00      0.00      0.00      0.00      0.00      0.00      0.00
06:14:23 PM      0.00      0.00      0.00      0.00      0.00      0.00      0.00      0.00
06:14:28 PM      0.00      0.00      0.00      0.00      0.00      0.00      0.00      0.00
06:14:33 PM      0.00      0.00      0.00      0.00      0.00      0.00      0.00      0.00
06:14:38 PM      0.00      0.00      0.00      0.00      0.00      0.00      0.00      0.00
06:14:43 PM      0.00      0.00      0.00      0.00      0.00      0.00      0.00      0.00
06:14:48 PM      0.00      0.00      0.00      0.00      0.00      0.00      0.00      0.00
06:14:53 PM      0.00      0.00      0.00      0.00      0.00      0.00      0.00      0.00
06:14:58 PM      0.00      0.00      0.00      0.00      0.00      0.00      0.00      0.00
06:15:03 PM      0.00      0.00      0.00      0.00      0.00      0.00      0.00      0.00
06:15:08 PM      0.00      0.00      0.00      0.00      0.00      0.00      0.00      0.00
06:15:13 PM      0.00      0.00      0.00      0.00      0.00      0.00      0.00      0.00
06:15:18 PM      0.00      0.00      0.00      0.00      0.00      0.00      0.00      0.00
06:15:23 PM      0.00      0.00      0.00      0.00      0.00      0.00      0.00      0.00
06:15:28 PM      0.00      0.00      0.00      0.00      0.00      0.00      0.00      0.00
06:15:33 PM      0.00      0.00      0.00      0.01      0.00      0.00      0.00      0.01
06:15:38 PM      0.00      0.00      0.00      0.00      0.00      0.00      0.00      0.00
06:15:43 PM      0.00      0.00      0.00      0.00      0.00      0.00      0.00      0.00
06:15:48 PM      0.00      0.00      0.00      0.00      0.00      0.00      0.00      0.00
Average:         0.00      0.00      0.00      0.00      0.00      0.00      0.00      0.00
