Linux 7.0.10-arch1-1 (archlinux) 	05/30/2026 	_x86_64_	(4 CPU)

11:14:37 AM  pgpgin/s pgpgout/s   fault/s  majflt/s  pgfree/s pgscank/s pgscand/s pgsteal/s  pgprom/s   pgdem/s
11:14:42 AM      0.00      0.80   1357.80      0.00    399.80      0.00      0.00      0.00      0.00      0.00
11:14:47 AM      0.00      0.00      5.00      0.00      1.00      0.00      0.00      0.00      0.00      0.00
11:14:52 AM      0.00      0.80      0.00      0.00      4.60      0.00      0.00      0.00      0.00      0.00
11:14:57 AM      0.00    121.60      0.00      0.00      4.80      0.00      0.00      0.00      0.00      0.00
11:15:02 AM      0.00     14.40      1.00      0.00     15.60      0.00      0.00      0.00      0.00      0.00
11:15:07 AM      9.60    562.40      0.00      0.00   1056.80      0.00      0.00      0.00      0.00      0.00
11:15:12 AM    224.00      0.00      3.20      1.00      4.80      0.00      0.00      0.00      0.00      0.00
11:15:17 AM     10.40     76.00      2.60      0.20     31.00      0.00      0.00      0.00      0.00      0.00
11:15:22 AM      0.00      0.80      6.00      0.00      4.40      0.00      0.00      0.00      0.00      0.00
11:15:27 AM      0.00      0.00      0.00      0.00      4.00      0.00      0.00      0.00      0.00      0.00
11:15:32 AM    369.60      0.00      9.00      5.00     23.40      0.00      0.00      0.00      0.00      0.00
11:15:37 AM      6.40    226.40      0.00      0.00     50.60      0.00      0.00      0.00      0.00      0.00
11:15:42 AM      1.60      0.80      0.60      0.40      4.20      0.00      0.00      0.00      0.00      0.00
11:15:47 AM      0.00      0.00      0.00      0.00      0.60      0.00      0.00      0.00      0.00      0.00
11:15:52 AM      0.00     25.60      0.00      0.00    311.40      0.00      0.00      0.00      0.00      0.00
11:15:57 AM      0.00      0.00      0.00      0.00      3.80      0.00      0.00      0.00      0.00      0.00
11:16:02 AM      0.00      4.00      0.00      0.00      5.20      0.00      0.00      0.00      0.00      0.00
11:16:07 AM      0.00      0.80      0.00      0.00      4.00      0.00      0.00      0.00      0.00      0.00
11:16:12 AM      0.00     45.60      0.00      0.00      8.40      0.00      0.00      0.00      0.00      0.00
11:16:17 AM      0.00    113.60      0.00      0.00      4.40      0.00      0.00      0.00      0.00      0.00
11:16:22 AM     19.20      1.60      7.20      0.60     25.20      0.00      0.00      0.00      0.00      0.00
11:16:27 AM      0.00      0.00      0.00      0.00      4.00      0.00      0.00      0.00      0.00      0.00
11:16:32 AM      1.60      1.60      0.60      0.40      5.80      0.00      0.00      0.00      0.00      0.00
11:16:37 AM      0.00      0.00      0.00      0.00      4.00      0.00      0.00      0.00      0.00      0.00
11:16:42 AM      4.80      0.00      2.60      1.20      4.80      0.00      0.00      0.00      0.00      0.00
11:16:47 AM      0.00     51.20      0.60      0.00      1.40      0.00      0.00      0.00      0.00      0.00
11:16:52 AM     12.80    125.60      0.00      0.00      7.00      0.00      0.00      0.00      0.00      0.00
11:16:57 AM      0.80      1.60      6.00      0.20      4.80      0.00      0.00      0.00      0.00      0.00
11:17:02 AM      0.80      2.40      0.20      0.20      4.80      0.00      0.00      0.00      0.00      0.00
11:17:07 AM      0.80      0.00      0.40      0.20      4.00      0.00      0.00      0.00      0.00      0.00
11:17:12 AM      0.00      0.00      0.40      0.00      5.00      0.00      0.00      0.00      0.00      0.00
11:17:17 AM      6.40      0.00      1.60      1.60    205.80      0.00      0.00      0.00      0.00      0.00
11:17:22 AM      0.00    137.60      0.00      0.00      4.60      0.00      0.00      0.00      0.00      0.00
11:17:27 AM      6.40     55.20      1.80      0.00      7.00      0.00      0.00      0.00      0.00      0.00
11:17:32 AM     32.00      0.80      0.20      0.20      8.00      0.00      0.00      0.00      0.00      0.00
11:17:37 AM    505.60      1.60    286.20      4.00    228.60      0.00      0.00      0.00      0.00      0.00
11:17:42 AM      0.00      4.80      0.00      0.00     51.00      0.00      0.00      0.00      0.00      0.00
11:17:47 AM     10.40     16.00      7.20      0.20     11.40      0.00      0.00      0.00      0.00      0.00
11:17:52 AM      0.00     64.80      0.00      0.00     10.00      0.00      0.00      0.00      0.00      0.00
11:17:57 AM     38.40    183.20      0.00      0.00      7.80      0.00      0.00      0.00      0.00      0.00
11:18:02 AM      0.00      0.00      0.00      0.00      3.80      0.00      0.00      0.00      0.00      0.00
11:18:07 AM      6.40      2.40      0.00      0.00      5.00      0.00      0.00      0.00      0.00      0.00
11:18:12 AM      0.80      7.20      6.00      0.20     10.80      0.00      0.00      0.00      0.00      0.00
11:18:17 AM      0.00      0.00      0.00      0.00      0.80      0.00      0.00      0.00      0.00      0.00
11:18:22 AM      0.00      0.00      0.00      0.00      3.80      0.00      0.00      0.00      0.00      0.00
11:18:27 AM      0.00    124.00      0.00      0.00      4.00      0.00      0.00      0.00      0.00      0.00
11:18:32 AM      0.80      0.00      0.60      0.20      3.80      0.00      0.00      0.00      0.00      0.00
11:18:37 AM      0.00      0.00      0.00      0.00      4.00      0.00      0.00      0.00      0.00      0.00
11:18:42 AM     91.20    587.20      7.20      5.60    922.20      0.00      0.00      0.00      0.00      0.00
11:18:47 AM      0.80      0.80      0.20      0.20      0.60      0.00      0.00      0.00      0.00      0.00
11:18:52 AM      0.80      0.00      0.20      0.20      4.20      0.00      0.00      0.00      0.00      0.00
11:18:57 AM      1.60      0.00      0.40      0.40      4.40      0.00      0.00      0.00      0.00      0.00
11:19:02 AM      3.20     34.40      0.80      0.80     68.20      0.00      0.00      0.00      0.00      0.00
11:19:07 AM     16.00    220.00      0.00      0.00      5.80      0.00      0.00      0.00      0.00      0.00
11:19:12 AM    344.80     13.60      4.80      4.60     48.40      0.00      0.00      0.00      0.00      0.00
11:19:17 AM     53.60      3.20      4.60      3.00      4.80      0.00      0.00      0.00      0.00      0.00
11:19:22 AM      0.80     51.20      0.20      0.20     43.40      0.00      0.00      0.00      0.00      0.00
11:19:27 AM     37.52     51.90      3.79      3.19     29.14      0.00      0.00      0.00      0.00      0.00
11:19:32 AM     35.27      2.40      3.61      3.21      9.22      0.00      0.00      0.00      0.00      0.00
11:19:37 AM      0.00     38.40      0.00      0.00      4.00      0.00      0.00      0.00      0.00      0.00
11:19:42 AM    386.40      0.00     10.00      8.00     12.80      0.00      0.00      0.00      0.00      0.00
11:19:47 AM     20.80    104.80      0.40      0.40      3.20      0.00      0.00      0.00      0.00      0.00
11:19:52 AM      1.60      4.00      0.40      0.40      4.40      0.00      0.00      0.00      0.00      0.00
11:19:57 AM     31.20     29.60      3.60      4.20     21.00      0.00      0.00      0.00      0.00      0.00
11:20:02 AM     13.60      0.80      2.20      0.40      4.20      0.00      0.00      0.00      0.00      0.00
11:20:07 AM      0.00      0.80      0.00      0.00     17.60      0.00      0.00      0.00      0.00      0.00
11:20:12 AM    324.00      0.00      6.40      5.20      5.60      0.00      0.00      0.00      0.00      0.00
11:20:17 AM      0.80     38.40      0.20      0.20      0.60      0.00      0.00      0.00      0.00      0.00
11:20:22 AM     14.40    117.60      0.40      0.40      5.60      0.00      0.00      0.00      0.00      0.00
11:20:27 AM      0.00      3.20      0.00      0.00      3.80      0.00      0.00      0.00      0.00      0.00
11:20:32 AM      0.00      0.00      0.00      0.00      4.00      0.00      0.00      0.00      0.00      0.00
11:20:37 AM      0.00      0.00      0.00      0.00      3.80      0.00      0.00      0.00      0.00      0.00
11:20:42 AM      4.00      0.80      1.00      1.00      8.60      0.00      0.00      0.00      0.00      0.00
11:20:47 AM     11.18     22.36      1.20      1.60      8.98      0.00      0.00      0.00      0.00      0.00
11:20:52 AM     37.60     38.40      3.20      2.60      5.20      0.00      0.00      0.00      0.00      0.00
11:20:57 AM      3.20     98.40      0.80      0.80      5.00      0.00      0.00      0.00      0.00      0.00
11:21:02 AM     34.40     15.20      1.60      1.40     19.80      0.00      0.00      0.00      0.00      0.00
11:21:07 AM      0.80      0.80      0.20      0.20      6.00      0.00      0.00      0.00      0.00      0.00
11:21:12 AM    325.60      0.00     11.80      3.80      5.60      0.00      0.00      0.00      0.00      0.00
11:21:17 AM      4.80      0.00      1.20      1.20      1.60      0.00      0.00      0.00      0.00      0.00
11:21:22 AM      3.20     12.00      0.80      1.00     66.60      0.00      0.00      0.00      0.00      0.00
11:21:27 AM     40.80     71.20      1.60      0.80      4.60      0.00      0.00      0.00      0.00      0.00
11:21:32 AM     59.20    136.80      1.80      1.80     14.60      0.00      0.00      0.00      0.00      0.00
11:21:37 AM      2.40      4.80      0.60      0.60      4.40      0.00      0.00      0.00      0.00      0.00
11:21:42 AM     98.40     23.20      1.40      1.40     14.40      0.00      0.00      0.00      0.00      0.00
11:21:47 AM      0.80      0.00      0.20      0.20      0.40      0.00      0.00      0.00      0.00      0.00
11:21:52 AM      2.40      0.00      0.60      0.60      5.00      0.00      0.00      0.00      0.00      0.00
11:21:57 AM      0.80      0.00      0.20      0.20      4.20      0.00      0.00      0.00      0.00      0.00
11:22:02 AM      4.80    200.80      0.40      0.40      4.40      0.00      0.00      0.00      0.00      0.00
11:22:07 AM      0.00      0.00      0.00      0.00      3.80      0.00      0.00      0.00      0.00      0.00
11:22:12 AM      1.60      5.60      0.40      0.40      4.00      0.00      0.00      0.00      0.00      0.00
11:22:17 AM      0.00      0.00      0.00      0.00      0.60      0.00      0.00      0.00      0.00      0.00
11:22:22 AM      1.60      0.00      0.40      0.40     24.80      0.00      0.00      0.00      0.00      0.00
11:22:27 AM      4.00     43.20      0.80      0.80     56.80      0.00      0.00      0.00      0.00      0.00
11:22:32 AM     54.40     38.40      3.60      3.60      9.40      0.00      0.00      0.00      0.00      0.00
11:22:37 AM    287.20      0.80    287.40      2.60    212.60      0.00      0.00      0.00      0.00      0.00
11:22:42 AM    325.60    119.20      3.80      3.20      5.40      0.00      0.00      0.00      0.00      0.00
11:22:47 AM     13.60     20.00      0.60      0.20      2.00      0.00      0.00      0.00      0.00      0.00
11:22:52 AM      0.80     13.60      0.20      0.20     22.80      0.00      0.00      0.00      0.00      0.00
11:22:57 AM      0.00      0.00      0.00      0.00      3.80      0.00      0.00      0.00      0.00      0.00
11:23:02 AM      2.40      0.00      0.60      0.60      4.60      0.00      0.00      0.00      0.00      0.00
11:23:07 AM      3.20      2.40      0.80      0.80     18.40      0.00      0.00      0.00      0.00      0.00
11:23:12 AM    219.20     88.00      1.80      1.60     41.40      0.00      0.00      0.00      0.00      0.00
11:23:17 AM     31.20    117.60      1.40      1.40      2.20      0.00      0.00      0.00      0.00      0.00
11:23:22 AM      1.60      4.00      0.40      0.40      5.20      0.00      0.00      0.00      0.00      0.00
11:23:27 AM     10.40      0.00      2.60      2.60      5.60      0.00      0.00      0.00      0.00      0.00
11:23:32 AM     34.40      0.80      1.20      1.20      4.20      0.00      0.00      0.00      0.00      0.00
11:23:37 AM      0.00      2.40      0.00      0.00     16.80      0.00      0.00      0.00      0.00      0.00
11:23:42 AM     20.80      0.80      1.40      1.40      5.80      0.00      0.00      0.00      0.00      0.00
11:23:47 AM      0.00     38.40      0.00      0.00      0.60      0.00      0.00      0.00      0.00      0.00
11:23:52 AM     15.20    117.60      0.60      0.60      5.60      0.00      0.00      0.00      0.00      0.00
11:23:57 AM      0.00      5.60      0.00      0.00      4.20      0.00      0.00      0.00      0.00      0.00
11:24:02 AM      0.00      0.00      0.00      0.00      4.00      0.00      0.00      0.00      0.00      0.00
11:24:07 AM      1.60      0.00      0.40      0.40      4.40      0.00      0.00      0.00      0.00      0.00
11:24:12 AM      1.60      0.00      0.40      0.40      4.00      0.00      0.00      0.00      0.00      0.00
11:24:17 AM      0.00      0.00      0.00      0.00      2.80      0.00      0.00      0.00      0.00      0.00
11:24:22 AM      0.00     38.40      0.00      0.00      4.00      0.00      0.00      0.00      0.00      0.00
11:24:27 AM      6.40    104.80      0.00      0.00      3.80      0.00      0.00      0.00      0.00      0.00
11:24:32 AM      0.00      4.00      0.00      0.00      4.00      0.00      0.00      0.00      0.00      0.00
11:24:37 AM      2.40     76.80      0.60      0.60     59.80      0.00      0.00      0.00      0.00      0.00
11:24:42 AM    354.40      1.60      7.80      6.60     38.40      0.00      0.00      0.00      0.00      0.00
11:24:47 AM      3.20      3.20      0.80      0.80     31.00      0.00      0.00      0.00      0.00      0.00
11:24:52 AM      1.60      0.00      0.40      0.40      4.20      0.00      0.00      0.00      0.00      0.00
11:24:57 AM      2.40     38.40      0.60      0.60      4.40      0.00      0.00      0.00      0.00      0.00
11:25:02 AM     16.00    117.60      0.40      0.00      5.20      0.00      0.00      0.00      0.00      0.00
11:25:07 AM      1.60     16.00      0.40      0.40     15.40      0.00      0.00      0.00      0.00      0.00
11:25:12 AM    132.80      0.80      2.00      1.40      5.20      0.00      0.00      0.00      0.00      0.00
11:25:17 AM      4.00      0.80      1.00      1.00      9.40      0.00      0.00      0.00      0.00      0.00
11:25:22 AM      0.00      0.00      0.00      0.00      3.80      0.00      0.00      0.00      0.00      0.00
11:25:27 AM      0.00      0.00      0.00      0.00      4.00      0.00      0.00      0.00      0.00      0.00
11:25:32 AM      0.00     57.60      0.00      0.00      3.80      0.00      0.00      0.00      0.00      0.00
11:25:37 AM      4.00    124.00      0.20      0.20      4.00      0.00      0.00      0.00      0.00      0.00
11:25:42 AM      0.80     12.80      0.40      0.20      9.40      0.00      0.00      0.00      0.00      0.00
11:25:47 AM      0.00      0.00      0.00      0.00      0.40      0.00      0.00      0.00      0.00      0.00
11:25:52 AM      0.00      0.00      0.00      0.00      4.00      0.00      0.00      0.00      0.00      0.00
11:25:57 AM      1.60      8.00      0.40      0.40     39.20      0.00      0.00      0.00      0.00      0.00
11:26:02 AM     31.20      0.00      1.80      1.80      7.40      0.00      0.00      0.00      0.00      0.00
11:26:07 AM      0.00     38.40      0.00      0.00      4.40      0.00      0.00      0.00      0.00      0.00
11:26:12 AM    234.40    132.00      9.60      2.60      8.40      0.00      0.00      0.00      0.00      0.00
11:26:17 AM      4.00      4.80      1.00      1.00      2.00      0.00      0.00      0.00      0.00      0.00
11:26:22 AM      0.80      0.00      0.80      0.40     22.80      0.00      0.00      0.00      0.00      0.00
11:26:27 AM     15.20     18.40      0.80      0.00     26.40      0.00      0.00      0.00      0.00      0.00
11:26:32 AM      0.00      0.00      0.00      0.00      4.20      0.00      0.00      0.00      0.00      0.00
11:26:37 AM      0.00      0.00      0.00      0.00      4.00      0.00      0.00      0.00      0.00      0.00
11:26:42 AM    161.60    147.20      1.80      1.20      6.80      0.00      0.00      0.00      0.00      0.00
11:26:47 AM     16.80     38.40      4.20      4.20     19.80      0.00      0.00      0.00      0.00      0.00
11:26:52 AM      0.00      4.80      0.00      0.00      4.20      0.00      0.00      0.00      0.00      0.00
11:26:57 AM      0.00      0.00      0.00      0.00      4.00      0.00      0.00      0.00      0.00      0.00
11:27:02 AM      0.00      0.00      0.00      0.00      3.80      0.00      0.00      0.00      0.00      0.00
11:27:07 AM      0.00      0.80      0.00      0.00      4.20      0.00      0.00      0.00      0.00      0.00
11:27:12 AM     37.60    124.80      0.80      0.80      4.40      0.00      0.00      0.00      0.00      0.00
11:27:17 AM      4.00      0.00      1.00      1.00      0.40      0.00      0.00      0.00      0.00      0.00
11:27:22 AM      0.00      1.60      0.00      0.00      6.60      0.00      0.00      0.00      0.00      0.00
11:27:27 AM     19.20     21.60      1.60      2.00     50.00      0.00      0.00      0.00      0.00      0.00
11:27:32 AM     53.60      0.80      1.20      0.20      7.60      0.00      0.00      0.00      0.00      0.00
11:27:37 AM   1080.80      0.00    607.40     22.80    377.40      0.00      0.00      0.00      0.00      0.00
11:27:42 AM    134.40      1.60      1.80      1.60     14.40      0.00      0.00      0.00      0.00      0.00
11:27:47 AM     26.40    144.00      0.20      0.20     20.80      0.00      0.00      0.00      0.00      0.00
11:27:52 AM      0.80      1.60      0.20      0.20      4.60      0.00      0.00      0.00      0.00      0.00
11:27:57 AM      2.40      1.60      0.60      0.60      4.60      0.00      0.00      0.00      0.00      0.00
11:28:02 AM      3.20      5.60      0.80      0.80      5.00      0.00      0.00      0.00      0.00      0.00
11:28:07 AM      9.60     82.40      0.00      0.00     39.40      0.00      0.00      0.00      0.00      0.00
11:28:12 AM    248.80      0.00      5.40      3.80      4.60      0.00      0.00      0.00      0.00      0.00
11:28:17 AM      0.80     20.00      0.20      0.20     25.40      0.00      0.00      0.00      0.00      0.00
11:28:22 AM     18.40      0.00      1.60      1.20      5.00      0.00      0.00      0.00      0.00      0.00
11:28:27 AM      8.00      9.60      2.00      2.00      7.20      0.00      0.00      0.00      0.00      0.00
11:28:32 AM     47.20    254.40      0.60      0.60    103.40      0.00      0.00      0.00      0.00      0.00
11:28:37 AM      2.40      4.00      0.60      0.60      4.40      0.00      0.00      0.00      0.00      0.00
11:28:42 AM     54.40     19.20      7.00      6.40     25.80      0.00      0.00      0.00      0.00      0.00
11:28:47 AM      0.00      0.00      0.00      0.00    320.00      0.00      0.00      0.00      0.00      0.00
11:28:52 AM     23.20      4.80      2.60      1.80     17.80      0.00      0.00      0.00      0.00      0.00
11:28:57 AM      0.80      0.80      0.40      0.40      4.00      0.00      0.00      0.00      0.00      0.00
11:29:02 AM      2.40     38.40      0.60      0.60      4.60      0.00      0.00      0.00      0.00      0.00
11:29:07 AM      6.40     98.40      0.00      0.00      3.80      0.00      0.00      0.00      0.00      0.00
11:29:12 AM    246.40      4.00      3.00      1.60      5.20      0.00      0.00      0.00      0.00      0.00
11:29:17 AM      8.00     12.00      2.00      2.00     12.00      0.00      0.00      0.00      0.00      0.00
11:29:22 AM      2.40      5.60      0.60      0.60     15.20      0.00      0.00      0.00      0.00      0.00
11:29:27 AM      0.80      6.40      0.20      0.20     16.80      0.00      0.00      0.00      0.00      0.00
11:29:32 AM     19.20      0.00      5.00      4.80      8.00      0.00      0.00      0.00      0.00      0.00
11:29:37 AM      4.00     40.00      0.80      0.80      5.20      0.00      0.00      0.00      0.00      0.00
11:29:42 AM    168.80    112.80      4.80      2.80      6.80      0.00      0.00      0.00      0.00      0.00
11:29:47 AM      0.00      6.40      0.00      0.00     11.60      0.00      0.00      0.00      0.00      0.00
11:29:52 AM      0.00     21.60      0.00      0.00     28.00      0.00      0.00      0.00      0.00      0.00
11:29:57 AM      0.00      0.00      0.00      0.00      3.80      0.00      0.00      0.00      0.00      0.00
11:30:02 AM      0.80      0.00      0.20      0.20      4.00      0.00      0.00      0.00      0.00      0.00
11:30:07 AM      2.40      4.00      0.60      0.60      6.20      0.00      0.00      0.00      0.00      0.00
11:30:12 AM    176.00     40.00      3.00      1.60      5.60      0.00      0.00      0.00      0.00      0.00
11:30:17 AM     16.80     96.00      0.20      0.20      5.20      0.00      0.00      0.00      0.00      0.00
11:30:22 AM      0.00      5.60      0.00      0.00      4.00      0.00      0.00      0.00      0.00      0.00
11:30:27 AM      0.00      7.20      0.00      0.00     27.00      0.00      0.00      0.00      0.00      0.00
11:30:32 AM     36.00      5.60      5.60      5.60     11.00      0.00      0.00      0.00      0.00      0.00
11:30:37 AM      0.80      2.40      0.20      0.20      4.40      0.00      0.00      0.00      0.00      0.00
11:30:42 AM    177.60      0.00      3.60      2.00      4.20      0.00      0.00      0.00      0.00      0.00
11:30:47 AM      0.00     38.40      0.00      0.00      0.60      0.00      0.00      0.00      0.00      0.00
11:30:52 AM      3.20    121.60      0.00      0.00      7.20      0.00      0.00      0.00      0.00      0.00
11:30:57 AM      8.80     12.80      2.20      2.20     17.40      0.00      0.00      0.00      0.00      0.00
11:31:02 AM     36.00      2.40      1.40      1.40      6.00      0.00      0.00      0.00      0.00      0.00
11:31:07 AM      0.80      0.00      0.20      0.20      4.80      0.00      0.00      0.00      0.00      0.00
11:31:12 AM    205.60     50.40      8.80      1.00      7.60      0.00      0.00      0.00      0.00      0.00
11:31:17 AM      6.40     14.40      7.20      1.60      1.60      0.00      0.00      0.00      0.00      0.00
11:31:22 AM      2.40     70.40      0.60      0.60      4.80      0.00      0.00      0.00      0.00      0.00
11:31:27 AM      3.20    130.40      0.00      0.00      4.20      0.00      0.00      0.00      0.00      0.00
11:31:32 AM      0.80      4.00      0.20      0.20      4.60      0.00      0.00      0.00      0.00      0.00
11:31:37 AM      0.00      0.00      0.00      0.00      4.20      0.00      0.00      0.00      0.00      0.00
11:31:42 AM      4.80     21.60      1.40      1.20      5.80      0.00      0.00      0.00      0.00      0.00
11:31:47 AM      1.60      0.00      0.40      0.40      0.80      0.00      0.00      0.00      0.00      0.00
11:31:52 AM      3.20     72.80      0.80      0.80      7.40      0.00      0.00      0.00      0.00      0.00
11:31:57 AM      0.00      0.00      0.00      0.00      3.80      0.00      0.00      0.00      0.00      0.00
11:32:02 AM      0.00    136.80      0.00      0.00     15.80      0.00      0.00      0.00      0.00      0.00
11:32:07 AM      0.00      4.00      0.00      0.00      4.00      0.00      0.00      0.00      0.00      0.00
11:32:12 AM     89.60     13.60      1.40      1.20      8.40      0.00      0.00      0.00      0.00      0.00
11:32:17 AM      2.40      0.00      0.60      0.60      0.60      0.00      0.00      0.00      0.00      0.00
11:32:22 AM      0.00      2.40      0.00      0.00      4.40      0.00      0.00      0.00      0.00      0.00
11:32:27 AM      0.00      0.80      0.00      0.00      4.20      0.00      0.00      0.00      0.00      0.00
11:32:32 AM     37.60     38.40      2.60      2.20      9.80      0.00      0.00      0.00      0.00      0.00
11:32:37 AM    267.20     92.00    294.00      8.00    217.20      0.00      0.00      0.00      0.00      0.00
11:32:42 AM     14.40      5.60      0.40      0.40      4.20      0.00      0.00      0.00      0.00      0.00
11:32:47 AM      0.80      4.00      0.20      0.20      3.80      0.00      0.00      0.00      0.00      0.00
11:32:52 AM      0.00      0.00      0.00      0.00      4.20      0.00      0.00      0.00      0.00      0.00
11:32:57 AM      0.00      0.00      0.00      0.00      3.80      0.00      0.00      0.00      0.00      0.00
11:33:02 AM      0.80      0.00      0.20      0.20      5.40      0.00      0.00      0.00      0.00      0.00
11:33:07 AM      0.00     53.60      0.00      0.00     11.60      0.00      0.00      0.00      0.00      0.00
11:33:12 AM     19.20    127.20      0.80      0.80      7.20      0.00      0.00      0.00      0.00      0.00
11:33:17 AM      5.60      7.20      1.60      1.40    103.20      0.00      0.00      0.00      0.00      0.00
11:33:22 AM      0.00      0.00      0.00      0.00      4.00      0.00      0.00      0.00      0.00      0.00
11:33:27 AM     12.00      0.00      3.00      3.00      6.40      0.00      0.00      0.00      0.00      0.00
11:33:32 AM      0.00      0.00      0.00      0.00      3.80      0.00      0.00      0.00      0.00      0.00
11:33:37 AM      0.00      1.60      0.00      0.00      4.80      0.00      0.00      0.00      0.00      0.00
11:33:42 AM      3.20     41.60      0.80      0.80      4.80      0.00      0.00      0.00      0.00      0.00
11:33:47 AM      6.39    109.38      0.00      0.00     72.46      0.00      0.00      0.00      0.00      0.00
11:33:52 AM     15.20     59.20      3.80      3.80     70.40      0.00      0.00      0.00      0.00      0.00
11:33:57 AM      1.60      4.80      0.40      0.40      6.00      0.00      0.00      0.00      0.00      0.00
11:34:02 AM     24.80      0.00      3.60      3.60      5.80      0.00      0.00      0.00      0.00      0.00
11:34:07 AM      0.00      2.40      0.00      0.00      4.60      0.00      0.00      0.00      0.00      0.00
11:34:12 AM    206.40      0.00      3.40      2.20      4.00      0.00      0.00      0.00      0.00      0.00
11:34:17 AM      1.60     38.40      0.40      0.40      0.60      0.00      0.00      0.00      0.00      0.00
11:34:22 AM      6.40    120.80      0.00      0.00      6.60      0.00      0.00      0.00      0.00      0.00
11:34:27 AM      0.00     21.60      0.00      0.00     10.60      0.00      0.00      0.00      0.00      0.00
11:34:32 AM      0.00      0.00      0.00      0.00      4.20      0.00      0.00      0.00      0.00      0.00
11:34:37 AM      0.00      0.00      0.00      0.00      3.80      0.00      0.00      0.00      0.00      0.00
11:34:42 AM    140.00      0.00      6.80      6.40      6.00      0.00      0.00      0.00      0.00      0.00
11:34:47 AM      3.20      0.00      0.80      0.80      2.00      0.00      0.00      0.00      0.00      0.00
11:34:52 AM      0.00     42.40      0.00      0.00     22.00      0.00      0.00      0.00      0.00      0.00
11:34:57 AM     25.60    126.40      0.00      0.00     34.40      0.00      0.00      0.00      0.00      0.00
11:35:02 AM      2.40      4.00      0.60      0.60      4.40      0.00      0.00      0.00      0.00      0.00
11:35:07 AM     18.40      0.80      4.60      4.60      5.40      0.00      0.00      0.00      0.00      0.00
11:35:12 AM    232.00      0.00      7.20      6.00      6.00      0.00      0.00      0.00      0.00      0.00
11:35:17 AM      8.00      0.80      2.00      2.00      1.00      0.00      0.00      0.00      0.00      0.00
11:35:22 AM      0.00      1.60      0.00      0.00      4.20      0.00      0.00      0.00      0.00      0.00
11:35:27 AM      2.40     64.80      0.60      0.60     11.20      0.00      0.00      0.00      0.00      0.00
11:35:32 AM     27.20    111.20      5.20      5.20      6.40      0.00      0.00      0.00      0.00      0.00
11:35:37 AM      0.00      4.80      0.00      0.00      3.80      0.00      0.00      0.00      0.00      0.00
11:35:42 AM      2.40      0.80      0.60      0.60      4.40      0.00      0.00      0.00      0.00      0.00
11:35:47 AM      1.60     13.60      0.40      0.40      4.40      0.00      0.00      0.00      0.00      0.00
11:35:52 AM      1.60      0.80      0.40      0.40      4.60      0.00      0.00      0.00      0.00      0.00
11:35:57 AM     16.00      0.00      4.00      4.00      6.20      0.00      0.00      0.00      0.00      0.00
11:36:02 AM     32.80     38.40      1.00      1.00      6.20      0.00      0.00      0.00      0.00      0.00
11:36:07 AM      3.20    101.60      0.00      0.00      5.60      0.00      0.00      0.00      0.00      0.00
11:36:12 AM     35.20      6.40      6.60      1.00      5.40      0.00      0.00      0.00      0.00      0.00
11:36:17 AM     14.40     61.60      0.80      0.40      6.80      0.00      0.00      0.00      0.00      0.00
11:36:22 AM     14.40     14.40      9.20      3.60      6.20      0.00      0.00      0.00      0.00      0.00
11:36:27 AM      0.80      0.80      0.20      0.20      5.80      0.00      0.00      0.00      0.00      0.00
11:36:32 AM      8.00     11.20      0.20      0.20      7.20      0.00      0.00      0.00      0.00      0.00
11:36:37 AM      0.00     72.00      0.00      0.00      4.40      0.00      0.00      0.00      0.00      0.00
11:36:42 AM      0.80    160.80      0.20      0.20     36.20      0.00      0.00      0.00      0.00      0.00
11:36:47 AM     17.60     14.40      4.40      4.40     75.40      0.00      0.00      0.00      0.00      0.00
11:36:52 AM      6.40     21.60      0.80      1.00     10.60      0.00      0.00      0.00      0.00      0.00
11:36:57 AM     15.20      1.60      1.60      0.80      4.40      0.00      0.00      0.00      0.00      0.00
11:37:02 AM      2.40      8.00      0.60      0.60      6.60      0.00      0.00      0.00      0.00      0.00
11:37:07 AM      0.80      0.00      0.20      0.20      4.00      0.00      0.00      0.00      0.00      0.00
11:37:12 AM    230.40    145.60      7.60      6.40      5.80      0.00      0.00      0.00      0.00      0.00
11:37:17 AM      8.00      0.00      2.00      2.00      0.40      0.00      0.00      0.00      0.00      0.00
11:37:22 AM      1.60      5.60      0.40      0.40      5.00      0.00      0.00      0.00      0.00      0.00
11:37:27 AM      0.00      0.80      0.00      0.00      5.00      0.00      0.00      0.00      0.00      0.00
11:37:32 AM     65.60     17.60      3.40      3.80     17.00      0.00      0.00      0.00      0.00      0.00
11:37:37 AM    260.80      0.00    298.60     10.20    219.20      0.00      0.00      0.00      0.00      0.00
11:37:42 AM    133.60      0.00      1.80      1.20      4.00      0.00      0.00      0.00      0.00      0.00
11:37:47 AM      0.80     40.00      0.20      0.20      3.40      0.00      0.00      0.00      0.00      0.00
11:37:52 AM      0.00    104.80      0.00      0.00      3.80      0.00      0.00      0.00      0.00      0.00
11:37:57 AM      0.00     15.20      0.00      0.00      8.60      0.00      0.00      0.00      0.00      0.00
11:38:02 AM      0.00      0.00      0.00      0.00      3.80      0.00      0.00      0.00      0.00      0.00
11:38:07 AM      0.00      0.00      0.00      0.00      4.00      0.00      0.00      0.00      0.00      0.00
11:38:12 AM     60.80      9.60      0.80      0.60      7.20      0.00      0.00      0.00      0.00      0.00
11:38:17 AM      0.00      0.00      0.00      0.00      0.60      0.00      0.00      0.00      0.00      0.00
11:38:22 AM      0.00     60.80      0.00      0.00     36.00      0.00      0.00      0.00      0.00      0.00
11:38:27 AM     17.60    157.60      0.40      0.40     58.00      0.00      0.00      0.00      0.00      0.00
11:38:32 AM     34.40      5.60      6.00      6.00     11.80      0.00      0.00      0.00      0.00      0.00
11:38:37 AM      1.60      1.60      0.20      0.20      4.20      0.00      0.00      0.00      0.00      0.00
11:38:42 AM     96.00      8.80      1.40      0.80      9.20      0.00      0.00      0.00      0.00      0.00
11:38:47 AM      0.00     12.80      0.00      0.00      8.60      0.00      0.00      0.00      0.00      0.00
11:38:52 AM      3.20      0.00      0.80      0.80      4.00      0.00      0.00      0.00      0.00      0.00
11:38:57 AM     12.00     38.40      3.00      3.00      5.00      0.00      0.00      0.00      0.00      0.00
11:39:02 AM      9.60    121.60      0.00      0.00      5.00      0.00      0.00      0.00      0.00      0.00
11:39:07 AM      1.60      5.60      0.40      0.40      4.60      0.00      0.00      0.00      0.00      0.00
11:39:12 AM    111.20      0.80      1.40      0.80      4.20      0.00      0.00      0.00      0.00      0.00
11:39:17 AM      4.00      0.00      1.00      1.00      0.60      0.00      0.00      0.00      0.00      0.00
11:39:22 AM      2.40      0.00      0.60      0.60      5.20      0.00      0.00      0.00      0.00      0.00
11:39:27 AM      0.00      0.00      0.00      0.00      4.00      0.00      0.00      0.00      0.00      0.00
11:39:32 AM      0.00     32.80      0.00      0.00      4.00      0.00      0.00      0.00      0.00      0.00
11:39:37 AM      4.80    101.60      1.20      1.20      6.00      0.00      0.00      0.00      0.00      0.00
11:39:42 AM     25.60      4.00      3.80      3.80      5.00      0.00      0.00      0.00      0.00      0.00
11:39:47 AM      2.40     17.60      0.60      0.60     40.80      0.00      0.00      0.00      0.00      0.00
11:39:52 AM      7.20      0.00      1.80      1.80      4.20      0.00      0.00      0.00      0.00      0.00
11:39:57 AM      0.00      0.00      0.00      0.00      3.80      0.00      0.00      0.00      0.00      0.00
11:40:02 AM      1.60      2.40      0.40      0.40      8.60      0.00      0.00      0.00      0.00      0.00
11:40:07 AM      0.80     48.00      0.20      0.20      6.60      0.00      0.00      0.00      0.00      0.00
11:40:12 AM     97.60    227.20      3.80      3.40    577.60      0.00      0.00      0.00      0.00      0.00
11:40:17 AM      1.60     16.00      0.40      0.40     19.20      0.00      0.00      0.00      0.00      0.00
11:40:22 AM      0.00      0.80      0.00      0.00      4.20      0.00      0.00      0.00      0.00      0.00
11:40:27 AM      0.00      0.00      0.00      0.00      4.00      0.00      0.00      0.00      0.00      0.00
11:40:32 AM      0.00      0.00      0.00      0.00      3.80      0.00      0.00      0.00      0.00      0.00
11:40:37 AM      9.60      0.00      2.40      2.40      5.40      0.00      0.00      0.00      0.00      0.00
11:40:42 AM    736.80     32.00      6.40      5.00     75.00      0.00      0.00      0.00      0.00      0.00
11:40:47 AM     19.20     93.60      0.00      0.00      4.40      0.00      0.00      0.00      0.00      0.00
11:40:52 AM      3.20      7.20      0.00      0.00     15.60      0.00      0.00      0.00      0.00      0.00
11:40:57 AM      0.00      0.00      0.00      0.00     20.20      0.00      0.00      0.00      0.00      0.00
11:41:02 AM    123.20      0.00      1.60      0.80      5.00      0.00      0.00      0.00      0.00      0.00
11:41:07 AM      0.80      0.00      0.20      0.20      4.60      0.00      0.00      0.00      0.00      0.00
11:41:12 AM    376.00      0.00      8.80      1.40      4.60      0.00      0.00      0.00      0.00      0.00
11:41:17 AM      7.20     70.40      1.80      1.80      1.40      0.00      0.00      0.00      0.00      0.00
11:41:22 AM     95.20    180.00      0.80      0.20      7.80      0.00      0.00      0.00      0.00      0.00
11:41:27 AM      3.20      4.00      0.80      0.80      5.40      0.00      0.00      0.00      0.00      0.00
11:41:32 AM      1.60      9.60      5.60      0.20     39.60      0.00      0.00      0.00      0.00      0.00
11:41:37 AM      0.00      0.00      0.20      0.20      3.80      0.00      0.00      0.00      0.00      0.00
11:41:42 AM      2.40     21.60      1.40      0.60     11.00      0.00      0.00      0.00      0.00      0.00
11:41:47 AM      0.00     11.20      0.00      0.00     61.80      0.00      0.00      0.00      0.00      0.00
11:41:52 AM     45.60    188.80      3.40      2.80      6.20      0.00      0.00      0.00      0.00      0.00
11:41:57 AM      0.00      0.00      0.00      0.00      3.80      0.00      0.00      0.00      0.00      0.00
11:42:02 AM      0.00      5.60      0.00      0.00      4.00      0.00      0.00      0.00      0.00      0.00
11:42:07 AM      2.40      0.00      0.60      0.60      4.60      0.00      0.00      0.00      0.00      0.00
11:42:12 AM      2.40      0.00      0.60      0.60      4.00      0.00      0.00      0.00      0.00      0.00
11:42:17 AM      0.80      0.00      0.20      0.20      1.80      0.00      0.00      0.00      0.00      0.00
11:42:22 AM      0.00      0.00      0.00      0.00      3.80      0.00      0.00      0.00      0.00      0.00
11:42:27 AM      0.00     32.80      0.00      0.00      4.40      0.00      0.00      0.00      0.00      0.00
11:42:32 AM     13.60    104.80      0.20      0.20      7.80      0.00      0.00      0.00      0.00      0.00
11:42:37 AM      0.00      4.00      0.00      0.00      4.00      0.00      0.00      0.00      0.00      0.00
11:42:42 AM   1069.60      0.00    298.60     10.40    275.40      0.00      0.00      0.00      0.00      0.00
11:42:47 AM      0.00      0.00      0.00      0.00      1.60      0.00      0.00      0.00      0.00      0.00
11:42:52 AM      0.00      4.00      0.00      0.00     32.40      0.00      0.00      0.00      0.00      0.00
11:42:57 AM      0.80     64.00      0.20      0.20    141.80      0.00      0.00      0.00      0.00      0.00
11:43:02 AM      3.20     32.80      0.80      0.80      7.80      0.00      0.00      0.00      0.00      0.00
11:43:07 AM     32.00     90.40      3.20      3.20      7.40      0.00      0.00      0.00      0.00      0.00
11:43:12 AM     65.60      4.80      1.40      1.20      4.20      0.00      0.00      0.00      0.00      0.00
11:43:17 AM      2.40      0.00      0.60      0.60      0.60      0.00      0.00      0.00      0.00      0.00
11:43:22 AM    203.20      0.00      1.60      0.80     15.40      0.00      0.00      0.00      0.00      0.00
11:43:27 AM      0.00      0.00      0.00      0.00      3.80      0.00      0.00      0.00      0.00      0.00
11:43:32 AM      0.00      0.00      0.00      0.00      4.00      0.00      0.00      0.00      0.00      0.00
11:43:37 AM      0.00     32.00      0.00      0.00      4.20      0.00      0.00      0.00      0.00      0.00
11:43:42 AM     31.20    112.00      1.00      1.00      6.20      0.00      0.00      0.00      0.00      0.00
11:43:47 AM      0.80      4.00      0.20      0.20      0.80      0.00      0.00      0.00      0.00      0.00
11:43:52 AM      3.20      0.00      0.80      0.80      4.60      0.00      0.00      0.00      0.00      0.00
11:43:57 AM      0.80      0.00      0.20      0.20      4.00      0.00      0.00      0.00      0.00      0.00
11:44:02 AM      1.60      0.00      0.40      0.40      4.20      0.00      0.00      0.00      0.00      0.00
11:44:07 AM      0.80      4.00      0.20      0.20     36.80      0.00      0.00      0.00      0.00      0.00
11:44:12 AM      2.40     32.00      0.60      0.60      5.00      0.00      0.00      0.00      0.00      0.00
11:44:17 AM     22.40     92.00      0.00      0.00      1.00      0.00      0.00      0.00      0.00      0.00
11:44:22 AM      1.60      5.60      0.40      0.40      4.20      0.00      0.00      0.00      0.00      0.00
11:44:27 AM      1.60      6.40      0.40      0.40     25.40      0.00      0.00      0.00      0.00      0.00
11:44:32 AM      0.80      0.00      0.60      0.20      4.20      0.00      0.00      0.00      0.00      0.00
11:44:37 AM      0.00      0.00      0.00      0.00      3.80      0.00      0.00      0.00      0.00      0.00
Average:        37.95     31.88     10.79      1.02     25.41      0.00      0.00      0.00      0.00      0.00
