Linux 7.0.11-arch1-1 (archlinux) 	06/05/2026 	_x86_64_	(4 CPU)

05:09:52 PM  %smem-10  %smem-60 %smem-300     %smem  %fmem-10  %fmem-60 %fmem-300     %fmem
05:09:57 PM      0.00      0.00      0.00      0.00      0.00      0.00      0.00      0.00
05:10:02 PM      0.00      0.00      0.00      0.00      0.00      0.00      0.00      0.00
05:10:07 PM      0.00      0.00      0.00      0.00      0.00      0.00      0.00      0.00
05:10:12 PM      0.00      0.00      0.00      0.00      0.00      0.00      0.00      0.00
05:10:17 PM      0.00      0.00      0.00      0.00      0.00      0.00      0.00      0.00
05:10:22 PM      0.00      0.00      0.00      0.00      0.00      0.00      0.00      0.00
05:10:27 PM      0.00      0.00      0.00      0.00      0.00      0.00      0.00      0.00
05:10:32 PM      0.00      0.00      0.00      0.00      0.00      0.00      0.00      0.00
05:10:37 PM      0.00      0.00      0.00      0.00      0.00      0.00      0.00      0.00
05:10:42 PM      0.00      0.00      0.00      0.00      0.00      0.00      0.00      0.00
05:10:47 PM      0.00      0.00      0.00      0.00      0.00      0.00      0.00      0.00
05:10:52 PM      0.00      0.00      0.00      0.00      0.00      0.00      0.00      0.00
05:10:57 PM      0.00      0.00      0.00      0.00      0.00      0.00      0.00      0.00
05:11:02 PM      0.00      0.00      0.00      0.00      0.00      0.00      0.00      0.00
05:11:07 PM      0.00      0.00      0.00      0.00      0.00      0.00      0.00      0.00
05:11:12 PM      0.00      0.00      0.00      0.00      0.00      0.00      0.00      0.00
05:11:17 PM      0.00      0.00      0.00      0.00      0.00      0.00      0.00      0.00
05:11:22 PM      0.00      0.00      0.00      0.00      0.00      0.00      0.00      0.00
05:11:27 PM      0.00      0.00      0.00      0.00      0.00      0.00      0.00      0.00
05:11:32 PM      0.00      0.00      0.00      0.00      0.00      0.00      0.00      0.00
05:11:37 PM      0.00      0.00      0.00      0.00      0.00      0.00      0.00      0.00
05:11:42 PM      0.00      0.00      0.00      0.00      0.00      0.00      0.00      0.00
05:11:47 PM      0.00      0.00      0.00      0.00      0.00      0.00      0.00      0.00
05:11:52 PM      0.00      0.00      0.00      0.00      0.00      0.00      0.00      0.00
05:11:57 PM      0.00      0.00      0.00      0.00      0.00      0.00      0.00      0.00
05:12:02 PM      0.00      0.00      0.00      0.00      0.00      0.00      0.00      0.00
05:12:07 PM      0.00      0.00      0.00      0.00      0.00      0.00      0.00      0.00
05:12:12 PM      0.00      0.00      0.00      0.00      0.00      0.00      0.00      0.00
05:12:17 PM      0.00      0.00      0.00      0.00      0.00      0.00      0.00      0.00
05:12:22 PM      0.00      0.00      0.00      0.00      0.00      0.00      0.00      0.00
05:12:27 PM      0.00      0.00      0.00      0.00      0.00      0.00      0.00      0.00
05:12:32 PM      0.00      0.00      0.00      0.00      0.00      0.00      0.00      0.00
05:12:37 PM      0.00      0.00      0.00      0.00      0.00      0.00      0.00      0.00
05:12:42 PM      0.00      0.00      0.00      0.00      0.00      0.00      0.00      0.00
05:12:47 PM      0.00      0.00      0.00      0.00      0.00      0.00      0.00      0.00
05:12:52 PM      0.00      0.00      0.00      0.00      0.00      0.00      0.00      0.00
05:12:57 PM      0.00      0.00      0.00      0.00      0.00      0.00      0.00      0.00
05:13:02 PM      0.00      0.00      0.00      0.00      0.00      0.00      0.00      0.00
05:13:07 PM      0.00      0.00      0.00      0.00      0.00      0.00      0.00      0.00
05:13:12 PM      0.00      0.00      0.00      0.00      0.00      0.00      0.00      0.00
05:13:17 PM      0.00      0.00      0.00      0.00      0.00      0.00      0.00      0.00
05:13:22 PM      0.00      0.00      0.00      0.00      0.00      0.00      0.00      0.00
05:13:27 PM      0.00      0.00      0.00      0.00      0.00      0.00      0.00      0.00
05:13:32 PM      0.00      0.00      0.00      0.00      0.00      0.00      0.00      0.00
05:13:37 PM      0.00      0.00      0.00      0.00      0.00      0.00      0.00      0.00
05:13:42 PM      0.00      0.00      0.00      0.00      0.00      0.00      0.00      0.00
05:13:47 PM      0.00      0.00      0.00      0.00      0.00      0.00      0.00      0.00
05:13:52 PM      0.00      0.00      0.00      0.00      0.00      0.00      0.00      0.00
05:13:57 PM      0.00      0.00      0.00      0.00      0.00      0.00      0.00      0.00
05:14:02 PM      0.00      0.00      0.00      0.00      0.00      0.00      0.00      0.00
05:14:07 PM      0.00      0.00      0.00      0.00      0.00      0.00      0.00      0.00
05:14:12 PM      0.00      0.00      0.00      0.00      0.00      0.00      0.00      0.00
05:14:17 PM      0.00      0.00      0.00      0.00      0.00      0.00      0.00      0.00
05:14:22 PM      0.00      0.00      0.00      0.00      0.00      0.00      0.00      0.00
05:14:27 PM      0.00      0.00      0.00      0.00      0.00      0.00      0.00      0.00
05:14:32 PM      0.00      0.00      0.00      0.00      0.00      0.00      0.00      0.00
05:14:37 PM      0.00      0.00      0.00      0.00      0.00      0.00      0.00      0.00
05:14:42 PM      0.00      0.00      0.00      0.00      0.00      0.00      0.00      0.00
05:14:47 PM      0.00      0.00      0.00      0.00      0.00      0.00      0.00      0.00
05:14:52 PM      0.00      0.00      0.00      0.00      0.00      0.00      0.00      0.00
05:14:57 PM      0.00      0.00      0.00      0.00      0.00      0.00      0.00      0.00
05:15:02 PM      0.00      0.00      0.00      0.00      0.00      0.00      0.00      0.00
05:15:07 PM      0.00      0.00      0.00      0.00      0.00      0.00      0.00      0.00
05:15:12 PM      0.00      0.00      0.00      0.00      0.00      0.00      0.00      0.00
05:15:17 PM      0.00      0.00      0.00      0.00      0.00      0.00      0.00      0.00
05:15:22 PM      0.00      0.00      0.00      0.00      0.00      0.00      0.00      0.00
05:15:27 PM      0.00      0.00      0.00      0.00      0.00      0.00      0.00      0.00
05:15:32 PM      0.00      0.00      0.00      0.00      0.00      0.00      0.00      0.00
05:15:37 PM      0.00      0.00      0.00      0.00      0.00      0.00      0.00      0.00
05:15:42 PM      0.00      0.00      0.00      0.00      0.00      0.00      0.00      0.00
05:15:47 PM      0.00      0.00      0.00      0.00      0.00      0.00      0.00      0.00
05:15:52 PM      0.00      0.00      0.00      0.00      0.00      0.00      0.00      0.00
05:15:57 PM      0.00      0.00      0.00      0.00      0.00      0.00      0.00      0.00
05:16:02 PM      0.00      0.00      0.00      0.00      0.00      0.00      0.00      0.00
05:16:07 PM      0.00      0.00      0.00      0.00      0.00      0.00      0.00      0.00
05:16:12 PM      0.00      0.00      0.00      0.00      0.00      0.00      0.00      0.00
05:16:17 PM      0.00      0.00      0.00      0.00      0.00      0.00      0.00      0.00
05:16:22 PM      0.00      0.00      0.00      0.00      0.00      0.00      0.00      0.00
05:16:27 PM      0.00      0.00      0.00      0.00      0.00      0.00      0.00      0.00
05:16:32 PM      0.00      0.00      0.00      0.00      0.00      0.00      0.00      0.00
05:16:37 PM      0.00      0.00      0.00      0.00      0.00      0.00      0.00      0.00
05:16:42 PM      0.00      0.00      0.00      0.00      0.00      0.00      0.00      0.00
05:16:47 PM      0.00      0.00      0.00      0.00      0.00      0.00      0.00      0.00
05:16:52 PM      0.00      0.00      0.00      0.00      0.00      0.00      0.00      0.00
05:16:57 PM      0.00      0.00      0.00      0.00      0.00      0.00      0.00      0.00
05:17:02 PM      0.00      0.00      0.00      0.00      0.00      0.00      0.00      0.00
05:17:07 PM      0.00      0.00      0.00      0.00      0.00      0.00      0.00      0.00
05:17:12 PM      0.00      0.00      0.00      0.00      0.00      0.00      0.00      0.00
05:17:17 PM      0.00      0.00      0.00      0.00      0.00      0.00      0.00      0.00
05:17:22 PM      0.00      0.00      0.00      0.00      0.00      0.00      0.00      0.00
05:17:27 PM      0.00      0.00      0.00      0.00      0.00      0.00      0.00      0.00
05:17:32 PM      0.00      0.00      0.00      0.00      0.00      0.00      0.00      0.00
05:17:37 PM      0.00      0.00      0.00      0.00      0.00      0.00      0.00      0.00
05:17:42 PM      0.00      0.00      0.00      0.00      0.00      0.00      0.00      0.00
05:17:47 PM      0.00      0.00      0.00      0.00      0.00      0.00      0.00      0.00
05:17:52 PM      0.00      0.00      0.00      0.00      0.00      0.00      0.00      0.00
05:17:57 PM      0.00      0.00      0.00      0.00      0.00      0.00      0.00      0.00
05:18:02 PM      0.00      0.00      0.00      0.00      0.00      0.00      0.00      0.00
05:18:07 PM      0.00      0.00      0.00      0.00      0.00      0.00      0.00      0.00
05:18:12 PM      0.00      0.00      0.00      0.00      0.00      0.00      0.00      0.00
05:18:17 PM      0.00      0.00      0.00      0.00      0.00      0.00      0.00      0.00
05:18:22 PM      0.00      0.00      0.00      0.00      0.00      0.00      0.00      0.00
05:18:27 PM      0.00      0.00      0.00      0.00      0.00      0.00      0.00      0.00
05:18:32 PM      0.00      0.00      0.00      0.00      0.00      0.00      0.00      0.00
05:18:37 PM      0.00      0.00      0.00      0.00      0.00      0.00      0.00      0.00
05:18:42 PM      0.00      0.00      0.00      0.00      0.00      0.00      0.00      0.00
05:18:47 PM      0.00      0.00      0.00      0.00      0.00      0.00      0.00      0.00
05:18:52 PM      0.00      0.00      0.00      0.00      0.00      0.00      0.00      0.00
05:18:57 PM      0.00      0.00      0.00      0.00      0.00      0.00      0.00      0.00
05:19:02 PM      0.00      0.00      0.00      0.00      0.00      0.00      0.00      0.00
05:19:07 PM      0.00      0.00      0.00      0.00      0.00      0.00      0.00      0.00
05:19:12 PM      0.00      0.00      0.00      0.00      0.00      0.00      0.00      0.00
05:19:17 PM      0.00      0.00      0.00      0.00      0.00      0.00      0.00      0.00
05:19:22 PM      0.00      0.00      0.00      0.00      0.00      0.00      0.00      0.00
05:19:27 PM      0.00      0.00      0.00      0.00      0.00      0.00      0.00      0.00
05:19:32 PM      0.00      0.00      0.00      0.00      0.00      0.00      0.00      0.00
05:19:37 PM      0.00      0.00      0.00      0.00      0.00      0.00      0.00      0.00
05:19:42 PM      0.00      0.00      0.00      0.00      0.00      0.00      0.00      0.00
05:19:47 PM      0.00      0.00      0.00      0.00      0.00      0.00      0.00      0.00
05:19:52 PM      0.00      0.00      0.00      0.00      0.00      0.00      0.00      0.00
05:19:57 PM      0.00      0.00      0.00      0.00      0.00      0.00      0.00      0.00
05:20:02 PM      0.00      0.00      0.00      0.00      0.00      0.00      0.00      0.00
05:20:07 PM      0.00      0.00      0.00      0.00      0.00      0.00      0.00      0.00
05:20:12 PM      0.00      0.00      0.00      0.00      0.00      0.00      0.00      0.00
05:20:17 PM      0.00      0.00      0.00      0.00      0.00      0.00      0.00      0.00
05:20:22 PM      0.00      0.00      0.00      0.00      0.00      0.00      0.00      0.00
05:20:27 PM      0.00      0.00      0.00      0.00      0.00      0.00      0.00      0.00
05:20:32 PM      0.00      0.00      0.00      0.00      0.00      0.00      0.00      0.00
05:20:37 PM      0.00      0.00      0.00      0.00      0.00      0.00      0.00      0.00
05:20:42 PM      0.00      0.00      0.00      0.00      0.00      0.00      0.00      0.00
05:20:47 PM      0.00      0.00      0.00      0.00      0.00      0.00      0.00      0.00
05:20:52 PM      0.00      0.00      0.00      0.00      0.00      0.00      0.00      0.00
05:20:57 PM      0.00      0.00      0.00      0.00      0.00      0.00      0.00      0.00
05:21:02 PM      0.00      0.00      0.00      0.00      0.00      0.00      0.00      0.00
05:21:07 PM      0.00      0.00      0.00      0.00      0.00      0.00      0.00      0.00
05:21:12 PM      0.00      0.00      0.00      0.00      0.00      0.00      0.00      0.00
05:21:17 PM      0.00      0.00      0.00      0.00      0.00      0.00      0.00      0.00
05:21:22 PM      0.00      0.00      0.00      0.00      0.00      0.00      0.00      0.00
05:21:27 PM      0.00      0.00      0.00      0.00      0.00      0.00      0.00      0.00
05:21:32 PM      0.00      0.00      0.00      0.00      0.00      0.00      0.00      0.00
05:21:37 PM      0.00      0.00      0.00      0.00      0.00      0.00      0.00      0.00
05:21:42 PM      0.00      0.00      0.00      0.00      0.00      0.00      0.00      0.00
05:21:47 PM      0.00      0.00      0.00      0.00      0.00      0.00      0.00      0.00
05:21:52 PM      0.00      0.00      0.00      0.00      0.00      0.00      0.00      0.00
05:21:57 PM      0.00      0.00      0.00      0.00      0.00      0.00      0.00      0.00
05:22:02 PM      0.00      0.00      0.00      0.00      0.00      0.00      0.00      0.00
05:22:07 PM      0.00      0.00      0.00      0.00      0.00      0.00      0.00      0.00
05:22:12 PM      0.00      0.00      0.00      0.00      0.00      0.00      0.00      0.00
05:22:17 PM      0.00      0.00      0.00      0.00      0.00      0.00      0.00      0.00
05:22:22 PM      0.00      0.00      0.00      0.00      0.00      0.00      0.00      0.00
05:22:27 PM      0.00      0.00      0.00      0.00      0.00      0.00      0.00      0.00
05:22:32 PM      0.00      0.00      0.00      0.00      0.00      0.00      0.00      0.00
05:22:37 PM      0.00      0.00      0.00      0.00      0.00      0.00      0.00      0.00
05:22:42 PM      0.00      0.00      0.00      0.00      0.00      0.00      0.00      0.00
05:22:47 PM      0.00      0.00      0.00      0.00      0.00      0.00      0.00      0.00
05:22:52 PM      0.00      0.00      0.00      0.00      0.00      0.00      0.00      0.00
05:22:57 PM      0.00      0.00      0.00      0.00      0.00      0.00      0.00      0.00
05:23:02 PM      0.00      0.00      0.00      0.00      0.00      0.00      0.00      0.00
05:23:07 PM      0.00      0.00      0.00      0.00      0.00      0.00      0.00      0.00
05:23:12 PM      0.00      0.00      0.00      0.00      0.00      0.00      0.00      0.00
05:23:17 PM      0.00      0.00      0.00      0.00      0.00      0.00      0.00      0.00
05:23:22 PM      0.00      0.00      0.00      0.00      0.00      0.00      0.00      0.00
05:23:27 PM      0.00      0.00      0.00      0.00      0.00      0.00      0.00      0.00
05:23:32 PM      0.00      0.00      0.00      0.00      0.00      0.00      0.00      0.00
05:23:37 PM      0.00      0.00      0.00      0.00      0.00      0.00      0.00      0.00
05:23:42 PM      0.00      0.00      0.00      0.00      0.00      0.00      0.00      0.00
05:23:47 PM      0.00      0.00      0.00      0.00      0.00      0.00      0.00      0.00
05:23:52 PM      0.00      0.00      0.00      0.00      0.00      0.00      0.00      0.00
05:23:57 PM      0.00      0.00      0.00      0.00      0.00      0.00      0.00      0.00
05:24:02 PM      0.00      0.00      0.00      0.00      0.00      0.00      0.00      0.00
05:24:07 PM      0.00      0.00      0.00      0.00      0.00      0.00      0.00      0.00
05:24:12 PM      0.00      0.00      0.00      0.00      0.00      0.00      0.00      0.00
05:24:17 PM      0.00      0.00      0.00      0.00      0.00      0.00      0.00      0.00
05:24:22 PM      0.00      0.00      0.00      0.00      0.00      0.00      0.00      0.00
05:24:27 PM      0.00      0.00      0.00      0.00      0.00      0.00      0.00      0.00
05:24:32 PM      0.00      0.00      0.00      0.00      0.00      0.00      0.00      0.00
05:24:37 PM      0.00      0.00      0.00      0.00      0.00      0.00      0.00      0.00
05:24:42 PM      0.00      0.00      0.00      0.00      0.00      0.00      0.00      0.00
05:24:47 PM      0.00      0.00      0.00      0.00      0.00      0.00      0.00      0.00
05:24:52 PM      0.00      0.00      0.00      0.00      0.00      0.00      0.00      0.00
05:24:57 PM      0.00      0.00      0.00      0.00      0.00      0.00      0.00      0.00
05:25:02 PM      0.00      0.00      0.00      0.00      0.00      0.00      0.00      0.00
05:25:07 PM      0.00      0.00      0.00      0.00      0.00      0.00      0.00      0.00
05:25:12 PM      0.00      0.00      0.00      0.00      0.00      0.00      0.00      0.00
05:25:17 PM      0.00      0.00      0.00      0.00      0.00      0.00      0.00      0.00
05:25:22 PM      0.00      0.00      0.00      0.00      0.00      0.00      0.00      0.00
05:25:27 PM      0.00      0.00      0.00      0.00      0.00      0.00      0.00      0.00
05:25:32 PM      0.00      0.00      0.00      0.00      0.00      0.00      0.00      0.00
05:25:37 PM      0.00      0.00      0.00      0.00      0.00      0.00      0.00      0.00
05:25:42 PM      0.00      0.00      0.00      0.00      0.00      0.00      0.00      0.00
05:25:47 PM      0.00      0.00      0.00      0.00      0.00      0.00      0.00      0.00
05:25:52 PM      0.00      0.00      0.00      0.00      0.00      0.00      0.00      0.00
05:25:57 PM      0.00      0.00      0.00      0.00      0.00      0.00      0.00      0.00
05:26:02 PM      0.00      0.00      0.00      0.00      0.00      0.00      0.00      0.00
05:26:07 PM      0.00      0.00      0.00      0.00      0.00      0.00      0.00      0.00
05:26:12 PM      0.00      0.00      0.00      0.00      0.00      0.00      0.00      0.00
05:26:17 PM      0.00      0.00      0.00      0.00      0.00      0.00      0.00      0.00
05:26:22 PM      0.00      0.00      0.00      0.00      0.00      0.00      0.00      0.00
05:26:27 PM      0.00      0.00      0.00      0.00      0.00      0.00      0.00      0.00
05:26:32 PM      0.00      0.00      0.00      0.00      0.00      0.00      0.00      0.00
05:26:37 PM      0.00      0.00      0.00      0.00      0.00      0.00      0.00      0.00
05:26:42 PM      0.00      0.00      0.00      0.00      0.00      0.00      0.00      0.00
05:26:47 PM      0.00      0.00      0.00      0.00      0.00      0.00      0.00      0.00
05:26:52 PM      0.00      0.00      0.00      0.00      0.00      0.00      0.00      0.00
05:26:57 PM      0.00      0.00      0.00      0.00      0.00      0.00      0.00      0.00
05:27:02 PM      0.00      0.00      0.00      0.00      0.00      0.00      0.00      0.00
05:27:07 PM      0.00      0.00      0.00      0.00      0.00      0.00      0.00      0.00
05:27:12 PM      0.00      0.00      0.00      0.00      0.00      0.00      0.00      0.00
05:27:17 PM      0.00      0.00      0.00      0.00      0.00      0.00      0.00      0.00
05:27:22 PM      0.00      0.00      0.00      0.00      0.00      0.00      0.00      0.00
05:27:27 PM      0.00      0.00      0.00      0.00      0.00      0.00      0.00      0.00
05:27:32 PM      0.00      0.00      0.00      0.00      0.00      0.00      0.00      0.00
05:27:37 PM      0.00      0.00      0.00      0.00      0.00      0.00      0.00      0.00
05:27:42 PM      0.00      0.00      0.00      0.00      0.00      0.00      0.00      0.00
05:27:47 PM      0.00      0.00      0.00      0.00      0.00      0.00      0.00      0.00
05:27:52 PM      0.00      0.00      0.00      0.00      0.00      0.00      0.00      0.00
05:27:57 PM      0.00      0.00      0.00      0.00      0.00      0.00      0.00      0.00
05:28:02 PM      0.00      0.00      0.00      0.00      0.00      0.00      0.00      0.00
05:28:07 PM      0.00      0.00      0.00      0.00      0.00      0.00      0.00      0.00
05:28:12 PM      0.00      0.00      0.00      0.00      0.00      0.00      0.00      0.00
05:28:17 PM      0.00      0.00      0.00      0.00      0.00      0.00      0.00      0.00
05:28:22 PM      0.00      0.00      0.00      0.00      0.00      0.00      0.00      0.00
05:28:27 PM      0.00      0.00      0.00      0.00      0.00      0.00      0.00      0.00
05:28:32 PM      0.00      0.00      0.00      0.00      0.00      0.00      0.00      0.00
05:28:37 PM      0.00      0.00      0.00      0.00      0.00      0.00      0.00      0.00
05:28:42 PM      0.00      0.00      0.00      0.00      0.00      0.00      0.00      0.00
05:28:47 PM      0.00      0.00      0.00      0.00      0.00      0.00      0.00      0.00
05:28:52 PM      0.00      0.00      0.00      0.00      0.00      0.00      0.00      0.00
05:28:57 PM      0.00      0.00      0.00      0.00      0.00      0.00      0.00      0.00
05:29:02 PM      0.00      0.00      0.00      0.00      0.00      0.00      0.00      0.00
05:29:07 PM      0.00      0.00      0.00      0.00      0.00      0.00      0.00      0.00
05:29:12 PM      0.00      0.00      0.00      0.00      0.00      0.00      0.00      0.00
05:29:17 PM      0.00      0.00      0.00      0.00      0.00      0.00      0.00      0.00
05:29:22 PM      0.00      0.00      0.00      0.00      0.00      0.00      0.00      0.00
05:29:27 PM      0.00      0.00      0.00      0.00      0.00      0.00      0.00      0.00
05:29:32 PM      0.00      0.00      0.00      0.00      0.00      0.00      0.00      0.00
05:29:37 PM      0.00      0.00      0.00      0.00      0.00      0.00      0.00      0.00
05:29:42 PM      0.00      0.00      0.00      0.00      0.00      0.00      0.00      0.00
05:29:47 PM      0.00      0.00      0.00      0.00      0.00      0.00      0.00      0.00
05:29:52 PM      0.00      0.00      0.00      0.00      0.00      0.00      0.00      0.00
05:29:57 PM      0.00      0.00      0.00      0.00      0.00      0.00      0.00      0.00
05:30:02 PM      0.00      0.00      0.00      0.00      0.00      0.00      0.00      0.00
05:30:07 PM      0.00      0.00      0.00      0.00      0.00      0.00      0.00      0.00
05:30:12 PM      0.00      0.00      0.00      0.00      0.00      0.00      0.00      0.00
05:30:17 PM      0.00      0.00      0.00      0.00      0.00      0.00      0.00      0.00
05:30:22 PM      0.00      0.00      0.00      0.00      0.00      0.00      0.00      0.00
05:30:27 PM      0.00      0.00      0.00      0.00      0.00      0.00      0.00      0.00
05:30:32 PM      0.00      0.00      0.00      0.00      0.00      0.00      0.00      0.00
05:30:37 PM      0.00      0.00      0.00      0.00      0.00      0.00      0.00      0.00
05:30:42 PM      0.00      0.00      0.00      0.00      0.00      0.00      0.00      0.00
05:30:47 PM      0.00      0.00      0.00      0.00      0.00      0.00      0.00      0.00
05:30:52 PM      0.00      0.00      0.00      0.00      0.00      0.00      0.00      0.00
05:30:57 PM      0.00      0.00      0.00      0.00      0.00      0.00      0.00      0.00
05:31:02 PM      0.00      0.00      0.00      0.00      0.00      0.00      0.00      0.00
05:31:07 PM      0.00      0.00      0.00      0.00      0.00      0.00      0.00      0.00
05:31:12 PM      0.00      0.00      0.00      0.00      0.00      0.00      0.00      0.00
05:31:17 PM      0.00      0.00      0.00      0.00      0.00      0.00      0.00      0.00
05:31:22 PM      0.00      0.00      0.00      0.00      0.00      0.00      0.00      0.00
05:31:27 PM      0.00      0.00      0.00      0.00      0.00      0.00      0.00      0.00
05:31:32 PM      0.00      0.00      0.00      0.00      0.00      0.00      0.00      0.00
05:31:37 PM      0.00      0.00      0.00      0.00      0.00      0.00      0.00      0.00
05:31:42 PM      0.00      0.00      0.00      0.00      0.00      0.00      0.00      0.00
05:31:47 PM      0.00      0.00      0.00      0.00      0.00      0.00      0.00      0.00
05:31:52 PM      0.00      0.00      0.00      0.00      0.00      0.00      0.00      0.00
05:31:57 PM      0.00      0.00      0.00      0.00      0.00      0.00      0.00      0.00
05:32:02 PM      0.00      0.00      0.00      0.00      0.00      0.00      0.00      0.00
05:32:07 PM      0.00      0.00      0.00      0.00      0.00      0.00      0.00      0.00
05:32:12 PM      0.00      0.00      0.00      0.00      0.00      0.00      0.00      0.00
05:32:17 PM      0.00      0.00      0.00      0.00      0.00      0.00      0.00      0.00
05:32:22 PM      0.00      0.00      0.00      0.00      0.00      0.00      0.00      0.00
05:32:27 PM      0.00      0.00      0.00      0.00      0.00      0.00      0.00      0.00
05:32:32 PM      0.00      0.00      0.00      0.00      0.00      0.00      0.00      0.00
05:32:37 PM      0.00      0.00      0.00      0.00      0.00      0.00      0.00      0.00
05:32:42 PM      0.00      0.00      0.00      0.00      0.00      0.00      0.00      0.00
05:32:47 PM      0.00      0.00      0.00      0.00      0.00      0.00      0.00      0.00
05:32:52 PM      0.00      0.00      0.00      0.00      0.00      0.00      0.00      0.00
05:32:57 PM      0.00      0.00      0.00      0.00      0.00      0.00      0.00      0.00
05:33:02 PM      0.00      0.00      0.00      0.00      0.00      0.00      0.00      0.00
05:33:07 PM      0.00      0.00      0.00      0.00      0.00      0.00      0.00      0.00
05:33:12 PM      0.00      0.00      0.00      0.00      0.00      0.00      0.00      0.00
05:33:17 PM      0.00      0.00      0.00      0.00      0.00      0.00      0.00      0.00
05:33:22 PM      0.00      0.00      0.00      0.00      0.00      0.00      0.00      0.00
05:33:27 PM      0.00      0.00      0.00      0.00      0.00      0.00      0.00      0.00
05:33:32 PM      0.00      0.00      0.00      0.00      0.00      0.00      0.00      0.00
05:33:37 PM      0.00      0.00      0.00      0.00      0.00      0.00      0.00      0.00
05:33:42 PM      0.00      0.00      0.00      0.00      0.00      0.00      0.00      0.00
05:33:47 PM      0.00      0.00      0.00      0.00      0.00      0.00      0.00      0.00
05:33:52 PM      0.00      0.00      0.00      0.00      0.00      0.00      0.00      0.00
05:33:57 PM      0.00      0.00      0.00      0.00      0.00      0.00      0.00      0.00
05:34:02 PM      0.00      0.00      0.00      0.00      0.00      0.00      0.00      0.00
05:34:07 PM      0.00      0.00      0.00      0.00      0.00      0.00      0.00      0.00
05:34:12 PM      0.00      0.00      0.00      0.00      0.00      0.00      0.00      0.00
05:34:17 PM      0.00      0.00      0.00      0.00      0.00      0.00      0.00      0.00
05:34:22 PM      0.00      0.00      0.00      0.00      0.00      0.00      0.00      0.00
05:34:27 PM      0.00      0.00      0.00      0.00      0.00      0.00      0.00      0.00
05:34:32 PM      0.00      0.00      0.00      0.00      0.00      0.00      0.00      0.00
05:34:37 PM      0.00      0.00      0.00      0.00      0.00      0.00      0.00      0.00
05:34:42 PM      0.00      0.00      0.00      0.00      0.00      0.00      0.00      0.00
05:34:47 PM      0.00      0.00      0.00      0.00      0.00      0.00      0.00      0.00
05:34:52 PM      0.00      0.00      0.00      0.00      0.00      0.00      0.00      0.00
05:34:57 PM      0.00      0.00      0.00      0.00      0.00      0.00      0.00      0.00
05:35:02 PM      0.00      0.00      0.00      0.00      0.00      0.00      0.00      0.00
05:35:07 PM      0.00      0.00      0.00      0.00      0.00      0.00      0.00      0.00
05:35:12 PM      0.00      0.00      0.00      0.00      0.00      0.00      0.00      0.00
05:35:17 PM      0.00      0.00      0.00      0.00      0.00      0.00      0.00      0.00
05:35:22 PM      0.00      0.00      0.00      0.00      0.00      0.00      0.00      0.00
05:35:27 PM      0.00      0.00      0.00      0.00      0.00      0.00      0.00      0.00
05:35:32 PM      0.00      0.00      0.00      0.00      0.00      0.00      0.00      0.00
05:35:37 PM      0.00      0.00      0.00      0.00      0.00      0.00      0.00      0.00
05:35:42 PM      0.00      0.00      0.00      0.00      0.00      0.00      0.00      0.00
05:35:47 PM      0.00      0.00      0.00      0.00      0.00      0.00      0.00      0.00
05:35:52 PM      0.00      0.00      0.00      0.00      0.00      0.00      0.00      0.00
05:35:57 PM      0.00      0.00      0.00      0.00      0.00      0.00      0.00      0.00
05:36:02 PM      0.00      0.00      0.00      0.00      0.00      0.00      0.00      0.00
05:36:07 PM      0.00      0.00      0.00      0.00      0.00      0.00      0.00      0.00
05:36:12 PM      0.00      0.00      0.00      0.00      0.00      0.00      0.00      0.00
05:36:17 PM      0.00      0.00      0.00      0.00      0.00      0.00      0.00      0.00
05:36:22 PM      0.00      0.00      0.00      0.00      0.00      0.00      0.00      0.00
05:36:27 PM      0.00      0.00      0.00      0.00      0.00      0.00      0.00      0.00
05:36:32 PM      0.00      0.00      0.00      0.00      0.00      0.00      0.00      0.00
05:36:37 PM      0.00      0.00      0.00      0.00      0.00      0.00      0.00      0.00
05:36:42 PM      0.00      0.00      0.00      0.00      0.00      0.00      0.00      0.00
05:36:47 PM      0.00      0.00      0.00      0.00      0.00      0.00      0.00      0.00
05:36:52 PM      0.00      0.00      0.00      0.00      0.00      0.00      0.00      0.00
05:36:57 PM      0.00      0.00      0.00      0.00      0.00      0.00      0.00      0.00
05:37:02 PM      0.00      0.00      0.00      0.00      0.00      0.00      0.00      0.00
05:37:07 PM      0.00      0.00      0.00      0.00      0.00      0.00      0.00      0.00
05:37:12 PM      0.00      0.00      0.00      0.00      0.00      0.00      0.00      0.00
05:37:17 PM      0.00      0.00      0.00      0.00      0.00      0.00      0.00      0.00
05:37:22 PM      0.00      0.00      0.00      0.00      0.00      0.00      0.00      0.00
05:37:27 PM      0.00      0.00      0.00      0.00      0.00      0.00      0.00      0.00
05:37:32 PM      0.00      0.00      0.00      0.00      0.00      0.00      0.00      0.00
05:37:37 PM      0.00      0.00      0.00      0.00      0.00      0.00      0.00      0.00
05:37:42 PM      0.00      0.00      0.00      0.00      0.00      0.00      0.00      0.00
05:37:47 PM      0.00      0.00      0.00      0.00      0.00      0.00      0.00      0.00
05:37:52 PM      0.00      0.00      0.00      0.00      0.00      0.00      0.00      0.00
05:37:57 PM      0.00      0.00      0.00      0.00      0.00      0.00      0.00      0.00
05:38:02 PM      0.00      0.00      0.00      0.00      0.00      0.00      0.00      0.00
05:38:07 PM      0.00      0.00      0.00      0.00      0.00      0.00      0.00      0.00
05:38:12 PM      0.00      0.00      0.00      0.00      0.00      0.00      0.00      0.00
05:38:17 PM      0.00      0.00      0.00      0.00      0.00      0.00      0.00      0.00
05:38:22 PM      0.00      0.00      0.00      0.00      0.00      0.00      0.00      0.00
05:38:27 PM      0.00      0.00      0.00      0.00      0.00      0.00      0.00      0.00
05:38:32 PM      0.00      0.00      0.00      0.00      0.00      0.00      0.00      0.00
05:38:37 PM      0.00      0.00      0.00      0.00      0.00      0.00      0.00      0.00
05:38:42 PM      0.00      0.00      0.00      0.00      0.00      0.00      0.00      0.00
05:38:47 PM      0.00      0.00      0.00      0.00      0.00      0.00      0.00      0.00
05:38:52 PM      0.00      0.00      0.00      0.00      0.00      0.00      0.00      0.00
05:38:57 PM      0.00      0.00      0.00      0.00      0.00      0.00      0.00      0.00
05:39:02 PM      0.00      0.00      0.00      0.00      0.00      0.00      0.00      0.00
05:39:07 PM      0.00      0.00      0.00      0.00      0.00      0.00      0.00      0.00
05:39:12 PM      0.00      0.00      0.00      0.00      0.00      0.00      0.00      0.00
05:39:17 PM      0.00      0.00      0.00      0.00      0.00      0.00      0.00      0.00
05:39:22 PM      0.00      0.00      0.00      0.00      0.00      0.00      0.00      0.00
05:39:27 PM      0.00      0.00      0.00      0.00      0.00      0.00      0.00      0.00
05:39:32 PM      0.00      0.00      0.00      0.00      0.00      0.00      0.00      0.00
05:39:37 PM      0.00      0.00      0.00      0.00      0.00      0.00      0.00      0.00
05:39:42 PM      0.00      0.00      0.00      0.00      0.00      0.00      0.00      0.00
05:39:47 PM      0.00      0.00      0.00      0.00      0.00      0.00      0.00      0.00
05:39:52 PM      0.00      0.00      0.00      0.00      0.00      0.00      0.00      0.00
05:39:57 PM      0.00      0.00      0.00      0.00      0.00      0.00      0.00      0.00
05:40:02 PM      0.00      0.00      0.00      0.00      0.00      0.00      0.00      0.00
05:40:07 PM      0.00      0.00      0.00      0.00      0.00      0.00      0.00      0.00
05:40:12 PM      0.00      0.00      0.00      0.00      0.00      0.00      0.00      0.00
05:40:17 PM      0.00      0.00      0.00      0.00      0.00      0.00      0.00      0.00
05:40:22 PM      0.00      0.00      0.00      0.00      0.00      0.00      0.00      0.00
05:40:27 PM      0.00      0.00      0.00      0.00      0.00      0.00      0.00      0.00
05:40:32 PM      0.00      0.00      0.00      0.00      0.00      0.00      0.00      0.00
05:40:37 PM      0.00      0.00      0.00      0.00      0.00      0.00      0.00      0.00
05:40:42 PM      0.00      0.00      0.00      0.00      0.00      0.00      0.00      0.00
05:40:47 PM      0.00      0.00      0.00      0.00      0.00      0.00      0.00      0.00
05:40:52 PM      0.00      0.00      0.00      0.00      0.00      0.00      0.00      0.00
05:40:57 PM      0.00      0.00      0.00      0.00      0.00      0.00      0.00      0.00
05:41:02 PM      0.00      0.00      0.00      0.00      0.00      0.00      0.00      0.00
05:41:07 PM      0.00      0.00      0.00      0.00      0.00      0.00      0.00      0.00
05:41:12 PM      0.00      0.00      0.00      0.00      0.00      0.00      0.00      0.00
05:41:17 PM      0.00      0.00      0.00      0.00      0.00      0.00      0.00      0.00
05:41:22 PM      0.00      0.00      0.00      0.00      0.00      0.00      0.00      0.00
05:41:27 PM      0.00      0.00      0.00      0.00      0.00      0.00      0.00      0.00
05:41:32 PM      1.48      0.31      0.06      4.20      1.48      0.31      0.06      4.20
05:41:37 PM      0.81      0.28      0.06      0.00      0.81      0.28      0.06      0.00
05:41:42 PM      0.54      0.26      0.06      0.00      0.54      0.26      0.06      0.00
05:41:47 PM      0.29      0.24      0.06      0.00      0.29      0.24      0.06      0.00
05:41:52 PM      0.19      0.22      0.06      0.00      0.19      0.22      0.06      0.00
05:41:57 PM      0.10      0.20      0.06      0.00      0.10      0.20      0.06      0.00
05:42:02 PM      0.36      0.25      0.07      1.12      0.36      0.25      0.07      1.10
05:42:07 PM      0.20      0.22      0.07      0.00      0.20      0.22      0.07      0.00
05:42:12 PM      0.13      0.21      0.07      0.00      0.13      0.21      0.07      0.00
05:42:17 PM      0.07      0.19      0.06      0.00      0.07      0.19      0.06      0.00
05:42:22 PM      0.04      0.17      0.06      0.00      0.04      0.17      0.06      0.00
05:42:27 PM      0.02      0.16      0.06      0.00      0.02      0.16      0.06      0.00
05:42:32 PM      0.16      0.18      0.07      0.84      0.16      0.18      0.07      0.84
05:42:37 PM      0.09      0.16      0.07      0.00      0.09      0.16      0.07      0.00
05:42:42 PM      0.06      0.15      0.06      0.00      0.06      0.15      0.06      0.00
05:42:47 PM      0.03      0.13      0.06      0.00      0.03      0.13      0.06      0.00
05:42:52 PM      0.02      0.12      0.06      0.00      0.02      0.12      0.06      0.00
05:42:57 PM      0.01      0.11      0.06      0.00      0.01      0.11      0.06      0.00
05:43:02 PM      0.66      0.23      0.09      2.05      0.66      0.23      0.09      2.04
05:43:07 PM      0.36      0.21      0.08      0.25      0.36      0.21      0.08      0.25
05:43:12 PM      0.24      0.20      0.08      0.00      0.24      0.20      0.08      0.00
05:43:17 PM      0.13      0.18      0.08      0.00      0.13      0.18      0.08      0.00
05:43:22 PM      0.08      0.16      0.08      0.00      0.08      0.16      0.08      0.00
05:43:27 PM      0.04      0.15      0.07      0.00      0.04      0.15      0.07      0.00
05:43:32 PM      2.35      0.56      0.16      5.40      2.35      0.56      0.16      5.40
05:43:37 PM      1.57      0.53      0.16      0.00      1.57      0.53      0.16      0.00
05:43:42 PM      0.86      0.47      0.16      0.00      0.86      0.47      0.16      0.00
05:43:47 PM      0.58      0.44      0.15      0.00      0.58      0.44      0.15      0.00
05:43:52 PM      0.31      0.40      0.15      0.00      0.31      0.40      0.15      0.00
05:43:57 PM      0.21      0.37      0.14      0.00      0.21      0.37      0.14      0.00
05:44:02 PM      1.71      0.63      0.20      4.15      1.71      0.63      0.20      4.15
05:44:07 PM      1.14      0.59      0.20      0.00      1.14      0.59      0.20      0.00
05:44:12 PM      0.63      0.53      0.20      0.00      0.63      0.53      0.20      0.00
05:44:17 PM      0.42      0.50      0.19      0.00      0.42      0.50      0.19      0.00
05:44:22 PM      0.23      0.45      0.19      0.00      0.23      0.45      0.19      0.00
05:44:27 PM      0.15      0.42      0.19      0.00      0.15      0.42      0.19      0.00
05:44:32 PM      1.35      0.61      0.23      3.30      1.35      0.61      0.23      3.30
05:44:37 PM      0.90      0.57      0.23      0.00      0.90      0.57      0.23      0.00
05:44:42 PM      0.49      0.51      0.22      0.00      0.49      0.51      0.22      0.00
05:44:47 PM      0.33      0.48      0.22      0.00      0.33      0.48      0.22      0.00
05:44:52 PM      0.18      0.43      0.21      0.00      0.18      0.43      0.21      0.00
05:44:57 PM      0.12      0.40      0.21      0.00      0.12      0.40      0.21      0.00
05:45:02 PM      1.33      0.59      0.25      3.19      1.33      0.59      0.25      3.19
05:45:07 PM      0.89      0.55      0.25      0.00      0.89      0.55      0.25      0.00
05:45:12 PM      0.49      0.50      0.24      0.00      0.49      0.50      0.24      0.00
05:45:17 PM      0.32      0.47      0.24      0.00      0.32      0.47      0.24      0.00
05:45:22 PM      0.18      0.42      0.23      0.00      0.18      0.42      0.23      0.00
05:45:27 PM      0.12      0.39      0.23      0.00      0.12      0.39      0.23      0.00
05:45:32 PM      0.97      0.52      0.26      2.43      0.97      0.52      0.26      2.43
05:45:37 PM      0.65      0.49      0.25      0.00      0.65      0.49      0.25      0.00
05:45:42 PM      0.35      0.44      0.25      0.20      0.35      0.44      0.25      0.20
05:45:47 PM      0.23      0.41      0.24      0.00      0.23      0.41      0.24      0.00
05:45:52 PM      0.13      0.37      0.24      0.00      0.13      0.37      0.24      0.00
05:45:57 PM      0.08      0.35      0.23      0.00      0.08      0.35      0.23      0.00
05:46:02 PM      1.31      0.54      0.27      3.00      1.31      0.54      0.27      3.00
05:46:07 PM      0.88      0.51      0.27      0.00      0.88      0.51      0.27      0.00
05:46:12 PM      0.48      0.46      0.27      0.00      0.48      0.46      0.27      0.00
05:46:17 PM      0.32      0.43      0.26      0.00      0.32      0.43      0.26      0.00
05:46:22 PM      0.17      0.38      0.26      0.00      0.17      0.38      0.26      0.00
05:46:27 PM      0.11      0.36      0.25      0.00      0.11      0.36      0.25      0.00
05:46:32 PM      0.42      0.39      0.26      0.97      0.42      0.39      0.26      0.97
05:46:37 PM      0.28      0.36      0.26      0.00      0.28      0.36      0.26      0.00
05:46:42 PM      0.15      0.33      0.25      0.00      0.15      0.33      0.25      0.00
05:46:47 PM      0.10      0.31      0.25      0.00      0.10      0.31      0.25      0.00
05:46:52 PM      0.05      0.28      0.24      0.00      0.05      0.28      0.24      0.00
05:46:57 PM      0.03      0.26      0.24      0.25      0.03      0.26      0.24      0.25
05:47:02 PM      0.56      0.33      0.25      1.54      0.56      0.33      0.25      1.54
05:47:07 PM      0.37      0.31      0.25      0.00      0.37      0.31      0.25      0.00
05:47:12 PM      0.20      0.28      0.24      0.00      0.20      0.28      0.24      0.00
05:47:17 PM      0.13      0.26      0.24      0.00      0.13      0.26      0.24      0.00
05:47:22 PM      0.07      0.23      0.23      0.00      0.07      0.23      0.23      0.00
05:47:27 PM      0.05      0.22      0.23      0.00      0.05      0.22      0.23      0.00
05:47:32 PM      4.37      0.98      0.39      9.67      4.37      0.98      0.39      9.66
05:47:37 PM      2.93      0.92      0.38      0.00      2.93      0.92      0.38      0.00
05:47:42 PM      1.60      0.83      0.37      0.00      1.60      0.83      0.37      0.00
05:47:47 PM      1.07      0.78      0.37      0.00      1.07      0.78      0.37      0.00
05:47:52 PM      0.59      0.70      0.36      0.00      0.59      0.70      0.36      0.00
05:47:57 PM      0.39      0.66      0.35      0.00      0.39      0.66      0.35      0.00
05:48:02 PM      1.12      0.76      0.38      2.37      1.12      0.76      0.38      2.37
05:48:07 PM      0.90      0.74      0.38      0.46      0.90      0.74      0.38      0.46
05:48:12 PM      0.49      0.67      0.37      0.00      0.49      0.67      0.37      0.00
05:48:17 PM      0.33      0.62      0.37      0.00      0.33      0.62      0.37      0.00
05:48:22 PM      0.18      0.56      0.36      0.00      0.18      0.56      0.36      0.00
05:48:27 PM      0.12      0.53      0.35      0.00      0.12      0.53      0.35      0.00
05:48:32 PM      0.24      0.51      0.35      0.41      0.24      0.51      0.35      0.41
05:48:37 PM      0.16      0.47      0.35      0.00      0.16      0.47      0.35      0.00
05:48:42 PM      0.09      0.43      0.34      0.00      0.09      0.43      0.34      0.00
05:48:47 PM      0.06      0.40      0.33      0.00      0.06      0.40      0.33      0.00
05:48:52 PM      0.03      0.36      0.33      0.31      0.03      0.36      0.33      0.31
05:48:57 PM      0.02      0.34      0.32      0.00      0.02      0.34      0.32      0.00
05:49:02 PM      1.27      0.53      0.36      3.13      1.27      0.53      0.36      3.13
05:49:07 PM      0.85      0.50      0.36      0.00      0.85      0.50      0.36      0.00
05:49:12 PM      0.47      0.45      0.35      0.10      0.47      0.45      0.35      0.10
05:49:17 PM      0.31      0.42      0.34      0.00      0.31      0.42      0.34      0.00
05:49:22 PM      0.17      0.38      0.34      0.00      0.17      0.38      0.34      0.00
05:49:27 PM      0.11      0.35      0.33      0.00      0.11      0.35      0.33      0.00
05:49:32 PM      1.69      0.61      0.39      3.81      1.69      0.61      0.39      3.81
05:49:37 PM      1.13      0.57      0.38      0.00      1.13      0.57      0.38      0.00
05:49:42 PM      0.62      0.52      0.37      0.00      0.62      0.52      0.37      0.00
05:49:47 PM      0.41      0.48      0.37      0.00      0.41      0.48      0.37      0.00
05:49:52 PM      0.22      0.44      0.36      0.00      0.22      0.44      0.36      0.00
05:49:57 PM      0.15      0.41      0.35      0.00      0.15      0.41      0.35      0.00
05:50:02 PM      3.34      0.96      0.47      7.54      3.34      0.96      0.47      7.54
05:50:07 PM      2.24      0.89      0.46      0.00      2.24      0.89      0.46      0.00
05:50:12 PM      1.23      0.81      0.45      0.00      1.23      0.81      0.45      0.00
05:50:17 PM      0.82      0.76      0.44      0.00      0.82      0.76      0.44      0.00
05:50:22 PM      0.45      0.68      0.43      0.00      0.45      0.68      0.43      0.00
05:50:27 PM      0.30      0.64      0.43      0.00      0.30      0.64      0.43      0.00
05:50:32 PM      0.89      0.71      0.44      1.85      0.89      0.71      0.44      1.85
05:50:37 PM      0.59      0.66      0.44      0.00      0.59      0.66      0.44      0.00
05:50:42 PM      0.32      0.60      0.43      0.00      0.32      0.60      0.43      0.00
05:50:47 PM      0.21      0.56      0.42      0.00      0.21      0.56      0.42      0.00
05:50:52 PM      0.11      0.50      0.41      0.00      0.11      0.50      0.41      0.00
05:50:57 PM      0.07      0.47      0.41      0.03      0.07      0.47      0.41      0.03
05:51:02 PM      1.13      0.62      0.44      2.45      1.13      0.62      0.44      2.44
05:51:07 PM      0.75      0.58      0.43      0.00      0.75      0.58      0.43      0.00
05:51:12 PM      0.41      0.52      0.42      0.00      0.41      0.52      0.42      0.00
05:51:17 PM      0.27      0.49      0.42      0.25      0.27      0.49      0.42      0.25
05:51:22 PM      0.15      0.44      0.41      0.00      0.15      0.44      0.41      0.00
05:51:27 PM      0.10      0.41      0.40      0.00      0.10      0.41      0.40      0.00
05:51:32 PM      2.22      0.77      0.47      4.84      2.22      0.77      0.47      4.84
05:51:37 PM      1.49      0.72      0.47      0.00      1.49      0.72      0.47      0.00
05:51:42 PM      0.81      0.65      0.46      0.00      0.81      0.65      0.46      0.00
05:51:47 PM      0.54      0.60      0.45      0.00      0.54      0.60      0.45      0.00
05:51:52 PM      0.30      0.55      0.44      0.00      0.30      0.55      0.44      0.00
05:51:57 PM      0.20      0.51      0.43      0.00      0.20      0.51      0.43      0.00
05:52:02 PM      1.56      0.72      0.48      3.44      1.56      0.72      0.48      3.44
05:52:07 PM      1.04      0.67      0.47      0.00      1.04      0.67      0.47      0.00
05:52:12 PM      0.57      0.61      0.46      0.00      0.57      0.61      0.46      0.00
05:52:17 PM      0.38      0.57      0.45      0.00      0.38      0.57      0.45      0.00
05:52:22 PM      0.21      0.51      0.44      0.00      0.21      0.51      0.44      0.00
05:52:27 PM      0.14      0.48      0.44      0.00      0.14      0.48      0.44      0.00
05:52:32 PM      0.25      0.47      0.43      0.69      0.25      0.47      0.43      0.69
05:52:37 PM      0.17      0.44      0.43      0.00      0.17      0.44      0.43      0.00
05:52:42 PM      0.09      0.39      0.42      0.00      0.09      0.39      0.42      0.00
05:52:47 PM      0.06      0.37      0.41      0.00      0.06      0.37      0.41      0.00
05:52:52 PM      0.03      0.33      0.40      0.00      0.03      0.33      0.40      0.00
05:52:57 PM      0.02      0.31      0.40      0.00      0.02      0.31      0.40      0.00
05:53:02 PM      0.73      0.41      0.42      1.63      0.73      0.41      0.42      1.63
05:53:07 PM      0.49      0.38      0.41      0.00      0.49      0.38      0.41      0.00
05:53:12 PM      0.27      0.35      0.40      0.00      0.27      0.35      0.40      0.00
05:53:17 PM      0.18      0.32      0.40      0.00      0.18      0.32      0.40      0.00
05:53:22 PM      0.09      0.29      0.39      0.00      0.09      0.29      0.39      0.00
05:53:27 PM      0.06      0.27      0.38      0.00      0.06      0.27      0.38      0.00
05:53:32 PM      1.48      0.51      0.43      4.04      1.48      0.51      0.43      4.04
05:53:37 PM      1.14      0.50      0.43      0.00      1.14      0.50      0.43      0.00
05:53:42 PM      0.62      0.46      0.42      0.00      0.62      0.46      0.42      0.00
05:53:47 PM      0.41      0.43      0.41      0.00      0.41      0.43      0.41      0.00
05:53:52 PM      0.22      0.38      0.40      0.00      0.22      0.38      0.40      0.00
05:53:57 PM      0.15      0.36      0.40      0.00      0.15      0.36      0.40      0.00
05:54:02 PM      0.44      0.39      0.40      1.01      0.44      0.39      0.40      1.01
05:54:07 PM      0.29      0.36      0.40      0.00      0.29      0.36      0.40      0.00
05:54:12 PM      0.16      0.33      0.39      0.00      0.16      0.33      0.39      0.00
05:54:17 PM      0.10      0.31      0.38      0.00      0.10      0.31      0.38      0.00
05:54:22 PM      0.05      0.28      0.37      0.00      0.05      0.28      0.37      0.00
05:54:27 PM      0.03      0.26      0.37      0.00      0.03      0.26      0.37      0.00
05:54:32 PM      0.20      0.27      0.37      0.66      0.20      0.27      0.37      0.66
05:54:37 PM      0.13      0.25      0.36      0.00      0.13      0.25      0.36      0.00
05:54:42 PM      0.07      0.22      0.35      0.00      0.07      0.22      0.35      0.00
05:54:47 PM      0.04      0.21      0.35      0.00      0.04      0.21      0.35      0.00
05:54:52 PM      0.02      0.19      0.34      0.00      0.02      0.19      0.34      0.00
05:54:57 PM      0.01      0.17      0.33      0.00      0.01      0.17      0.33      0.00
05:55:02 PM      0.19      0.19      0.33      1.38      0.19      0.19      0.33      1.38
05:55:07 PM      0.27      0.21      0.34      0.00      0.27      0.21      0.34      0.00
05:55:12 PM      0.15      0.19      0.33      0.00      0.15      0.19      0.33      0.00
05:55:17 PM      0.10      0.17      0.33      0.00      0.10      0.17      0.33      0.00
05:55:22 PM      0.05      0.16      0.32      0.00      0.05      0.16      0.32      0.00
05:55:27 PM      0.03      0.15      0.31      0.00      0.03      0.15      0.31      0.00
05:55:32 PM      0.38      0.20      0.32      5.65      0.38      0.20      0.32      5.65
05:55:37 PM      1.88      0.53      0.39      0.11      1.88      0.53      0.39      0.11
05:55:42 PM      1.03      0.48      0.38      0.00      1.03      0.48      0.38      0.00
05:55:47 PM      0.69      0.45      0.38      0.10      0.69      0.45      0.38      0.10
05:55:52 PM      0.38      0.40      0.37      0.00      0.38      0.40      0.37      0.00
05:55:57 PM      0.25      0.38      0.36      0.00      0.25      0.38      0.36      0.00
05:56:02 PM      0.13      0.34      0.35      1.06      0.13      0.34      0.35      1.06
05:56:07 PM      0.39      0.38      0.36      0.00      0.39      0.38      0.36      0.00
05:56:12 PM      0.21      0.34      0.35      0.00      0.21      0.34      0.35      0.00
05:56:17 PM      0.14      0.32      0.35      0.00      0.14      0.32      0.35      0.00
05:56:22 PM      0.07      0.29      0.34      0.00      0.07      0.29      0.34      0.00
05:56:27 PM      0.05      0.27      0.33      0.00      0.05      0.27      0.33      0.00
05:56:32 PM      0.20      0.28      0.33      4.33      0.20      0.28      0.33      4.33
05:56:37 PM      1.47      0.54      0.39      0.00      1.47      0.54      0.39      0.00
05:56:42 PM      0.80      0.49      0.38      0.00      0.80      0.49      0.38      0.00
05:56:47 PM      0.54      0.46      0.38      0.00      0.54      0.46      0.38      0.00
05:56:52 PM      0.29      0.41      0.37      0.00      0.29      0.41      0.37      0.00
05:56:57 PM      0.19      0.39      0.36      0.00      0.19      0.39      0.36      0.00
05:57:02 PM      0.10      0.35      0.35      5.94      0.10      0.35      0.35      5.94
05:57:07 PM      2.14      0.77      0.44      0.23      2.14      0.77      0.44      0.23
05:57:12 PM      1.17      0.69      0.43      0.00      1.17      0.69      0.43      0.00
05:57:17 PM      0.79      0.65      0.43      0.00      0.79      0.65      0.43      0.00
05:57:22 PM      0.43      0.59      0.42      0.00      0.43      0.59      0.42      0.00
05:57:27 PM      0.29      0.55      0.41      0.00      0.29      0.55      0.41      0.00
05:57:32 PM      0.15      0.49      0.40      0.31      0.15      0.49      0.40      0.31
05:57:37 PM      0.10      0.46      0.40      0.00      0.10      0.46      0.40      0.00
05:57:42 PM      0.05      0.42      0.39      0.00      0.05      0.42      0.39      0.00
05:57:47 PM      0.03      0.39      0.38      0.00      0.03      0.39      0.38      0.00
05:57:52 PM      0.02      0.35      0.37      0.00      0.02      0.35      0.37      0.00
05:57:57 PM      0.01      0.33      0.37      0.00      0.01      0.33      0.37      0.00
05:58:02 PM      0.00      0.29      0.36      1.48      0.00      0.29      0.36      1.48
05:58:07 PM      0.59      0.40      0.38      0.16      0.59      0.40      0.38      0.16
05:58:12 PM      0.32      0.36      0.37      0.00      0.32      0.36      0.37      0.00
05:58:17 PM      0.21      0.34      0.37      0.00      0.21      0.34      0.37      0.00
05:58:22 PM      0.11      0.31      0.36      0.00      0.11      0.31      0.36      0.00
05:58:27 PM      0.07      0.28      0.35      0.00      0.07      0.28      0.35      0.00
05:58:32 PM      0.04      0.26      0.34      2.33      0.04      0.26      0.34      2.33
05:58:37 PM      1.36      0.52      0.40      1.55      1.36      0.52      0.40      1.55
05:58:42 PM      0.74      0.47      0.39      0.00      0.74      0.47      0.39      0.00
05:58:47 PM      0.50      0.44      0.39      0.00      0.50      0.44      0.39      0.00
05:58:52 PM      0.27      0.40      0.38      0.00      0.27      0.40      0.38      0.00
05:58:57 PM      0.18      0.37      0.37      0.00      0.18      0.37      0.37      0.00
05:59:02 PM      0.10      0.34      0.36      1.58      0.10      0.34      0.36      1.58
05:59:07 PM      0.80      0.47      0.39      0.76      0.80      0.47      0.39      0.76
05:59:12 PM      0.44      0.43      0.38      0.88      0.44      0.43      0.38      0.87
05:59:17 PM      0.59      0.46      0.39      0.00      0.59      0.46      0.39      0.00
05:59:22 PM      0.32      0.42      0.38      0.00      0.32      0.42      0.38      0.00
05:59:27 PM      0.21      0.39      0.38      0.00      0.21      0.39      0.38      0.00
05:59:32 PM      0.11      0.35      0.37      0.11      0.11      0.35      0.37      0.11
05:59:37 PM      0.07      0.33      0.36      0.01      0.07      0.33      0.36      0.01
05:59:42 PM      0.04      0.29      0.35      0.00      0.04      0.29      0.35      0.00
05:59:47 PM      0.02      0.27      0.35      0.00      0.02      0.27      0.35      0.00
05:59:52 PM      0.01      0.25      0.34      0.00      0.01      0.25      0.34      0.00
05:59:57 PM      0.00      0.23      0.33      0.00      0.00      0.23      0.33      0.00
06:00:02 PM      0.00      0.21      0.33      0.12      0.00      0.21      0.33      0.12
06:00:07 PM      0.74      0.35      0.36      1.90      0.74      0.35      0.36      1.90
06:00:12 PM      0.40      0.32      0.35      0.00      0.40      0.32      0.35      0.00
06:00:17 PM      0.27      0.30      0.34      0.00      0.27      0.30      0.34      0.00
06:00:22 PM      0.14      0.27      0.34      0.00      0.14      0.27      0.34      0.00
06:00:27 PM      0.10      0.25      0.33      0.00      0.10      0.25      0.33      0.00
06:00:32 PM      0.05      0.22      0.32      0.00      0.05      0.22      0.32      0.00
06:00:37 PM      1.96      0.62      0.41      5.24      1.96      0.62      0.41      5.24
06:00:42 PM      1.07      0.56      0.40      0.00      1.07      0.56      0.40      0.00
06:00:47 PM      0.72      0.52      0.39      0.00      0.72      0.52      0.39      0.00
06:00:52 PM      0.39      0.47      0.38      0.00      0.39      0.47      0.38      0.00
06:00:57 PM      0.26      0.44      0.38      0.00      0.26      0.44      0.38      0.00
06:01:02 PM      0.14      0.40      0.37      0.00      0.14      0.40      0.37      0.00
06:01:07 PM      0.09      0.37      0.36      0.18      0.09      0.37      0.36      0.18
06:01:12 PM      0.05      0.34      0.36      0.00      0.05      0.34      0.36      0.00
06:01:17 PM      0.03      0.31      0.35      0.00      0.03      0.31      0.35      0.00
06:01:22 PM      0.01      0.28      0.34      0.00      0.01      0.28      0.34      0.00
06:01:27 PM      0.01      0.26      0.34      0.00      0.01      0.26      0.34      0.00
06:01:32 PM      0.00      0.24      0.33      0.00      0.00      0.24      0.33      0.00
06:01:37 PM      1.48      0.54      0.39      4.17      1.48      0.54      0.39      4.17
06:01:42 PM      0.81      0.49      0.38      0.00      0.81      0.49      0.38      0.00
06:01:47 PM      0.54      0.45      0.38      0.00      0.54      0.45      0.38      0.00
06:01:52 PM      0.29      0.41      0.37      0.00      0.29      0.41      0.37      0.00
06:01:57 PM      0.20      0.38      0.36      0.00      0.20      0.38      0.36      0.00
06:02:02 PM      0.10      0.35      0.36      0.00      0.10      0.35      0.36      0.00
06:02:07 PM      2.29      0.80      0.45      6.15      2.29      0.80      0.45      6.14
06:02:12 PM      1.26      0.72      0.44      0.00      1.26      0.72      0.44      0.00
06:02:17 PM      0.84      0.67      0.43      0.00      0.84      0.67      0.43      0.00
06:02:22 PM      0.46      0.61      0.42      0.00      0.46      0.61      0.42      0.00
06:02:27 PM      0.31      0.57      0.42      0.00      0.31      0.57      0.42      0.00
06:02:32 PM      0.16      0.51      0.41      0.00      0.16      0.51      0.41      0.00
06:02:37 PM      1.30      0.73      0.46      3.25      1.30      0.73      0.46      3.25
06:02:42 PM      0.71      0.66      0.45      0.00      0.71      0.66      0.45      0.00
06:02:47 PM      0.47      0.62      0.44      0.00      0.47      0.62      0.44      0.00
06:02:52 PM      0.26      0.56      0.43      0.00      0.26      0.56      0.43      0.00
06:02:57 PM      0.17      0.52      0.42      0.00      0.17      0.52      0.42      0.00
06:03:02 PM      0.09      0.47      0.41      0.00      0.09      0.47      0.41      0.00
06:03:07 PM      0.06      0.44      0.41      0.39      0.06      0.44      0.41      0.39
06:03:12 PM      0.03      0.40      0.40      0.00      0.03      0.40      0.40      0.00
06:03:17 PM      0.02      0.37      0.39      0.00      0.02      0.37      0.39      0.00
06:03:22 PM      0.01      0.33      0.39      0.00      0.01      0.33      0.39      0.00
06:03:27 PM      0.00      0.31      0.38      0.00      0.00      0.31      0.38      0.00
06:03:32 PM      0.00      0.28      0.37      0.00      0.00      0.28      0.37      0.00
06:03:37 PM      2.88      0.87      0.50      7.66      2.88      0.87      0.50      7.66
06:03:42 PM      1.58      0.78      0.48      0.00      1.58      0.78      0.48      0.00
06:03:47 PM      1.06      0.73      0.48      0.00      1.06      0.73      0.48      0.00
06:03:52 PM      0.58      0.66      0.47      0.00      0.58      0.66      0.47      0.00
06:03:57 PM      0.39      0.62      0.46      0.00      0.39      0.62      0.46      0.00
06:04:02 PM      0.21      0.56      0.45      0.00      0.21      0.56      0.45      0.00
06:04:08 PM      2.25      0.97      0.54      5.89      2.25      0.97      0.54      5.89
06:04:13 PM      1.23      0.87      0.53      0.00      1.23      0.87      0.53      0.00
06:04:18 PM      0.82      0.82      0.52      0.00      0.82      0.82      0.52      0.00
06:04:23 PM      0.45      0.74      0.51      0.00      0.45      0.74      0.51      0.00
06:04:28 PM      0.30      0.69      0.50      0.00      0.30      0.69      0.50      0.00
06:04:33 PM      0.16      0.62      0.49      0.00      0.16      0.62      0.49      0.00
06:04:38 PM      0.70      0.71      0.51      1.86      0.70      0.71      0.51      1.86
06:04:43 PM      0.38      0.64      0.50      0.00      0.38      0.64      0.50      0.00
06:04:48 PM      0.25      0.60      0.49      0.00      0.25      0.60      0.49      0.00
06:04:53 PM      0.14      0.54      0.48      0.00      0.14      0.54      0.48      0.00
06:04:58 PM      0.09      0.50      0.47      0.00      0.09      0.50      0.47      0.00
06:05:03 PM      0.05      0.46      0.46      0.00      0.05      0.46      0.46      0.00
06:05:08 PM      0.18      0.46      0.46      0.66      0.18      0.46      0.46      0.66
06:05:13 PM      0.09      0.41      0.45      0.00      0.09      0.41      0.45      0.00
06:05:18 PM      0.06      0.39      0.45      0.00      0.06      0.39      0.45      0.00
06:05:23 PM      0.03      0.35      0.44      0.00      0.03      0.35      0.44      0.00
06:05:28 PM      0.02      0.32      0.43      0.00      0.02      0.32      0.43      0.00
06:05:33 PM      0.01      0.29      0.42      0.00      0.01      0.29      0.42      0.00
06:05:38 PM      0.60      0.40      0.44      1.90      0.60      0.40      0.44      1.90
06:05:43 PM      0.32      0.36      0.43      0.00      0.32      0.36      0.43      0.00
06:05:48 PM      0.22      0.34      0.42      0.00      0.22      0.34      0.42      0.00
06:05:53 PM      0.12      0.30      0.42      0.00      0.12      0.30      0.42      0.00
06:05:58 PM      0.08      0.28      0.41      0.00      0.08      0.28      0.41      0.00
06:06:03 PM      0.04      0.25      0.40      0.00      0.04      0.25      0.40      0.00
06:06:08 PM      1.24      0.49      0.45      3.56      1.24      0.49      0.45      3.56
06:06:13 PM      0.68      0.44      0.44      0.00      0.68      0.44      0.44      0.00
06:06:18 PM      0.45      0.41      0.43      0.00      0.45      0.41      0.43      0.00
06:06:23 PM      0.25      0.37      0.42      0.00      0.25      0.37      0.42      0.00
06:06:28 PM      0.16      0.35      0.42      0.00      0.16      0.35      0.42      0.00
06:06:33 PM      0.09      0.31      0.41      0.00      0.09      0.31      0.41      0.00
06:06:38 PM      0.50      0.39      0.42      1.30      0.50      0.39      0.42      1.30
06:06:43 PM      0.27      0.35      0.41      0.00      0.27      0.35      0.41      0.00
06:06:48 PM      0.18      0.33      0.41      0.00      0.18      0.33      0.41      0.00
06:06:53 PM      0.10      0.29      0.40      0.00      0.10      0.29      0.40      0.00
06:06:58 PM      0.06      0.27      0.39      0.00      0.06      0.27      0.39      0.00
06:07:03 PM      0.15      0.28      0.39      0.49      0.15      0.28      0.39      0.49
06:07:08 PM      0.10      0.26      0.39      0.00      0.10      0.26      0.39      0.00
06:07:13 PM      0.05      0.23      0.38      0.00      0.05      0.23      0.38      0.00
06:07:18 PM      0.03      0.22      0.37      0.00      0.03      0.22      0.37      0.00
06:07:23 PM      0.02      0.20      0.36      0.00      0.02      0.20      0.36      0.00
06:07:28 PM      0.01      0.18      0.36      0.00      0.01      0.18      0.36      0.00
06:07:33 PM      0.00      0.16      0.35      0.34      0.00      0.16      0.35      0.34
06:07:38 PM      0.51      0.25      0.36      1.76      0.51      0.25      0.36      1.76
06:07:43 PM      0.28      0.23      0.36      0.00      0.28      0.23      0.36      0.00
06:07:48 PM      0.18      0.21      0.35      0.00      0.18      0.21      0.35      0.00
06:07:53 PM      0.10      0.19      0.34      0.00      0.10      0.19      0.34      0.00
06:07:58 PM      0.06      0.18      0.34      0.00      0.06      0.18      0.34      0.00
06:08:03 PM      0.03      0.16      0.33      0.00      0.03      0.16      0.33      0.00
06:08:08 PM      1.40      0.41      0.38      3.56      1.40      0.41      0.38      3.55
06:08:13 PM      0.77      0.37      0.37      0.00      0.77      0.37      0.37      0.00
06:08:18 PM      0.51      0.34      0.37      0.00      0.51      0.34      0.37      0.00
06:08:23 PM      0.28      0.31      0.36      0.00      0.28      0.31      0.36      0.00
06:08:28 PM      0.18      0.29      0.35      0.00      0.18      0.29      0.35      0.00
06:08:33 PM      0.10      0.26      0.34      0.00      0.10      0.26      0.34      0.00
06:08:38 PM      0.06      0.24      0.34      0.20      0.06      0.24      0.34      0.20
06:08:43 PM      0.03      0.22      0.33      0.00      0.03      0.22      0.33      0.00
06:08:48 PM      0.02      0.20      0.33      0.00      0.02      0.20      0.33      0.00
06:08:53 PM      0.01      0.18      0.32      0.00      0.01      0.18      0.32      0.00
06:08:58 PM      0.00      0.17      0.32      0.10      0.00      0.17      0.32      0.10
06:09:03 PM      0.00      0.15      0.31      0.00      0.00      0.15      0.31      0.00
06:09:08 PM      0.00      0.14      0.30      0.01      0.00      0.14      0.30      0.01
06:09:13 PM      0.00      0.13      0.30      0.00      0.00      0.13      0.30      0.00
06:09:18 PM      0.00      0.12      0.29      0.02      0.00      0.12      0.29      0.01
06:09:23 PM      0.00      0.11      0.28      0.00      0.00      0.11      0.28      0.00
06:09:28 PM      0.00      0.10      0.28      0.00      0.00      0.10      0.28      0.00
06:09:33 PM      0.00      0.09      0.27      0.00      0.00      0.09      0.27      0.00
06:09:38 PM      1.99      0.44      0.34      4.65      1.99      0.44      0.34      4.65
06:09:43 PM      1.09      0.40      0.34      0.00      1.09      0.40      0.34      0.00
06:09:48 PM      0.73      0.37      0.33      0.00      0.73      0.37      0.33      0.00
06:09:53 PM      0.40      0.34      0.33      0.00      0.40      0.34      0.33      0.00
Average:         0.21      0.20      0.16      0.23      0.21      0.20      0.16      0.23
