Linux 7.0.11-arch1-1 (archlinux) 	06/05/2026 	_x86_64_	(4 CPU)

05:09:52 PM kbmemfree   kbavail kbmemused  %memused kbbuffers  kbcached  kbcommit   %commit  kbactive   kbinact   kbdirty   kbshmem
05:09:57 PM   4000616   4014596   3891236     49.22      2556    228136   8765592     31.89   3623588     69196       952      5372
05:10:02 PM   4000616   4014596   3891236     49.22      2556    228136   8765592     31.89   3623724     69196      1000      5372
05:10:07 PM   4000616   4014596   3891236     49.22      2556    228140   8765592     31.89   3623724     69196      1004      5372
05:10:12 PM   4000376   4014460   3891372     49.22      2556    228248   8765592     31.89   3623732     69292       612      5372
05:10:17 PM   4000376   4014460   3891372     49.22      2556    228248   8765592     31.89   3623732     69292       612      5372
05:10:22 PM   3999620   4014464   3891368     49.22      2556    229064   8765592     31.89   3623732     70052       472      5372
05:10:27 PM   3999620   4014744   3891088     49.22      2556    229304   8765592     31.89   3623740     70332       200      5372
05:10:32 PM   3999620   4014776   3891056     49.22      2556    229304   8765592     31.89   3623740     70364       148      5372
05:10:37 PM   3999620   4014776   3891056     49.22      2556    229304   8765592     31.89   3623740     70364       148      5372
05:10:42 PM   3999620   4014776   3891056     49.22      2556    229304   8765592     31.89   3623752     70364       148      5372
05:10:47 PM   3999620   4014776   3891056     49.22      2556    229304   8765592     31.89   3623752     70364       148      5372
05:10:52 PM   3999620   4014776   3891056     49.22      2556    229304   8765592     31.89   3623752     70364       148      5372
05:10:57 PM   3999620   4014900   3890932     49.22      2556    229448   8765848     31.90   3623752     70488        20      5372
05:11:02 PM   3999620   4015048   3890784     49.21      2556    229576   8765848     31.90   3623808     70636       244      5372
05:11:07 PM   3999620   4015048   3890784     49.21      2556    229580   8765848     31.90   3623808     70636       272      5372
05:11:12 PM   3999620   4015048   3890784     49.21      2556    229580   8765848     31.90   3623808     70636       272      5372
05:11:17 PM   3999620   4015048   3890784     49.21      2556    229576   8765848     31.90   3623808     70636       268      5372
05:11:22 PM   3999620   4015048   3890784     49.21      2556    229576   8765848     31.90   3623808     70636       268      5372
05:11:27 PM   3999368   4014920   3890912     49.22      2556    229788   8765848     31.90   3623808     70760       196      5372
05:11:32 PM   3999368   4014952   3890880     49.22      2556    229816   8765848     31.90   3623808     70792        20      5372
05:11:37 PM   3999368   4015084   3890748     49.21      2556    229864   8765848     31.90   3623808     70924        48      5372
05:11:42 PM   3999368   4015084   3890748     49.21      2556    229864   8765848     31.90   3623808     70924        68      5372
05:11:47 PM   3999368   4015084   3890748     49.21      2556    229944   8765848     31.90   3623808     70924       268      5372
05:11:52 PM   3999368   4015084   3890748     49.21      2556    229944   8765848     31.90   3623808     70924       268      5372
05:11:57 PM   3999116   4015036   3890796     49.21      2556    230072   8765848     31.90   3623808     71128       140      5372
05:12:02 PM   3999116   4015036   3890796     49.21      2556    230072   8765848     31.90   3623808     71128       140      5372
05:12:07 PM   3999116   4015040   3890792     49.21      2556    230072   8765848     31.90   3623808     71132       140      5372
05:12:12 PM   3999116   4015136   3890696     49.21      2556    230200   8765848     31.90   3623808     71228       252      5372
05:12:17 PM   3999116   4015168   3890664     49.21      2556    230200   8765848     31.90   3623808     71260       148      5372
05:12:22 PM   3999116   4015168   3890664     49.21      2556    230200   8765848     31.90   3623808     71260       148      5372
05:12:27 PM   3999116   4015172   3890660     49.21      2556    230208   8765848     31.90   3623808     71264       272      5372
05:12:32 PM   3999116   4015172   3890660     49.21      2556    230204   8765848     31.90   3623808     71264       268      5372
05:12:37 PM   3999116   4015172   3890660     49.21      2556    230204   8765848     31.90   3623808     71264       268      5372
05:12:42 PM   3999116   4015296   3890536     49.21      2556    230364   8765848     31.90   3623808     71388       140      5372
05:12:47 PM   3999116   4015428   3890404     49.21      2556    230460   8765848     31.90   3623808     71520       212      5372
05:12:52 PM   3999116   4015428   3890404     49.21      2556    230460   8765848     31.90   3623808     71520       232      5372
05:12:57 PM   4006304   4022620   3883212     49.12      2556    230512   8765848     31.90   3621760     71524       168      5372
05:13:02 PM   4006304   4022620   3883212     49.12      2556    230512   8765848     31.90   3621760     71524       168      5372
05:13:07 PM   4006304   4022668   3883164     49.12      2556    230512   8765848     31.90   3621768     71572       168      5372
05:13:12 PM   4006304   4022668   3883164     49.12      2556    230512   8765848     31.90   3621768     71572       168      5372
05:13:17 PM   4005548   4022408   3883424     49.12      2556    231104   8765848     31.90   3621768     72068       224      5372
05:13:22 PM   4005548   4022552   3883280     49.12      2556    231236   8765848     31.90   3621776     72212       332      5372
05:13:27 PM   4005548   4022632   3883200     49.12      2556    231236   8765848     31.90   3621776     72292       356      5372
05:13:32 PM   4005548   4022636   3883196     49.12      2556    231240   8765848     31.90   3621776     72296       360      5372
05:13:37 PM   4005548   4022640   3883192     49.12      2556    231240   8765848     31.90   3621776     72300       360      5372
05:13:42 PM   4005548   4022640   3883192     49.12      2556    231240   8765848     31.90   3621776     72300       360      5372
05:13:47 PM   4005296   4022628   3883204     49.12      2556    231528   8765848     31.90   3621776     72540        28      5372
05:13:52 PM   4005296   4022660   3883172     49.12      2556    231624   8774044     31.93   3621776     72572        28      5372
05:13:57 PM   4004804   4022408   3883424     49.12      2556    231752   8774044     31.93   3621784     72812       128      5372
05:14:02 PM   4004580   4022184   3883648     49.12      2556    231752   8774044     31.93   3621784     72812       148      5372
05:14:07 PM   4004328   4021932   3883900     49.13      2556    231752   8773108     31.92   3621584     72812       148      5372
05:14:12 PM   4004328   4021932   3883900     49.13      2556    231752   8773108     31.92   3621584     72812       148      5372
05:14:17 PM   4004076   4021928   3883904     49.13      2556    232040   8773108     31.92   3621584     73060        20      5372
05:14:22 PM   4004076   4021928   3883904     49.13      2556    232040   8773108     31.92   3621584     73060        20      5372
05:14:27 PM   4004076   4021968   3883864     49.13      2556    232040   8773108     31.92   3621584     73100        20      5372
05:14:32 PM   4004076   4021984   3883848     49.13      2556    232056   8773108     31.92   3621584     73116       112      5372
05:14:37 PM   4004076   4021984   3883848     49.13      2556    232056   8773108     31.92   3621584     73116       132      5372
05:14:42 PM   4004076   4021984   3883848     49.13      2556    232056   8773108     31.92   3621584     73116       132      5372
05:14:47 PM   4004076   4021984   3883848     49.13      2556    232056   8773108     31.92   3621584     73116       132      5372
05:14:52 PM   4004076   4021984   3883848     49.13      2556    232056   8773108     31.92   3621584     73116       132      5372
05:14:57 PM   4004076   4021984   3883848     49.13      2556    232056   8773108     31.92   3621584     73116       132      5372
05:15:02 PM   4004076   4021992   3883840     49.13      2556    232092   8773108     31.92   3621584     73116        24      5372
05:15:07 PM   4004076   4022028   3883804     49.13      2556    232092   8773108     31.92   3621584     73152       112      5372
05:15:12 PM   4004076   4022028   3883804     49.13      2556    232092   8773108     31.92   3621584     73152       132      5372
05:15:17 PM   4004076   4022028   3883804     49.13      2556    232092   8773108     31.92   3621584     73152       132      5372
05:15:22 PM   4004076   4022028   3883804     49.13      2556    232092   8773108     31.92   3621584     73152       132      5372
05:15:27 PM   4004076   4022028   3883804     49.13      2556    232092   8773108     31.92   3621584     73152       132      5372
05:15:32 PM   4004076   4022028   3883804     49.13      2556    232092   8773108     31.92   3621584     73152       132      5372
05:15:37 PM   4004076   4022028   3883804     49.13      2556    232092   8773108     31.92   3621584     73152        20      5372
05:15:42 PM   4004076   4022028   3883804     49.13      2556    232092   8773108     31.92   3621584     73152       112      5372
05:15:47 PM   4004076   4022028   3883804     49.13      2556    232092   8773108     31.92   3621584     73152       132      5372
05:15:52 PM   4004076   4022028   3883804     49.13      2556    232092   8773108     31.92   3621584     73152       132      5372
05:15:57 PM   4004076   4022028   3883804     49.13      2556    232096   8773108     31.92   3621584     73152       136      5372
05:16:02 PM   4004076   4022032   3883800     49.13      2556    232096   8773108     31.92   3621584     73156       136      5372
05:16:07 PM   4004076   4022032   3883800     49.13      2556    232096   8773108     31.92   3621584     73156        24      5372
05:16:12 PM   4004076   4022032   3883800     49.13      2556    232096   8773108     31.92   3621584     73156        24      5372
05:16:17 PM   4004076   4022032   3883800     49.13      2556    232096   8773108     31.92   3621584     73156       112      5372
05:16:22 PM   4004076   4022036   3883796     49.13      2556    232100   8773108     31.92   3621584     73160       136      5372
05:16:27 PM   4004076   4022036   3883796     49.13      2556    232100   8773108     31.92   3621584     73160       136      5372
05:16:32 PM   4004076   4022036   3883796     49.13      2556    232100   8773108     31.92   3621584     73160       136      5372
05:16:37 PM   4004076   4022036   3883796     49.13      2556    232100   8773108     31.92   3621584     73160       136      5372
05:16:42 PM   4004076   4022036   3883796     49.13      2556    232100   8773108     31.92   3621584     73160        24      5372
05:16:47 PM   4004076   4022036   3883796     49.13      2556    232100   8773108     31.92   3621584     73160        24      5372
05:16:52 PM   4004076   4022036   3883796     49.13      2556    232100   8773108     31.92   3621584     73160       128      5372
05:16:57 PM   4004076   4022036   3883796     49.13      2556    232100   8773108     31.92   3621584     73160       148      5372
05:17:02 PM   4004076   4022036   3883796     49.13      2556    232100   8773108     31.92   3621584     73160       148      5372
05:17:07 PM   4004076   4022036   3883796     49.13      2556    232100   8773108     31.92   3621584     73160       148      5372
05:17:12 PM   4004076   4022036   3883796     49.13      2556    232100   8773108     31.92   3621584     73160       148      5372
05:17:17 PM   4004076   4022036   3883796     49.13      2556    232108   8773108     31.92   3621584     73160        28      5372
05:17:22 PM   4004076   4022044   3883788     49.13      2556    232108   8773108     31.92   3621584     73168        28      5372
05:17:27 PM   4004076   4022044   3883788     49.13      2556    232124   8773108     31.92   3621584     73168       112      5372
05:17:32 PM   4004076   4022060   3883772     49.13      2556    232208   8773108     31.92   3621584     73184       300      5372
05:17:37 PM   4004076   4022060   3883772     49.13      2556    232244   8773108     31.92   3621584     73184       336      5372
05:17:42 PM   4004076   4022176   3883656     49.12      2556    232240   8773108     31.92   3621584     73300       332      5372
05:17:47 PM   4004076   4022176   3883656     49.12      2556    232240   8773108     31.92   3621584     73300       332      5372
05:17:52 PM   4004076   4022224   3883608     49.12      2556    232320   8773108     31.92   3621584     73348       220      5372
05:17:57 PM   4003320   4021840   3883992     49.13      2556    232800   8773108     31.92   3621584     73720       140      5372
05:18:02 PM   4003320   4022092   3883740     49.13      2556    232912   8773108     31.92   3621584     73972       228      5372
05:18:07 PM   4003320   4022092   3883740     49.13      2556    232912   8773108     31.92   3621584     73972       132      5372
05:18:12 PM   4003320   4022092   3883740     49.13      2556    232912   8773108     31.92   3621584     73972       132      5372
05:18:17 PM   4003320   4022092   3883740     49.13      2556    232912   8773108     31.92   3621584     73972       132      5372
05:18:22 PM   4003320   4022092   3883740     49.13      2556    232912   8773108     31.92   3621584     73972        20      5372
05:18:27 PM   4003148   4021920   3883912     49.13      2556    232916   8773108     31.92   3621584     73972        36      5372
05:18:32 PM   4002564   4021692   3884140     49.13      2556    233316   8773108     31.92   3621600     74328       156      5372
05:18:37 PM   4002564   4021784   3884048     49.13      2556    233472   8773108     31.92   3621604     74420       292      5372
05:18:42 PM   4002564   4021896   3883936     49.13      2556    233472   8773108     31.92   3621604     74532       312      5372
05:18:47 PM   4002564   4021896   3883936     49.13      2556    233472   8773108     31.92   3621604     74532       312      5372
05:18:52 PM   4002564   4021896   3883936     49.13      2556    233472   8773108     31.92   3621604     74532       312      5372
05:18:57 PM   4002564   4021896   3883936     49.13      2556    233472   8773108     31.92   3621608     74532        20      5372
05:19:02 PM   4002564   4021896   3883936     49.13      2556    233476   8773108     31.92   3621608     74532        24      5372
05:19:07 PM   4002312   4022096   3883736     49.12      2556    233924   8773108     31.92   3621420     74984        24      5372
05:19:12 PM   4002312   4022100   3883732     49.12      2556    234020   8773108     31.92   3621528     74984       112      5372
05:19:17 PM   4002312   4022200   3883632     49.12      2556    234020   8773108     31.92   3621612     75080       132      5372
05:19:22 PM   4002312   4022200   3883632     49.12      2556    234020   8773108     31.92   3621612     75080       132      5372
05:19:27 PM   4002312   4022200   3883632     49.12      2556    234020   8773108     31.92   3621612     75080       132      5372
05:19:32 PM   4002312   4022200   3883632     49.12      2556    234020   8773108     31.92   3621612     75080       132      5372
05:19:37 PM   4002312   4022200   3883632     49.12      2556    234020   8773108     31.92   3621612     75080        20      5372
05:19:42 PM   4002060   4022196   3883636     49.12      2556    234308   8773108     31.92   3621612     75328        20      5372
05:19:47 PM   4007180   4027356   3878476     49.06      2556    234420   8773108     31.92   3621612     75368       112      5372
05:19:52 PM   4007180   4027356   3878476     49.06      2556    234420   8773108     31.92   3621612     75368       132      5372
05:19:57 PM   4007180   4027468   3878364     49.06      2556    234420   8773108     31.92   3621612     75480       132      5372
05:20:02 PM   4007180   4027468   3878364     49.06      2556    234420   8773108     31.92   3621612     75480       132      5372
05:20:07 PM   4007180   4027468   3878364     49.06      2556    234420   8773108     31.92   3621612     75480       132      5372
05:20:12 PM   4007180   4027468   3878364     49.06      2556    234424   8773108     31.92   3621612     75480        24      5372
05:20:17 PM   4006928   4027652   3878180     49.05      2556    234856   8773108     31.92   3621612     75916        24      5372
05:20:22 PM   4006928   4027652   3878180     49.05      2556    234968   8773108     31.92   3621612     75916       112      5372
05:20:27 PM   4006928   4027764   3878068     49.05      2556    234968   8773108     31.92   3621612     76028       132      5372
05:20:32 PM   4006928   4027764   3878068     49.05      2556    234968   8773108     31.92   3621612     76028       132      5372
05:20:37 PM   4006928   4027764   3878068     49.05      2556    234968   8773108     31.92   3621612     76028       132      5372
05:20:42 PM   4006928   4027764   3878068     49.05      2556    234968   8773108     31.92   3621612     76028       132      5372
05:20:47 PM   4006928   4027764   3878068     49.05      2556    234968   8773108     31.92   3621612     76028        20      5372
05:20:52 PM   4006676   4027760   3878072     49.05      2556    235272   8773108     31.92   3621612     76276        20      5372
05:20:57 PM   4006424   4027684   3878148     49.05      2556    235392   8773108     31.92   3621612     76452       112      5372
05:21:02 PM   4006424   4027684   3878148     49.05      2556    235392   8773108     31.92   3621612     76452       132      5372
05:21:07 PM   4006424   4027684   3878148     49.05      2556    235392   8773108     31.92   3621612     76452       132      5372
05:21:12 PM   4005416   4026676   3879156     49.07      2556    235392   8773108     31.92   3621612     76452       132      5372
05:21:17 PM   4005416   4026676   3879156     49.07      2556    235392   8773108     31.92   3621612     76452       132      5372
05:21:22 PM   4005416   4026676   3879156     49.07      2556    235392   8773108     31.92   3621612     76452        20      5372
05:21:27 PM   4005164   4026776   3879056     49.07      2556    235744   8773108     31.92   3621612     76804        20      5372
05:21:32 PM   4005164   4026776   3879056     49.07      2556    235856   8773108     31.92   3621612     76804       112      5372
05:21:37 PM   4005164   4026888   3878944     49.06      2556    235856   8773108     31.92   3621612     76916       132      5372
05:21:42 PM   4005164   4026888   3878944     49.06      2556    235856   8773108     31.92   3621612     76916       132      5372
05:21:47 PM   4005164   4026888   3878944     49.06      2556    235856   8773108     31.92   3621612     76916       132      5372
05:21:52 PM   4005164   4026888   3878944     49.06      2556    235856   8773108     31.92   3621612     76916       132      5372
05:21:57 PM   4005164   4026888   3878944     49.06      2556    235856   8773108     31.92   3621612     76916        20      5372
05:22:02 PM   4004408   4026504   3879328     49.07      2556    236276   8773108     31.92   3621612     77288        24      5372
05:22:07 PM   4004408   4026568   3879264     49.07      2556    236388   8773108     31.92   3621612     77352       112      5372
05:22:12 PM   4004408   4026664   3879168     49.07      2556    236388   8773108     31.92   3621612     77448       132      5372
05:22:17 PM   4004408   4026664   3879168     49.07      2556    236388   8773108     31.92   3621612     77448       132      5372
05:22:22 PM   4004408   4026664   3879168     49.07      2556    236388   8773108     31.92   3621612     77448       132      5372
05:22:27 PM   4004408   4026664   3879168     49.07      2556    236388   8773108     31.92   3621612     77448       132      5372
05:22:32 PM   4004408   4026700   3879132     49.07      2556    236504   8773108     31.92   3621612     77484        72      5372
05:22:37 PM   4003652   4026744   3879088     49.07      2556    237320   8773108     31.92   3621612     78268       184      5372
05:22:42 PM   4003652   4026852   3878980     49.06      2556    237460   8773108     31.92   3621612     78376       304      5372
05:22:47 PM   4003652   4026948   3878884     49.06      2556    237464   8773108     31.92   3621612     78472       328      5372
05:22:52 PM   4003652   4027000   3878832     49.06      2556    237468   8773108     31.92   3621612     78524       332      5372
05:22:57 PM   4003652   4027000   3878832     49.06      2556    237468   8773108     31.92   3621612     78524       332      5372
05:23:02 PM   4003652   4027004   3878828     49.06      2556    237468   8773108     31.92   3621612     78528       160      5372
05:23:07 PM   4003400   4027124   3878708     49.06      2556    237868   8773108     31.92   3621612     78900        28      5372
05:23:12 PM   4003400   4027152   3878680     49.06      2556    237868   8773108     31.92   3621612     78928        28      5372
05:23:17 PM   4003400   4027152   3878680     49.06      2556    237980   8773108     31.92   3621612     78928       112      5372
05:23:22 PM   4003400   4027264   3878568     49.06      2556    237980   8773108     31.92   3621612     79040       132      5372
05:23:27 PM   4003400   4027264   3878568     49.06      2556    237980   8773108     31.92   3621612     79040       132      5372
05:23:32 PM   4003400   4027264   3878568     49.06      2556    237980   8773108     31.92   3621612     79040       132      5372
05:23:37 PM   4003400   4027264   3878568     49.06      2556    237980   8773108     31.92   3621612     79040       132      5372
05:23:42 PM   4003400   4027264   3878568     49.06      2556    237980   8773108     31.92   3621612     79040        20      5372
05:23:47 PM   4002644   4026880   3878952     49.06      2556    238396   8773108     31.92   3621612     79412        20      5372
05:23:52 PM   4002392   4026784   3879048     49.07      2556    238508   8773108     31.92   3621612     79568       112      5372
05:23:57 PM   4002392   4026784   3879048     49.07      2556    238508   8773108     31.92   3621612     79568       132      5372
05:24:02 PM   4002392   4026784   3879048     49.07      2556    238508   8773108     31.92   3621612     79568       132      5372
05:24:07 PM   4002392   4026796   3879036     49.07      2556    238556   8773528     31.92   3621668     79580       360      5372
05:24:12 PM   4002392   4026832   3879000     49.07      2556    238556   8773528     31.92   3621708     79616       360      5372
05:24:17 PM   4002392   4026832   3879000     49.07      2556    238556   8773528     31.92   3621708     79616       200      5372
05:24:22 PM   4002140   4026948   3878884     49.06      2556    238924   8773528     31.92   3621708     79984       200      5372
05:24:27 PM   4002140   4026948   3878884     49.06      2556    239036   8773528     31.92   3621708     79984       292      5372
05:24:32 PM   4002140   4027060   3878772     49.06      2556    239036   8773528     31.92   3621708     80096       312      5372
05:24:37 PM   4002140   4027060   3878772     49.06      2556    239036   8773528     31.92   3621708     80096       132      5372
05:24:42 PM   4002140   4027068   3878764     49.06      2556    239044   8773528     31.92   3621708     80104       140      5372
05:24:47 PM   4002140   4027068   3878764     49.06      2556    239044   8773528     31.92   3621708     80104       140      5372
05:24:52 PM   4002140   4027068   3878764     49.06      2556    239044   8773528     31.92   3621708     80104        28      5372
05:24:57 PM   4001888   4027188   3878644     49.06      2556    239428   8773528     31.92   3621708     80476        28      5372
05:25:02 PM   4001888   4027312   3878520     49.06      2556    239540   8773528     31.92   3621712     80600       112      5372
05:25:07 PM   4001888   4027312   3878520     49.06      2556    239544   8773528     31.92   3621712     80600       136      5372
05:25:12 PM   4001888   4027316   3878516     49.06      2556    239544   8773528     31.92   3621712     80604       136      5372
05:25:17 PM   4001888   4027316   3878516     49.06      2556    239544   8773528     31.92   3621712     80604       136      5372
05:25:22 PM   4001888   4027320   3878512     49.06      2556    239548   8773528     31.92   3621712     80608       140      5372
05:25:27 PM   4001888   4027320   3878512     49.06      2556    239548   8773528     31.92   3621712     80608        28      5372
05:25:32 PM   4001636   4027372   3878460     49.06      2556    239852   8773528     31.92   3621712     80912        28      5372
05:25:37 PM   4001384   4027120   3878712     49.06      2556    239964   8773528     31.92   3621712     80912       112      5372
05:25:42 PM   4001384   4027120   3878712     49.06      2556    239964   8773528     31.92   3621712     80912       132      5372
05:25:47 PM   4001384   4027232   3878600     49.06      2556    239964   8773528     31.92   3621712     81024       132      5372
05:25:52 PM   4001384   4027232   3878600     49.06      2556    239964   8773528     31.92   3621712     81024       132      5372
05:25:57 PM   4001384   4027232   3878600     49.06      2556    239964   8773528     31.92   3621712     81024       132      5372
05:26:02 PM   4001384   4027232   3878600     49.06      2556    239964   8773528     31.92   3621712     81024        20      5372
05:26:07 PM   4001132   4027228   3878604     49.06      2556    240316   8773528     31.92   3621712     81272        20      5372
05:26:12 PM   4001132   4027332   3878500     49.06      2556    240428   8773528     31.92   3621712     81376       112      5372
05:26:17 PM   4001132   4027444   3878388     49.06      2556    240428   8773528     31.92   3621712     81488       132      5372
05:26:22 PM   4001132   4027444   3878388     49.06      2556    240428   8773528     31.92   3621712     81488       132      5372
05:26:27 PM   4001132   4027444   3878388     49.06      2556    240428   8773528     31.92   3621712     81488       132      5372
05:26:32 PM   4001132   4027444   3878388     49.06      2556    240428   8773528     31.92   3621712     81488       132      5372
05:26:37 PM   4001132   4027444   3878388     49.06      2556    240428   8773528     31.92   3621712     81488        20      5372
05:26:42 PM   4000880   4027440   3878392     49.06      2556    240732   8773528     31.92   3621712     81736        20      5372
05:26:47 PM   4000628   4027244   3878588     49.06      2556    240844   8773528     31.92   3621712     81792       112      5372
05:26:52 PM   4000628   4027244   3878588     49.06      2556    240844   8773528     31.92   3621712     81792       132      5372
05:26:57 PM   4000628   4027356   3878476     49.06      2556    240844   8773528     31.92   3621716     81904       132      5372
05:27:02 PM   4000628   4027356   3878476     49.06      2556    240844   8773528     31.92   3621716     81904       132      5372
05:27:07 PM   4000628   4027356   3878476     49.06      2556    240844   8773528     31.92   3621716     81904       132      5372
05:27:12 PM   4000628   4027356   3878476     49.06      2556    240844   8773528     31.92   3621716     81904        20      5372
05:27:17 PM   4000376   4027456   3878376     49.06      2556    241196   8773528     31.92   3621716     82256        20      5372
05:27:22 PM   4000376   4027456   3878376     49.06      2556    241308   8773528     31.92   3621716     82256       112      5372
05:27:27 PM   4000376   4027568   3878264     49.06      2556    241308   8773528     31.92   3621716     82368       132      5372
05:27:32 PM   4000376   4027616   3878216     49.06      2556    241388   8773528     31.92   3621716     82416       332      5372
05:27:37 PM   4000376   4027684   3878148     49.05      2556    241456   8773528     31.92   3621716     82484       216      5372
05:27:42 PM   4000376   4027680   3878152     49.05      2556    241452   8773528     31.92   3621716     82480       212      5372
05:27:47 PM   4000376   4027744   3878088     49.05      2556    241484   8773528     31.92   3621716     82544       136      5372
05:27:52 PM   3999620   4027360   3878472     49.06      2556    241936   8773528     31.92   3621716     82916       188      5372
05:27:57 PM   3999620   4027584   3878248     49.06      2556    242080   8773528     31.92   3621716     83140       308      5372
05:28:02 PM   3999620   4027584   3878248     49.06      2556    242080   8773528     31.92   3621716     83140       212      5372
05:28:07 PM   3999620   4027588   3878244     49.06      2556    242084   8773528     31.92   3623760     83144       216      5372
05:28:12 PM   3999620   4027588   3878244     49.06      2556    242084   8773528     31.92   3623760     83144       216      5372
05:28:17 PM   3999620   4027588   3878244     49.06      2556    242084   8773528     31.92   3623760     83144       216      5372
05:28:22 PM   3999448   4027760   3878072     49.05      2556    242436   8773528     31.92   3623760     83488        60      5372
05:28:27 PM   3999368   4027760   3878072     49.05      2556    242508   8773528     31.92   3623760     83568        32      5372
05:28:32 PM   3999368   4027760   3878072     49.05      2556    242620   8773528     31.92   3623760     83568       112      5372
05:28:37 PM   3999368   4027872   3877960     49.05      2556    242620   8773528     31.92   3623760     83680       132      5372
05:28:42 PM   3999368   4027872   3877960     49.05      2556    242620   8773528     31.92   3623760     83680       132      5372
05:28:47 PM   3999368   4027872   3877960     49.05      2556    242620   8773528     31.92   3623760     83680       132      5372
05:28:52 PM   3999368   4027872   3877960     49.05      2556    242620   8773528     31.92   3623760     83680       132      5372
05:28:57 PM   3999368   4027872   3877960     49.05      2556    242620   8773528     31.92   3623760     83680        20      5372
05:29:02 PM   3998612   4027364   3878468     49.06      2556    242924   8773528     31.92   3623760     83928        20      5372
05:29:07 PM   3998108   4027028   3878804     49.06      2556    243036   8773108     31.92   3623672     84096       112      5372
05:29:12 PM   3998108   4027028   3878804     49.06      2556    243036   8773108     31.92   3623672     84096       132      5372
05:29:17 PM   3998108   4027028   3878804     49.06      2556    243036   8773108     31.92   3623672     84096       132      5372
05:29:22 PM   3998108   4027028   3878804     49.06      2556    243036   8773108     31.92   3623672     84096       132      5372
05:29:27 PM   3998108   4027028   3878804     49.06      2556    243036   8773108     31.92   3623672     84096       132      5372
05:29:32 PM   3998108   4027028   3878804     49.06      2556    243040   8773108     31.92   3623672     84096        24      5372
05:29:37 PM   3998108   4027400   3878432     49.06      2556    243424   8773108     31.92   3623672     84468        24      5372
05:29:42 PM   3998108   4027416   3878416     49.06      2556    243536   8773108     31.92   3623672     84484       112      5372
05:29:47 PM   3998108   4027416   3878416     49.06      2556    243536   8773108     31.92   3623672     84484       132      5372
05:29:52 PM   3998108   4027528   3878304     49.06      2556    243536   8773108     31.92   3623672     84596       132      5372
05:29:57 PM   3998108   4027528   3878304     49.06      2556    243536   8773108     31.92   3623672     84596       132      5372
05:30:02 PM   3998108   4027528   3878304     49.06      2556    243536   8773108     31.92   3623672     84596       132      5372
05:30:07 PM   3998108   4027528   3878304     49.06      2556    243536   8773108     31.92   3623672     84596        20      5372
05:30:12 PM   3997352   4027020   3878812     49.06      2556    243840   8773108     31.92   3623672     84844        20      5372
05:30:17 PM   3997352   4027020   3878812     49.06      2556    243952   8773108     31.92   3623672     84844       112      5372
05:30:22 PM   3997352   4027188   3878644     49.06      2556    243952   8773108     31.92   3623672     85012       132      5372
05:30:27 PM   3997352   4027188   3878644     49.06      2556    243952   8773108     31.92   3623672     85012       132      5372
05:30:32 PM   3997352   4027192   3878640     49.06      2556    243956   8773108     31.92   3623672     85016       136      5372
05:30:37 PM   3997352   4027192   3878640     49.06      2556    243956   8773108     31.92   3623672     85016       136      5372
05:30:42 PM   3997352   4027192   3878640     49.06      2556    243956   8773108     31.92   3623672     85016        24      5372
05:30:47 PM   3997352   4027440   3878392     49.06      2556    244308   8773108     31.92   3623672     85264        24      5372
05:30:52 PM   3997352   4027656   3878176     49.05      2556    244420   8773108     31.92   3623672     85480       112      5372
05:30:57 PM   3997352   4027656   3878176     49.05      2556    244420   8773108     31.92   3623672     85480       132      5372
05:31:02 PM   3997352   4027656   3878176     49.05      2556    244420   8773108     31.92   3623672     85480       132      5372
05:31:07 PM   3997352   4027656   3878176     49.05      2556    244420   8773108     31.92   3623672     85480       132      5372
05:31:12 PM   3997352   4027660   3878172     49.05      2556    244424   8773108     31.92   3623672     85484       136      5372
05:31:17 PM   3997352   4027660   3878172     49.05      2556    244424   8773108     31.92   3623672     85484        24      5372
05:31:22 PM   3997100   4027712   3878120     49.05      2556    244728   8773108     31.92   3623672     85788        24      5372
05:31:27 PM   3997100   4027712   3878120     49.05      2556    244840   8773108     31.92   3623672     85788       112      5372
05:31:32 PM   3997100   4027824   3878008     49.05      2556    244840   8773108     31.92   3623672     85900       132      5372
05:31:37 PM   3997100   4027824   3878008     49.05      2556    244840   8773108     31.92   3623672     85900       132      5372
05:31:42 PM   3997100   4027824   3878008     49.05      2556    244840   8773108     31.92   3623672     85900       132      5372
05:31:47 PM   3997100   4027824   3878008     49.05      2556    244840   8773108     31.92   3623672     85900       132      5372
05:31:52 PM   3997100   4027824   3878008     49.05      2556    244840   8773108     31.92   3623672     85900        20      5372
05:31:57 PM   3997100   4028080   3877752     49.05      2556    245192   8773108     31.92   3623672     86148        20      5372
05:32:02 PM   3996596   4027792   3878040     49.05      2556    245304   8773108     31.92   3623672     86364       112      5372
05:32:07 PM   3996596   4027792   3878040     49.05      2556    245312   8773108     31.92   3623672     86364       140      5372
05:32:12 PM   3996596   4027800   3878032     49.05      2556    245312   8773108     31.92   3623672     86372       140      5372
05:32:17 PM   3996596   4027800   3878032     49.05      2556    245312   8773108     31.92   3623672     86372       140      5372
05:32:22 PM   3996596   4027800   3878032     49.05      2556    245312   8773108     31.92   3623672     86372       140      5372
05:32:27 PM   3996596   4027800   3878032     49.05      2556    245312   8773108     31.92   3623672     86372        28      5372
05:32:32 PM   3995840   4027336   3878496     49.06      2556    245696   8773108     31.92   3623672     86664       224      5372
05:32:37 PM   3995840   4027396   3878436     49.06      2556    245812   8773108     31.92   3623672     86724       312      5372
05:32:42 PM   3995840   4027544   3878288     49.06      2556    245844   8773108     31.92   3623672     86872       292      5372
05:32:47 PM   3995840   4027540   3878292     49.06      2556    245840   8773108     31.92   3623672     86868       288      5372
05:32:52 PM   3995840   4027540   3878292     49.06      2556    245840   8773108     31.92   3623672     86868       324      5372
05:32:57 PM   3995840   4027572   3878260     49.06      2556    245840   8773108     31.92   3623672     86900       324      5372
05:33:02 PM   3995588   4027568   3878264     49.06      2556    246096   8773108     31.92   3623672     87148        20      5372
05:33:07 PM   3995588   4027576   3878256     49.06      2556    246100   8773108     31.92   3623672     87156        24      5372
05:33:12 PM   3995084   4027076   3878756     49.06      2556    246212   8773108     31.92   3623672     87160       112      5372
05:33:17 PM   3995084   4027188   3878644     49.06      2556    246212   8773108     31.92   3623672     87272       132      5372
05:33:22 PM   3995084   4027188   3878644     49.06      2556    246212   8773108     31.92   3623672     87272       132      5372
05:33:27 PM   3995084   4027188   3878644     49.06      2556    246212   8773108     31.92   3623672     87272       132      5372
05:33:32 PM   3995084   4027312   3878520     49.06      2556    246452   8773108     31.92   3623672     87396        20      5372
05:33:37 PM   3995084   4027428   3878404     49.06      2556    246452   8773108     31.92   3623672     87512        20      5372
05:33:42 PM   3995084   4027428   3878404     49.06      2556    246452   8773108     31.92   3623672     87512        20      5372
05:33:47 PM   3995084   4027428   3878404     49.06      2556    246564   8773108     31.92   3623672     87512       112      5372
05:33:52 PM   3995084   4027428   3878404     49.06      2556    246564   8773108     31.92   3623672     87512       132      5372
05:33:57 PM   3995084   4027540   3878292     49.06      2556    246564   8773108     31.92   3623672     87624       132      5372
05:34:02 PM   3995084   4027540   3878292     49.06      2556    246564   8773108     31.92   3623672     87624       132      5372
05:34:07 PM   3995084   4027536   3878296     49.06      2556    246564   8773108     31.92   3623560     87624       132      5372
05:34:12 PM   3995084   4027536   3878296     49.06      2556    246564   8773108     31.92   3623560     87624       132      5372
05:34:17 PM   3994832   4027540   3878292     49.06      2556    246936   8773108     31.92   3623676     87876        24      5372
05:34:22 PM   3994832   4027660   3878172     49.05      2556    247048   8773108     31.92   3623676     87996       112      5372
05:34:27 PM   3994832   4027772   3878060     49.05      2556    247048   8773108     31.92   3623676     88108       132      5372
05:34:32 PM   3994832   4027772   3878060     49.05      2556    247048   8773108     31.92   3623676     88108       132      5372
05:34:37 PM   3994832   4027772   3878060     49.05      2556    247048   8773108     31.92   3623676     88108       132      5372
05:34:42 PM   3994832   4027772   3878060     49.05      2556    247048   8773108     31.92   3623676     88108       132      5372
05:34:47 PM   3994832   4027772   3878060     49.05      2556    247048   8773108     31.92   3623676     88108        20      5372
05:34:52 PM   3994580   4027768   3878064     49.05      2556    247368   8773108     31.92   3623676     88356        20      5372
05:34:57 PM   3994580   4027952   3877880     49.05      2556    247480   8773108     31.92   3623676     88540       112      5372
05:35:02 PM   3994580   4027952   3877880     49.05      2556    247480   8773108     31.92   3623676     88540       132      5372
05:35:07 PM   3994580   4027952   3877880     49.05      2556    247480   8773108     31.92   3623676     88540       132      5372
05:35:12 PM   3994580   4027952   3877880     49.05      2556    247480   8773108     31.92   3623676     88540       132      5372
05:35:17 PM   3994580   4027952   3877880     49.05      2556    247480   8773108     31.92   3623676     88540       132      5372
05:35:22 PM   3994580   4027952   3877880     49.05      2556    247480   8773108     31.92   3623676     88540        20      5372
05:35:27 PM   3994076   4027816   3878016     49.05      2556    247848   8773108     31.92   3623676     88908        20      5372
05:35:32 PM   3994076   4027816   3878016     49.05      2556    247960   8773108     31.92   3623676     88908       112      5372
05:35:37 PM   3994076   4027928   3877904     49.05      2556    247960   8773108     31.92   3623676     89020       132      5372
05:35:42 PM   3994076   4027928   3877904     49.05      2556    247964   8773108     31.92   3623676     89020       136      5372
05:35:47 PM   3994076   4027940   3877892     49.05      2556    247972   8773108     31.92   3623676     89032       144      5372
05:35:52 PM   3994076   4027940   3877892     49.05      2556    247972   8773108     31.92   3623676     89032       144      5372
05:35:57 PM   3994076   4027940   3877892     49.05      2556    247972   8773108     31.92   3623676     89032        32      5372
05:36:02 PM   3993824   4027944   3877888     49.05      2556    248280   8773108     31.92   3623676     89280        36      5372
05:36:07 PM   3993824   4028116   3877716     49.05      2556    248392   8773108     31.92   3623676     89452       112      5372
05:36:12 PM   3993824   4028116   3877716     49.05      2556    248392   8773108     31.92   3623676     89452       132      5372
05:36:17 PM   3993824   4028116   3877716     49.05      2556    248392   8773108     31.92   3623676     89452       132      5372
05:36:22 PM   3992816   4027108   3878724     49.06      2556    248392   8773108     31.92   3623676     89452       132      5372
05:36:27 PM   3992816   4027108   3878724     49.06      2556    248392   8773108     31.92   3623676     89452       132      5372
05:36:32 PM   3992816   4027108   3878724     49.06      2556    248392   8773108     31.92   3623676     89452        20      5372
05:36:37 PM   3992060   4026704   3879128     49.07      2556    248744   8773108     31.92   3623676     89804        20      5372
05:36:42 PM   3992060   4026704   3879128     49.07      2556    248856   8773108     31.92   3623676     89804       112      5372
05:36:47 PM   3992060   4026704   3879128     49.07      2556    248856   8773108     31.92   3623676     89804       132      5372
05:36:52 PM   3992060   4026816   3879016     49.07      2556    248856   8773108     31.92   3623676     89916       132      5372
05:36:57 PM   3992060   4026816   3879016     49.07      2556    248856   8773108     31.92   3623676     89916       132      5372
05:37:02 PM   3992060   4026816   3879016     49.07      2556    248856   8773108     31.92   3623676     89916       132      5372
05:37:07 PM   3992060   4026816   3879016     49.07      2556    248856   8773108     31.92   3623676     89916        20      5372
05:37:12 PM   3992060   4027064   3878768     49.06      2556    249160   8773108     31.92   3623676     90164        20      5372
05:37:17 PM   3992060   4027120   3878712     49.06      2556    249276   8773108     31.92   3623676     90220       112      5372
05:37:22 PM   3992060   4027236   3878596     49.06      2556    249276   8773108     31.92   3623676     90336       132      5372
05:37:27 PM   3992060   4027236   3878596     49.06      2556    249276   8773108     31.92   3623676     90336       132      5372
05:37:32 PM   3991808   4027032   3878800     49.06      2556    249356   8773108     31.92   3623676     90384       328      5372
05:37:37 PM   3991808   4027032   3878800     49.06      2556    249360   8773108     31.92   3623676     90384       332      5372
05:37:42 PM   3991808   4027064   3878768     49.06      2556    249356   8773108     31.92   3623676     90416       136      5372
05:37:47 PM   3991556   4027264   3878568     49.06      2556    249868   8773108     31.92   3623676     90868        20      5372
05:37:52 PM   3991556   4027516   3878316     49.06      2556    250092   8773108     31.92   3623680     91120       304      5372
05:37:57 PM   3991556   4027516   3878316     49.06      2556    250092   8773108     31.92   3623680     91120       324      5372
05:38:02 PM   3991556   4027548   3878284     49.06      2556    250092   8773108     31.92   3623680     91152       212      5372
05:38:07 PM   3991556   4027548   3878284     49.06      2556    250092   8773108     31.92   3623680     91152       212      5372
05:38:12 PM   3991556   4027548   3878284     49.06      2556    250092   8773108     31.92   3623680     91152       212      5372
05:38:17 PM   3991556   4027548   3878284     49.06      2556    250096   8773108     31.92   3623680     91152        24      5372
05:38:22 PM   3990800   4027164   3878668     49.06      2556    250464   8773108     31.92   3623680     91524        24      5372
05:38:27 PM   3990548   4026912   3878920     49.06      2556    250576   8773108     31.92   3623680     91524       112      5372
05:38:32 PM   3990548   4027024   3878808     49.06      2556    250576   8773108     31.92   3623680     91636       132      5372
05:38:37 PM   3990548   4027024   3878808     49.06      2556    250576   8773108     31.92   3623680     91636       132      5372
05:38:42 PM   3990548   4027024   3878808     49.06      2556    250576   8773108     31.92   3623680     91636       132      5372
05:38:47 PM   3990548   4027024   3878808     49.06      2556    250576   8773108     31.92   3623680     91636       132      5372
05:38:52 PM   3990548   4027024   3878808     49.06      2556    250576   8773108     31.92   3623680     91636        20      5372
05:38:57 PM   3990548   4027272   3878560     49.06      2556    250928   8773108     31.92   3623680     91884        20      5372
05:39:02 PM   3990548   4027488   3878344     49.06      2556    251040   8773108     31.92   3623680     92100       112      5372
05:39:07 PM   3990548   4027488   3878344     49.06      2556    251040   8773108     31.92   3623680     92100       132      5372
05:39:12 PM   3990548   4027488   3878344     49.06      2556    251040   8773108     31.92   3623680     92100       132      5372
05:39:17 PM   3990548   4027488   3878344     49.06      2556    251040   8773108     31.92   3623680     92100       132      5372
05:39:22 PM   3990548   4027488   3878344     49.06      2556    251040   8773108     31.92   3623680     92100       132      5372
05:39:27 PM   3990548   4027488   3878344     49.06      2556    251040   8773108     31.92   3623680     92100        20      5372
05:39:32 PM   3990296   4027548   3878284     49.06      2556    251352   8773108     31.92   3623680     92412        28      5372
05:39:37 PM   3990296   4027548   3878284     49.06      2556    251464   8773108     31.92   3623680     92412       112      5372
05:39:42 PM   3990296   4027660   3878172     49.05      2556    251464   8773108     31.92   3623680     92524       132      5372
05:39:47 PM   3990296   4027660   3878172     49.05      2556    251464   8773108     31.92   3623680     92524       132      5372
05:39:52 PM   3990296   4027660   3878172     49.05      2556    251464   8773108     31.92   3623680     92524       132      5372
05:39:57 PM   3990296   4027660   3878172     49.05      2556    251464   8773108     31.92   3623680     92524       132      5372
05:40:02 PM   3990296   4027660   3878172     49.05      2556    251464   8773108     31.92   3623680     92524        20      5372
05:40:07 PM   3990044   4027656   3878176     49.05      2556    251816   8773108     31.92   3623680     92772        20      5372
05:40:12 PM   3989792   4027508   3878324     49.06      2556    251928   8773108     31.92   3623680     92876       112      5372
05:40:17 PM   3989792   4027620   3878212     49.06      2556    251928   8773108     31.92   3623680     92988       132      5372
05:40:22 PM   3989792   4027620   3878212     49.06      2556    251932   8773108     31.92   3623680     92988       136      5372
05:40:27 PM   3989792   4027624   3878208     49.06      2556    251932   8773108     31.92   3623680     92992       136      5372
05:40:32 PM   2302620   2340452   5565380     70.40      2556    251932   8773108     31.92   5301080     92992       136      5372
05:40:37 PM   2302396   2340228   5565604     70.40      2556    251932   8773108     31.92   5301112     92992        24      5372
05:40:42 PM   2301640   2339720   5566112     70.41      2556    252236   8773108     31.92   5301112     93240        24      5372
05:40:47 PM   2301640   2339776   5566056     70.40      2556    252348   8773108     31.92   5301112     93296       112      5372
05:40:52 PM   2301640   2339776   5566056     70.40      2556    252352   8773108     31.92   5301112     93296       136      5372
05:40:57 PM   2301388   2339640   5566192     70.41      2556    252352   8773108     31.92   5301112     93412       136      5372
05:41:02 PM    618060    656312   7249520     91.70      2556    252352   8773108     31.92   6977000     93412       136      5372
05:41:07 PM    618060    656312   7249520     91.70      2556    252352   8773108     31.92   6977100     93412       136      5372
05:41:12 PM    618060    656312   7249520     91.70      2556    252352   8773108     31.92   6977100     93412        24      5372
05:41:17 PM    619828    658328   7247504     91.67      2556    252704   8773108     31.92   6977100     93660        24      5372
05:41:22 PM    619844    658448   7247384     91.67      2556    252816   8773108     31.92   6977100     93764       112      5372
05:41:27 PM    619844    658560   7247272     91.67      2556    252816   8773108     31.92   6977100     93876       132      5372
05:41:32 PM    193304    142536   7763296     98.20        20    158976   8773108     31.92   1341220   6171432       132      5356
05:41:37 PM    179556    133144   7772688     98.32        20    167656   8773108     31.92   1350856   6171432       132      5356
05:41:42 PM    179556    133144   7772688     98.32        20    167728   8773108     31.92   1350856   6171432       132      5356
05:41:47 PM    179556    133180   7772652     98.32        20    167728   8773108     31.92   1350936   6171432        20      5356
05:41:52 PM    179556    133304   7772528     98.31        32    168080   8773108     31.92   1350936   6171680        20      5356
05:41:57 PM    179304    133168   7772664     98.32        32    168192   8773108     31.92   1350940   6171908       112      5356
05:42:02 PM    133020     74408   7831424     99.06        32    143212   8773108     31.92   4422608   3147468       132      5324
05:42:07 PM    132516     74152   7831680     99.06        32    143820   8773108     31.92   4423192   3147468       132      5324
05:42:12 PM    132516     74152   7831680     99.06        32    143820   8773108     31.92   4423192   3147468       132      5324
05:42:17 PM    132516     74208   7831624     99.06        32    143820   8773108     31.92   4423288   3147484       132      5324
05:42:22 PM    130776     73160   7832672     99.07        32    145204   8773108     31.92   4425940   3147484        20      5324
05:42:27 PM    130528     73248   7832584     99.07        32    145872   8773108     31.92   4426712   3147872        20      5324
05:42:32 PM    180968    115796   7790036     98.54        32    130292   8773108     31.92   6070392   1451148       280      5324
05:42:37 PM    179928    115024   7790808     98.55        32    130628   8773108     31.92   6071056   1451376       336      5324
05:42:42 PM    179676    114772   7791060     98.55        32    130628   8773108     31.92   6071068   1451376       336      5324
05:42:47 PM    179676    114772   7791060     98.55        32    130624   8773108     31.92   6071068   1451376       332      5324
05:42:52 PM    179436    114604   7791228     98.55        32    130788   8773108     31.92   6071072   1451524       332      5324
05:42:57 PM    177924    113100   7792732     98.57        32    130784   8773108     31.92   6073276   1451536       136      5324
05:43:02 PM    124832     12408   7893424     99.84        28     33908   8773108     31.92    431324   7132548         0       576
05:43:07 PM    196564     96560   7809272     98.78        28     58680   8773108     31.92    459696   7029068        20       576
05:43:12 PM    196340     96336   7809496     98.78        28     58680   8773108     31.92    459696   7029068        20       576
05:43:17 PM    192244     92300   7813532     98.83        28     58800   8773108     31.92    460684   7028580        28       576
05:43:22 PM    192244     92300   7813532     98.83        28     58804   8773108     31.92    460716   7028580        32       576
05:43:27 PM    195876     95936   7809896     98.79        28     58808   8773108     31.92    462844   7027080        36       576
05:43:32 PM    128296     28068   7877764     99.64        28     58200   8773108     31.92   1481720   6076764        36       460
05:43:37 PM    128528     28388   7877444     99.64        28     58312   8773108     31.92   1483344   6076000       112       460
05:43:42 PM    128448     28316   7877516     99.64        28     58312   8773108     31.92   1483396   6075896       132       460
05:43:47 PM    122684     24084   7881748     99.70        28     61480   8773108     31.92   1488212   6074864        20       460
05:43:52 PM    122180     24332   7881500     99.69        28     63224   8773108     31.92   1490108   6074920        20       460
05:43:57 PM    118960     21348   7884484     99.73        28     63408   8773108     31.92   1494380   6072720        20       460
05:44:02 PM    163772     66016   7839816     99.16        28     63060   8773108     31.92   2205840   5319796        20       456
05:44:07 PM    163772     66016   7839816     99.16        28     63060   8773108     31.92   2205848   5319796        20       456
05:44:12 PM    145588     53288   7852544     99.33        28     73972   8773108     31.92   2221052   5319132       112       456
05:44:17 PM    145588     53288   7852544     99.33        28     73972   8773108     31.92   2221112   5319132       132       456
05:44:22 PM    141492     49192   7856640     99.38        28     73972   8773108     31.92   2222316   5318376       132       456
05:44:27 PM    141492     49192   7856640     99.38        28     73972   8773108     31.92   2222316   5318376       132       456
05:44:32 PM    167388     74136   7831696     99.06        28     72000   8773108     31.92   3798956   3717208       132       392
05:44:37 PM    167388     74200   7831632     99.06        28     72244   8773108     31.92   3799196   3717208       132       392
05:44:42 PM    166632     73748   7832084     99.07        28     72852   8773108     31.92   3799364   3717704        20       392
05:44:47 PM    166632     73804   7832028     99.07        28     72964   8773108     31.92   3799364   3717816       112       392
05:44:52 PM    166632     73860   7831972     99.07        28     72964   8773108     31.92   3799400   3717928       132       392
05:44:57 PM    165624     72852   7832980     99.08        28     72964   8773108     31.92   3801984   3717928       132       392
05:45:02 PM    181800     86392   7819440     98.91        28     67620   8773108     31.92   4467632   3037052       132       256
05:45:07 PM    181800     86424   7819408     98.91        28     67620   8773108     31.92   4467732   3037052       132       256
05:45:12 PM    176196     80820   7825012     98.98        28     67620   8773108     31.92   4469028   3036836       132       256
05:45:17 PM    175944     80692   7825140     98.98        28     67908   8773108     31.92   4469028   3037084        20       256
05:45:22 PM    180064     84888   7820944     98.93        28     68020   8773108     31.92   4473624   3033276       112       256
05:45:27 PM    180064     84888   7820944     98.93        28     68020   8773108     31.92   4473624   3033276       132       256
05:45:32 PM    115188     18212   7887620     99.77        28     64420   8773108     31.92   5159904   2417548       132       256
05:45:37 PM    115188     18400   7887432     99.77        28     64852   8773108     31.92   5160276   2417548       132       256
05:45:42 PM    197020     99988   7805844     98.74        28     64372   8773108     31.92   5207868   2290568       132       256
05:45:47 PM    196796     99764   7806068     98.74        28     64372   8773108     31.92   5207868   2290568        20       256
05:45:52 PM    181448     85056   7820776     98.92        28     65620   8773108     31.92   5210352   2290092        20       256
05:45:57 PM    181196     84820   7821012     98.93        28     65732   8773108     31.92   5210380   2290092       116       256
05:46:02 PM    173412     55100   7850732     99.30        16     22204   8773108     31.92    929008   6607532       136       132
05:46:07 PM    171676     53788   7852044     99.32        16     23076   8773108     31.92    929960   6607540       136       132
05:46:12 PM    171676     53800   7852032     99.32        16     23076   8773108     31.92    930064   6607540       136       132
05:46:17 PM    171676     53800   7852032     99.32        16     23076   8773108     31.92    930064   6607540       136       132
05:46:22 PM    171676     53800   7852032     99.32        16     23076   8773108     31.92    930080   6607540        24       132
05:46:27 PM    171172     53484   7852348     99.32        28     23496   8773108     31.92    930080   6607912        28       132
05:46:32 PM    126416      8232   7897600     99.90        28     22452   8773108     31.92   1319988   6255160       140       132
05:46:37 PM    126416      8232   7897600     99.90        28     22452   8773108     31.92   1320004   6255160       148       132
05:46:42 PM    122320      4140   7901692     99.95        28     22452   8773108     31.92   1320692   6254676       148       132
05:46:47 PM    122320      5860   7899972     99.93        28     25892   8773108     31.92   1324132   6254676       148       132
05:46:52 PM    122320      5904   7899928     99.93        28     25980   8773108     31.92   1324940   6254200       148       132
05:46:57 PM    208624     97352   7808480     98.77        28     36288   8773108     31.92   1344908   6143532        28       132
05:47:02 PM    190376     79092   7826740     99.00        28     36264   8773108     31.92   1871956   5633340        28       132
05:47:07 PM    190152     78876   7826956     99.00        28     36376   8773108     31.92   1871932   5633228       112       132
05:47:12 PM    186056     74788   7831044     99.05        28     36376   8773108     31.92   1873656   5632212       132       132
05:47:17 PM    186056     74836   7830996     99.05        28     36376   8773108     31.92   1873592   5632280       132       132
05:47:22 PM    180472     72272   7833560     99.09        28     42416   8773108     31.92   1880188   5632296       132       132
05:47:27 PM    176524     69588   7836244     99.12        28     44956   8773108     31.92   1882860   5632332       132       132
05:47:32 PM    148684     43528   7862304     99.45        16     48732   8773108     31.92   1444016   6113884       264       132
05:47:37 PM    148428     43708   7862124     99.45        28     49472   8773108     31.92   1444676   6114356       188       132
05:47:42 PM    148428     43748   7862084     99.45        28     49504   8773108     31.92   1444684   6114436       220       132
05:47:47 PM    148176     43580   7862252     99.45        28     49644   8773108     31.92   1444896   6114436       216       132
05:47:52 PM    147712     43352   7862480     99.45        28     50144   8773108     31.92   1445308   6114500       100       132
05:47:57 PM    147712     43376   7862456     99.45        28     50144   8773108     31.92   1445308   6114548       100       132
05:48:02 PM    130728     25444   7880388     99.68        28     48244   8773108     31.92   2000000   5577184        20       132
05:48:07 PM    214572    112064   7793768     98.58        28     53916   8773108     31.92   2005844   5475904         0       132
05:48:12 PM    217260    114752   7791080     98.55        28     53916   8773108     31.92   2005844   5475904        20       132
05:48:17 PM    217512    115064   7790768     98.54        28     53916   8773108     31.92   2005844   5476020        20       132
05:48:22 PM    217512    115064   7790768     98.54        28     53916   8773108     31.92   2005844   5476020        20       132
05:48:27 PM    217512    115064   7790768     98.54        28     53916   8773108     31.92   2005844   5476020        20       132
05:48:32 PM    137096     19432   7886400     99.75        12     23532   8773108     31.92   5675192   1882784        20       132
05:48:37 PM    127440     11840   7893992     99.85        12     27704   8773108     31.92   5685648   1877964        24       132
05:48:42 PM    127440     11876   7893956     99.85        12     27800   8773108     31.92   5685720   1877964        96       132
05:48:47 PM    115144    115144   7790688     98.54        12     27800   8773108     31.92   5688544   1876004       116       132
05:48:52 PM    203820     98400   7807432     98.76        12     48220   8773108     31.92   5715148   1766828        96       132
05:48:57 PM    199248     95164   7810668     98.80        12     50672   8773108     31.92   5750388   1736080       116       132
05:49:02 PM    130492     23208   7882624     99.71        12     44276   8773108     31.92   3149480   4413968       116       132
05:49:07 PM    130268     23032   7882800     99.71        12     44356   8773108     31.92   3149720   4413968       116       132
05:49:12 PM    167756     68332   7837500     99.14        24     59972   8773108     31.92   3168152   4362720        24       132
05:49:17 PM    167532     68108   7837724     99.14        24     59972   8773108     31.92   3168164   4362720        24       132
05:49:22 PM    167532     68108   7837724     99.14        24     59972   8773108     31.92   3168164   4362720        24       132
05:49:27 PM    151608     52236   7853596     99.34        24     60072   8773108     31.92   3180548   4350436        96       132
05:49:32 PM    148952     49136   7856696     99.38        12     59248   8773108     31.92   2695692   4848876       116       132
05:49:37 PM    148556     48764   7857068     99.38        12     59248   8773108     31.92   2695756   4848876       116       132
05:49:42 PM    148476     48684   7857148     99.38        12     59248   8773108     31.92   2695760   4848876       116       132
05:49:47 PM    148476     48684   7857148     99.38        12     59248   8773108     31.92   2695764   4848876       116       132
05:49:52 PM    148476     48684   7857148     99.38        12     59248   8773108     31.92   2695764   4848876       116       132
05:49:57 PM    147468     48020   7857812     99.39        24     59920   8773108     31.92   2695972   4849352        20       132
05:50:02 PM    204292    103768   7802064     98.69        24     57768   8773108     31.92   3647772   3841752        96       132
05:50:07 PM    204292    103768   7802064     98.69        24     57768   8773108     31.92   3647896   3841752       116       132
05:50:12 PM    204292    103768   7802064     98.69        24     57868   8773108     31.92   3647896   3841752       116       132
05:50:17 PM    204292    103816   7802016     98.69        24     57868   8773108     31.92   3648012   3841752       116       132
05:50:22 PM    204292    103816   7802016     98.69        24     57868   8773108     31.92   3648012   3841752       116       132
05:50:27 PM    204292    103816   7802016     98.69        24     57868   8773108     31.92   3648020   3841752       116       132
05:50:32 PM    129852     23304   7882528     99.71        12     45784   8773108     31.92   6240604   1328768        20       132
05:50:37 PM    121232     14752   7891080     99.81        12     45884   8773108     31.92   6242312   1328164       104       132
05:50:42 PM    121232     14752   7891080     99.81        12     45888   8773108     31.92   6242312   1328164       124       132
05:50:47 PM    118764     12284   7893548     99.84        12     45888   8773108     31.92   6242820   1328164       124       132
05:50:52 PM    118888     12416   7893416     99.84        12     45888   8773108     31.92   6242768   1328100       124       132
05:50:57 PM    130152     15896   7889936     99.80        12     30320   8773108     31.92   1282536   6274576       124       132
05:51:02 PM    144044     20372   7885460     99.74        12     11724   8773108     31.92   2831912   4720436       112       128
05:51:07 PM    115968      1204   7904628     99.98        24     29284   8773108     31.92   2849300   4721016        20       128
05:51:12 PM    121604      6924   7898908     99.91        24     29456   8773108     31.92   2857420   4713084        20       128
05:51:17 PM    212340     99640   7806192     98.74        24     33488   8773108     31.92   2861544   4611424        24       128
05:51:22 PM    212340     99676   7806156     98.74        24     33488   8773108     31.92   2861624   4611428        24       128
05:51:27 PM    212340     99676   7806156     98.74        24     33488   8773108     31.92   2861624   4611428        24       128
05:51:32 PM    123576     10680   7895152     99.86        24     33120   8773108     31.92   3948132   3615832        96       128
05:51:37 PM    123352     10456   7895376     99.87        24     33120   8773108     31.92   3948132   3615832       116       128
05:51:42 PM    122060      9212   7896620     99.88        24     33120   8773108     31.92   3948132   3615936       116       128
05:51:47 PM    122060      9212   7896620     99.88        24     33120   8773108     31.92   3948164   3615936       116       128
05:51:52 PM    122060      9212   7896620     99.88        24     33120   8773108     31.92   3948172   3615936       116       128
05:51:57 PM    121808      9084   7896748     99.89        24     33408   8773108     31.92   3948176   3616180        20       128
05:52:02 PM    126788     12400   7893432     99.84        12     30244   8773108     31.92   2502208   5059704        96       128
05:52:07 PM    125316     11852   7893980     99.85        12     32128   8773108     31.92   2504020   5059752       116       128
05:52:12 PM    125316     11968   7893864     99.85        12     32128   8773108     31.92   2504252   5059772       116       128
05:52:17 PM    125316     11968   7893864     99.85        12     32128   8773108     31.92   2504292   5059772       116       128
05:52:22 PM    116284      8804   7897028     99.89        12     43892   8773108     31.92   2517108   5059804       116       128
05:52:27 PM    116284      8832   7897000     99.89        12     43924   8773108     31.92   2517372   5059840       116       128
05:52:32 PM    191448     88988   7816844     98.87        24     54044   8773108     31.92   4078788   3417808       192       132
05:52:37 PM    191068     89068   7816764     98.87        24     54856   8773108     31.92   4079696   3417996       316       132
05:52:42 PM    183320     81324   7824508     98.97        24     54860   8773108     31.92   4086188   3412040       336       132
05:52:47 PM    183320     81324   7824508     98.97        24     54856   8773108     31.92   4086200   3412040       332       132
05:52:52 PM    212080    110344   7795488     98.60        24     55360   8773108     31.92   4094056   3403268       212       132
05:52:57 PM    209812    108084   7797748     98.63        24     55360   8773108     31.92   4096720   3403284       212       132
05:53:02 PM    193076     91348   7814484     98.84        24     55464   8773108     31.92   4446916   3066144        24       132
05:53:07 PM    187560     88192   7817640     98.88        24     60088   8773108     31.92   4451368   3066688        20       132
05:53:12 PM    185036     85672   7820160     98.92        24     60088   8773108     31.92   4459124   3059736        20       132
05:53:17 PM    185036     85672   7820160     98.92        24     60088   8773108     31.92   4459124   3059736        20       132
05:53:22 PM    182408     83044   7822788     98.95        24     60088   8773108     31.92   4468900   3050896        20       132
05:53:27 PM    182408     83044   7822788     98.95        24     60088   8773108     31.92   4468900   3050896        20       132
05:53:32 PM    177932     62432   7843400     99.21        12     27900   8773108     31.92    888240   6636332        20       132
05:53:37 PM    178052     62696   7843136     99.21        12     28204   8773108     31.92    888808   6636260        96       132
05:53:42 PM    171908     56588   7849244     99.28        12     28204   8773108     31.92    895072   6630800       116       132
05:53:47 PM    171908     58384   7847448     99.26        12     32032   8773108     31.92    898668   6630800       116       132
05:53:52 PM    135824     34700   7871132     99.56        12     56612   8773108     31.92    925652   6628996       120       132
05:53:57 PM    135600     34492   7871340     99.56        12     56652   8773108     31.92    925860   6629000       120       132
05:54:02 PM    167556     60140   7845692     99.24        12     44016   8773108     31.92   4131616   3404876       120       132
05:54:07 PM    159772     53348   7852484     99.33        24     46276   8773108     31.92   4133364   3405112        24       132
05:54:12 PM    134996     36068   7869764     99.54        24     60980   8773108     31.92   4154988   3402088       112       132
05:54:17 PM    134996     36068   7869764     99.54        24     60980   8773108     31.92   4154988   3402088       132       132
05:54:22 PM    139796     40868   7864964     99.48        24     60988   8773108     31.92   4158668   3398648       140       132
05:54:27 PM    139544     40620   7865212     99.49        24     60988   8773108     31.92   4158604   3398608       140       132
05:54:32 PM    182136     80024   7825808     98.99        12     54616   8773108     31.92   4594016   2919284         0       128
05:54:37 PM    182136     80024   7825808     98.99        12     54628   8773108     31.92   4594016   2919284        20       128
05:54:42 PM    179212     77256   7828576     99.02        24     54916   8773108     31.92   4594244   2919596        20       128
05:54:47 PM    179212     77256   7828576     99.02        24     54916   8773108     31.92   4594244   2919596        20       128
05:54:52 PM    179212     77256   7828576     99.02        24     54916   8773108     31.92   4594244   2919596        20       128
05:54:57 PM    183288     82132   7823700     98.96        24     56520   8773108     31.92   4607548   2911412        20       128
05:55:02 PM    171136     50736   7855096     99.36        12     18040   8773108     31.92   2782296   4746048        20       128
05:55:07 PM    157808     39528   7866304     99.50        12     22396   8773108     31.92   2792192   4741044        96       128
05:55:12 PM    157584     39348   7866484     99.50        12     22396   8773108     31.92   2792304   4741044        20       128
05:55:17 PM    156616     38392   7867440     99.51        12     22396   8773108     31.92   2796020   4737556        20       128
05:55:22 PM    156364     38140   7867692     99.52        12     22396   8773108     31.92   2796020   4737556        20       128
05:55:27 PM    155676     37624   7868208     99.52        24     22900   8773108     31.92   2796020   4737900        20       128
05:55:32 PM    148552     23096   7882736     99.71        12      8100   8773108     31.92   3342756   4203460        20       128
05:55:37 PM    123988    123988   7781844     98.43        12      8100   8773108     31.92   3360992   4203440        20       128
05:55:42 PM    123988    123988   7781844     98.43        12      8100   8773108     31.92   3360992   4203440        20       128
05:55:47 PM    146656     28048   7877784     99.65        12     21656   8773108     31.92   1791680   5750368        24       128
05:55:52 PM    146656     30124   7875708     99.62        12     25868   8773108     31.92   1795852   5750368        24       128
05:55:57 PM    146404     30288   7875544     99.62        12     26820   8773108     31.92   1796688   5750368        24       128
05:56:02 PM    164732     48100   7857732     99.39        12     25692   8773108     31.92   2085416   5450912       120       128
05:56:07 PM    164480     48044   7857788     99.39        24     25960   8773108     31.92   2085492   5451332        20       128
05:56:12 PM    164480     48044   7857788     99.39        24     25960   8773108     31.92   2085492   5451332        20       128
05:56:17 PM    164480     48044   7857788     99.39        24     25960   8773108     31.92   2085568   5451332        20       128
05:56:22 PM    164228     47792   7858040     99.40        24     25960   8773108     31.92   2085580   5451332        20       128
05:56:27 PM    163976     47544   7858288     99.40        24     25964   8773108     31.92   2085584   5451336        24       128
05:56:32 PM    134148     17052   7888780     99.78        20     24640   8773108     31.92   5358532   2201736        24       128
05:56:37 PM    126804      9888   7895944     99.87        20     25024   8773108     31.92   5369176   2194080         4       128
05:56:42 PM    126804      9888   7895944     99.87        20     25024   8773108     31.92   5369176   2194080        20       128
05:56:47 PM    123788      6884   7898948     99.91        20     25024   8773108     31.92   5373992   2189924        20       128
05:56:52 PM    123536      6632   7899200     99.92        20     25024   8773108     31.92   5374000   2189924        20       128
05:56:57 PM    114740       776   7905056     99.99        20     30908   8773108     31.92   5384592   2187560        20       128
05:57:02 PM    132724     18416   7887416     99.77         8     30328   8773108     31.92   2986068   4574240         8       128
05:57:07 PM    159512     39368   7866464     99.50         8     18560   8773108     31.92   1487828   6042704        20       128
05:57:12 PM    159512     39368   7866464     99.50         8     18560   8773108     31.92   1487828   6042704        20       128
05:57:17 PM    159512     39368   7866464     99.50         8     18560   8773108     31.92   1489656   6041104        20       128
05:57:22 PM    129272     20836   7884996     99.74         8     41972   8773108     31.92   1514132   6041172        20       128
05:57:27 PM    119316     12108   7893724     99.85         8     44428   8773108     31.92   1521224   6037220        20       128
05:57:32 PM    211492    110160   7795672     98.61         8     56316   8773108     31.92   1537260   5931456       188       132
05:57:37 PM    214608    113816   7792016     98.56        20     57252   8773108     31.92   1543936   5926476       264       132
05:57:42 PM    214356    113576   7792256     98.56        20     57284   8773108     31.92   1543972   5926504       316       132
05:57:47 PM    214356    113576   7792256     98.56        20     57280   8773108     31.92   1544000   5926504       312       132
05:57:52 PM    214104    113576   7792256     98.56        20     57812   8773108     31.92   1544424   5926616       196       132
05:57:57 PM    214104    113592   7792240     98.56        20     57812   8773108     31.92   1544432   5926648       196       132
05:58:02 PM    130564     26228   7879604     99.67         8     50216   8773108     31.92   4648808   2920804        24       132
05:58:07 PM    148524     42692   7863140     99.46        20     47204   8773108     31.92   4718548   2829696         4       132
05:58:12 PM    148524     42708   7863124     99.46        20     47204   8773108     31.92   4718676   2829696        20       132
05:58:17 PM    148524     42708   7863124     99.46        20     47204   8773108     31.92   4718676   2829696        20       132
05:58:22 PM    148524     42708   7863124     99.46        20     47204   8773108     31.92   4718676   2829696        20       132
05:58:27 PM    148524     42708   7863124     99.46        20     47204   8773108     31.92   4718676   2829696        20       132
05:58:32 PM    117772      6976   7898856     99.91        20     37348   8773108     31.92   5201404   2369020       100       132
05:58:37 PM    174640     66448   7839384     99.16         8     42528   8773108     31.92   1381228   6140104         8       128
05:58:42 PM    170544     62380   7843452     99.21         8     42536   8773108     31.92   1382128   6139572        20       128
05:58:47 PM    170544     62380   7843452     99.21         8     42536   8773108     31.92   1382128   6139572        20       128
05:58:52 PM    152700     52840   7852992     99.33         8     59216   8773108     31.92   1400992   6138128        20       128
05:58:57 PM    149532     50032   7855800     99.37        20     59916   8773108     31.92   1404584   6138496        20       128
05:59:02 PM    110612      9024   7896808     99.89         8     55792   8773108     31.92   2658048   4918732        24       128
05:59:07 PM    132320     26360   7879472     99.67         8     47036   8773108     31.92   1547032   6018228        24       124
05:59:12 PM    219128    120824   7785008     98.47         8     62388   8773108     31.92   1565180   5917352       128       124
05:59:17 PM    219128    120824   7785008     98.47         8     62388   8773108     31.92   1565180   5917352       132       124
05:59:22 PM    219128    120860   7784972     98.47         8     62388   8773108     31.92   1565324   5917352       132       124
05:59:27 PM    219128    120860   7784972     98.47         8     62388   8773108     31.92   1565324   5917352       132       124
05:59:32 PM    203304    105036   7800796     98.67         8     62388   8773108     31.92   1573416   5917352        20       124
05:59:37 PM    203252    105112   7800720     98.67         8     62640   8773108     31.92   1574172   5917352        20       124
05:59:42 PM    202496    104540   7801292     98.68        20     63088   8773108     31.92   1574292   5917724        20       124
05:59:47 PM    202496    104584   7801248     98.68        20     63184   8773108     31.92   1574296   5917812       108       124
05:59:52 PM    202496    104632   7801200     98.68        20     63184   8773108     31.92   1574300   5917908       116       124
05:59:57 PM    202496    104632   7801200     98.68        20     63184   8773108     31.92   1574300   5917908       116       124
06:00:02 PM    175532     77668   7828164     99.02        20     63184   8773108     31.92   1604684   5917908       116       124
06:00:07 PM    172048     67760   7838072     99.14        20     50376   8773108     31.92   5990848   1548528       116       124
06:00:12 PM    172048     67780   7838052     99.14        20     50376   8773108     31.92   5991000   1548528        20       124
06:00:17 PM    172048     67904   7837928     99.14        20     50648   8773108     31.92   5991000   1548776        20       124
06:00:22 PM    172048     67964   7837868     99.14        20     50744   8773108     31.92   5991020   1548896       100       124
06:00:27 PM    172048     67964   7837868     99.14        20     50744   8773108     31.92   5991020   1548896       116       124
06:00:32 PM    172048     67964   7837868     99.14        20     50744   8773108     31.92   5991020   1548896       116       124
06:00:37 PM    145016     28600   7877232     99.64         8     26092   8773108     31.92   1336904   6221836       116       124
06:00:42 PM    136744     20388   7885444     99.74         8     26212   8773108     31.92   1342064   6217684       116       124
06:00:47 PM    136744     20388   7885444     99.74         8     26212   8773108     31.92   1342064   6217684        20       124
06:00:52 PM    135492     21028   7884804     99.73        20     29984   8773108     31.92   1349392   6214652        20       124
06:00:57 PM    115836      6584   7899248     99.92        20     40436   8773108     31.92   1363820   6214748       112       124
06:01:02 PM    111312      2076   7903756     99.97        20     40436   8773108     31.92   1387300   6192092       116       124
06:01:07 PM    115700      6480   7899352     99.92        20     40472   8773108     31.92   1474764   6101632       116       124
06:01:12 PM    133932     24712   7881120     99.69        20     40472   8773108     31.92   1620568   5952424       116       124
06:01:17 PM    133708     24488   7881344     99.69        20     40472   8773108     31.92   1620568   5952424       116       124
06:01:22 PM    128856     19636   7886196     99.75        20     40472   8773108     31.92   1622124   5951280        20       124
06:01:27 PM    128604     19508   7886324     99.75        20     40728   8773108     31.92   1622124   5951528        20       124
06:01:32 PM    126296     17200   7888632     99.78        20     40824   8773108     31.92   1626908   5947400        96       124
06:01:37 PM    137876     25724   7880108     99.67        20     34612   8773108     31.92   4343544   3222296       120       124
06:01:42 PM    137876     25820   7880012     99.67        20     34800   8773108     31.92   4343748   3222300       136       124
06:01:47 PM    137876     25820   7880012     99.67        20     34808   8773108     31.92   4343788   3222300       144       124
06:01:52 PM    137876     25824   7880008     99.67        20     34808   8773108     31.92   4343788   3222308       144       124
06:01:57 PM    137876     25824   7880008     99.67        20     34808   8773108     31.92   4343788   3222308       144       124
06:02:02 PM    137624     25696   7880136     99.67        20     35080   8773108     31.92   4343808   3222556        32       124
06:02:07 PM    159084     43508   7862324     99.45         8     27944   8773108     31.92   2604592   4936088         0       124
06:02:12 PM    158608     43216   7862616     99.45         8     28180   8773108     31.92   2604920   4936132        20       124
06:02:17 PM    158608     43240   7862592     99.45         8     28184   8773108     31.92   2604976   4936164        24       124
06:02:22 PM    141724     33720   7872112     99.57         8     42912   8773108     31.92   2620512   4936200        24       124
06:02:27 PM    137944     31056   7874776     99.61         8     45280   8773108     31.92   2622804   4936200        24       124
06:02:32 PM    121816     20572   7885260     99.74        12     56536   8773108     31.92   2634352   4936524       192       128
06:02:37 PM    143280     39068   7866764     99.51        20     50512   8773108     31.92   3874336   3686344       164       128
06:02:42 PM    142524     38704   7867128     99.51        20     51284   8773108     31.92   3875520   3686388       216       128
06:02:47 PM    132568     29928   7875904     99.62        20     53784   8773108     31.92   3882048   3683204       212       128
06:02:52 PM    131840     29204   7876628     99.63        20     53788   8773108     31.92   3882300   3683208       216       128
06:02:57 PM    130544     27980   7877852     99.65        20     53784   8773108     31.92   3891676   3679228       212       128
06:03:02 PM    130320     27756   7878076     99.65        20     53784   8773108     31.92   3891676   3679228       212       128
06:03:07 PM    172740     73704   7832128     99.07        20     60908   8773108     31.92   3936508   3577772        20       128
06:03:12 PM    172740     73736   7832096     99.07        20     61004   8773108     31.92   3936532   3577840        96       128
06:03:17 PM    172740     73784   7832048     99.07        20     61004   8773108     31.92   3936556   3577936       116       128
06:03:22 PM    172740     73784   7832048     99.07        20     61004   8773108     31.92   3936560   3577936       116       128
06:03:27 PM    172740     73784   7832048     99.07        20     61004   8773108     31.92   3936560   3577936       116       128
06:03:32 PM    172740     73784   7832048     99.07        20     61004   8773108     31.92   3936560   3577936       116       128
06:03:37 PM    225220    116636   7789196     98.52        20     41748   8773108     31.92   4614684   2854036         0       128
06:03:42 PM    225220    116636   7789196     98.52        20     41748   8773108     31.92   4614684   2854036        20       128
06:03:47 PM    225220    116636   7789196     98.52        20     41748   8773108     31.92   4614684   2854036        20       128
06:03:52 PM    207580    106788   7799044     98.65        20     57328   8773108     31.92   4630788   2854040        20       128
06:03:57 PM    207356    106592   7799240     98.65        20     57388   8773108     31.92   4630996   2854076        20       128
06:04:02 PM    207356    106592   7799240     98.65        20     57388   8773108     31.92   4630996   2854076        20       128
06:04:08 PM    218484     98276   7807556     98.76         8     18872   8773108     31.92   2672828   4812536         0       128
06:04:13 PM    218404     98384   7807448     98.76         8     19116   8773108     31.92   2673136   4812600        24       128
06:04:18 PM    181612     73424   7832408     99.07         8     42548   8773108     31.92   2699508   4813036        24       128
06:04:23 PM    173800     67720   7838112     99.14         8     46804   8773108     31.92   2703732   4813036        24       128
06:04:28 PM    173800     67740   7838092     99.14         8     46804   8773108     31.92   2703776   4813036        24       128
06:04:33 PM    173800     67740   7838092     99.14         8     46804   8773108     31.92   2703776   4813036        24       128
06:04:38 PM    170480     64568   7841264     99.18        20     47088   8773108     31.92   3017896   4503512        24       128
06:04:43 PM    170480     64568   7841264     99.18        20     47188   8773108     31.92   3017896   4503516        96       128
06:04:48 PM    170480     64616   7841216     99.18        20     47188   8773108     31.92   3017896   4503612       116       128
06:04:53 PM    166952     64116   7841716     99.19        20     53312   8773108     31.92   3023956   4503612       116       128
06:04:58 PM    154604     52012   7853820     99.34        20     53728   8773108     31.92   3027384   4503612       116       128
06:05:03 PM    154604     52012   7853820     99.34        20     53728   8773108     31.92   3027384   4503612       116       128
06:05:08 PM    157748     47796   7858036     99.40         8     39020   8773108     31.92   4996320   2543892        20       124
06:05:13 PM    156768     47064   7858768     99.40        20     39532   8773108     31.92   4996320   2544388        20       124
06:05:18 PM    156768     47064   7858768     99.40        20     39628   8773108     31.92   4996320   2544388        96       124
06:05:23 PM    156768     47128   7858704     99.40        20     39628   8773108     31.92   4996320   2544512       116       124
06:05:28 PM    156768     47128   7858704     99.40        20     39628   8773108     31.92   4996320   2544512       116       124
06:05:33 PM    156768     47132   7858700     99.40        20     39636   8773108     31.92   4996320   2544520       124       124
06:05:38 PM    153028     39104   7866728     99.51         8     31072   8773108     31.92   2818160   4726612       124       124
06:05:43 PM    152804     38880   7866952     99.51         8     31072   8773108     31.92   2818208   4726612        28       124
06:05:48 PM    152552     38812   7867020     99.51        20     31456   8773108     31.92   2818208   4726984        28       124
06:05:53 PM    152048     38348   7867484     99.51        20     31648   8773108     31.92   2818248   4727032       112       124
06:05:58 PM    152048     38348   7867484     99.51        20     31648   8773108     31.92   2818248   4727032       132       124
06:06:03 PM    152048     38420   7867412     99.51        20     31652   8773108     31.92   2818276   4727144       132       124
06:06:08 PM    152244     36292   7869540     99.54        20     27016   8773108     31.92   5311576   2235796        96       124
06:06:13 PM    152244     36296   7869536     99.54        20     27016   8773108     31.92   5311664   2235816       116       124
06:06:18 PM    152244     36296   7869536     99.54        20     27016   8773108     31.92   5311664   2235816       116       124
06:06:23 PM    151992     36168   7869664     99.54        20     27320   8773108     31.92   5311668   2236064        20       124
06:06:28 PM    151992     36168   7869664     99.54        20     27320   8773108     31.92   5311668   2236064        20       124
06:06:33 PM    151992     36196   7869636     99.54        20     27320   8773108     31.92   5311672   2236120        20       124
06:06:38 PM    116284    116284   7789548     98.53        20     19732   8773108     31.92   4736260   2841540        96       124
06:06:43 PM    116284    116284   7789548     98.53        20     19732   8773108     31.92   4736292   2841656       116       124
06:06:48 PM    116284    116284   7789548     98.53        20     19736   8773108     31.92   4736304   2841656       120       124
06:06:53 PM    116284    116284   7789548     98.53        20     19736   8773108     31.92   4736324   2841660       120       124
06:06:58 PM    106708    106708   7799124     98.65        20     26640   8773108     31.92   4746540   2841660       120       124
06:07:03 PM    176888     60940   7844892     99.23        20     27012   8773108     31.92   5008208   2510412         0       124
06:07:08 PM    125480      9656   7896176     99.88        20     27348   8773108     31.92   5059436   2510660        20       124
06:07:13 PM    125480      9700   7896132     99.88        20     27348   8773108     31.92   5059488   2510748        20       124
06:07:18 PM    125228      9448   7896384     99.88        20     27348   8773108     31.92   5059488   2510748        20       124
06:07:23 PM    111116      3876   7901956     99.95        20     44484   8773108     31.92   5077152   2510832        20       124
06:07:28 PM    107336      1308   7904524     99.98        20     46852   8773108     31.92   5079612   2510832        20       124
06:07:33 PM    194640     93840   7811992     98.81        12     57444   8773108     31.92   2577620   4922444       176       128
06:07:38 PM    120896     17220   7888612     99.78        12     51652   8773108     31.92   2899896   4681412       312       128
06:07:43 PM    120896     17260   7888572     99.78        12     51652   8773108     31.92   2900068   4681444       312       128
06:07:48 PM    120140     17064   7888768     99.78        12     52836   8773108     31.92   2901224   4681448       312       128
06:07:53 PM    119916     16872   7888960     99.79        12     52836   8773108     31.92   2901356   4681448       312       128
06:07:58 PM    119412     16368   7889464     99.79        12     52836   8773108     31.92   2901356   4681448       312       128
06:08:03 PM    119160     16580   7889252     99.79        20     53764   8773108     31.92   2901356   4682372       108       128
06:08:08 PM    150056     47332   7858500     99.40        20     53680   8773108     31.92   3449568   4102496        96       128
06:08:13 PM    150056     47500   7858332     99.40        20     53804   8773108     31.92   3449944   4102516       116       128
06:08:18 PM    150056     47500   7858332     99.40        20     53804   8773108     31.92   3449944   4102516       116       128
06:08:23 PM    150056     47500   7858332     99.40        20     53804   8773108     31.92   3450032   4102516       116       128
06:08:28 PM    150056     47500   7858332     99.40        20     53804   8773108     31.92   3450032   4102516       116       128
06:08:33 PM    149804     47248   7858584     99.40        20     53804   8773108     31.92   3450256   4102516       116       128
06:08:38 PM    115600     13164   7892668     99.83        20     54044   8773108     31.92   4016480   3570636        96       128
06:08:43 PM    115600     13164   7892668     99.83        20     54044   8773108     31.92   4016504   3570636       116       128
06:08:48 PM    115600     13164   7892668     99.83        20     54044   8773108     31.92   4016504   3570636       116       128
06:08:53 PM    108336      8604   7897228     99.89        20     59448   8773108     31.92   4022616   3570672       120       128
06:08:58 PM    157136     57524   7848308     99.27        20     59648   8773108     31.92   4171112   3376540       120       128
06:09:03 PM    156804     57180   7848652     99.28        20     59684   8773108     31.92   4171368   3376400       120       128
06:09:08 PM    121000     20144   7885688     99.75        20     57392   8773108     31.92   4228884   3355332        24       128
06:09:13 PM    121000     20192   7885640     99.74        20     57496   8773108     31.92   4228884   3355432        96       128
06:09:18 PM    117764     16624   7889208     99.79        20     56656   8773108     31.92   4245308   3341520       116       128
06:09:23 PM    113984     13964   7891868     99.82        20     58896   8773108     31.92   4247556   3341524       120       128
06:09:28 PM    113984     13976   7891856     99.82        20     58896   8773108     31.92   4247660   3341524       120       128
06:09:33 PM    113984     13976   7891856     99.82        20     58896   8773108     31.92   4247660   3341524       120       128
06:09:38 PM    171100     61572   7844260     99.22        12     40004   8773108     31.92   2447284   5085392       120       128
06:09:43 PM    170876     61412   7844420     99.22        20     40196   8773108     31.92   2447316   5085484        24       128
06:09:48 PM    170624     61388   7844444     99.22        20     40492   8773000     31.92   2447664   5085688       112       128
06:09:53 PM    170624     61404   7844428     99.22        20     40516   8773000     31.92   2447684   5085720       132       128
Average:      2137813   2103468   5802364     73.39      1355    150402   8772668     31.92   3486565   2074933       117      3032
