Linux 7.0.10-arch1-1 (archlinux) 	05/30/2026 	_x86_64_	(4 CPU)

11:24:45 PM  pgpgin/s pgpgout/s   fault/s  majflt/s  pgfree/s pgscank/s pgscand/s pgsteal/s  pgprom/s   pgdem/s
11:24:50 PM      0.00     96.00   1398.60      0.00    412.20      0.00      0.00      0.00      0.00      0.00
11:24:55 PM      0.00      0.00      0.60      0.00      6.60      0.00      0.00      0.00      0.00      0.00
11:25:00 PM      0.00      0.00      0.00      0.00      4.00      0.00      0.00      0.00      0.00      0.00
11:25:05 PM      0.00      0.00      0.00      0.00      4.00      0.00      0.00      0.00      0.00      0.00
11:25:10 PM      0.00      0.80      0.00      0.00      4.00      0.00      0.00      0.00      0.00      0.00
11:25:15 PM      9.60    367.20      0.00      0.00      0.40      0.00      0.00      0.00      0.00      0.00
11:25:20 PM      0.00     32.00      0.40      0.00      4.20      0.00      0.00      0.00      0.00      0.00
11:25:25 PM      0.80     15.20      0.20      0.20     21.20      0.00      0.00      0.00      0.00      0.00
11:25:30 PM     65.60      3.20      2.40      0.40     16.40      0.00      0.00      0.00      0.00      0.00
11:25:35 PM      0.00      0.00      0.00      0.00      4.00      0.00      0.00      0.00      0.00      0.00
11:25:40 PM      0.00      0.00      0.00      0.00    106.20      0.00      0.00      0.00      0.00      0.00
11:25:45 PM      0.80     67.20      0.20      0.20      1.40      0.00      0.00      0.00      0.00      0.00
11:25:50 PM    150.40    156.00      1.60      0.60    824.60      0.00      0.00      0.00      0.00      0.00
11:25:55 PM      0.00     24.00      0.00      0.00     26.00      0.00      0.00      0.00      0.00      0.00
11:26:00 PM     41.60      0.80      6.40      0.20    108.60      0.00      0.00      0.00      0.00      0.00
11:26:05 PM     78.40      0.80      0.60      0.40      4.40      0.00      0.00      0.00      0.00      0.00
11:26:10 PM     14.40      0.00      0.20      0.20      5.20      0.00      0.00      0.00      0.00      0.00
11:26:15 PM      0.00      0.00      0.60      0.00      0.60      0.00      0.00      0.00      0.00      0.00
11:26:20 PM      4.00    181.60      0.40      0.20    499.20      0.00      0.00      0.00      0.00      0.00
11:26:25 PM      0.00      0.00      0.00      0.00      3.80      0.00      0.00      0.00      0.00      0.00
11:26:30 PM    274.40     24.80      0.80      0.40    109.40      0.00      0.00      0.00      0.00      0.00
11:26:35 PM    434.40     42.40      2.40      0.80     48.20      0.00      0.00      0.00      0.00      0.00
11:26:40 PM      0.00      1.60      0.00      0.00    144.60      0.00      0.00      0.00      0.00      0.00
11:26:45 PM    147.20     14.40      6.00      0.20      2.60      0.00      0.00      0.00      0.00      0.00
11:26:50 PM      0.00     51.20      0.00      0.00      4.00      0.00      0.00      0.00      0.00      0.00
11:26:55 PM   1796.80    104.80    291.40      4.40    310.40      0.00      0.00      0.00      0.00      0.00
11:27:00 PM      0.00      0.00      0.20      0.00      7.40      0.00      0.00      0.00      0.00      0.00
11:27:05 PM      0.00     24.80      0.00      0.00      7.40      0.00      0.00      0.00      0.00      0.00
11:27:10 PM      0.00      0.00      0.00      0.00      3.80      0.00      0.00      0.00      0.00      0.00
11:27:15 PM      0.00     10.40      0.00      0.00      5.20      0.00      0.00      0.00      0.00      0.00
11:27:20 PM     12.80     37.60      3.20      3.20     19.60      0.00      0.00      0.00      0.00      0.00
11:27:25 PM      0.00     64.80      0.00      0.00     14.20      0.00      0.00      0.00      0.00      0.00
11:27:30 PM    297.60    114.40      2.20      1.40      7.40      0.00      0.00      0.00      0.00      0.00
11:27:35 PM      0.00      6.40      0.00      0.00      5.60      0.00      0.00      0.00      0.00      0.00
11:27:40 PM      0.00      0.80      0.00      0.00      4.00      0.00      0.00      0.00      0.00      0.00
11:27:45 PM     38.40      0.00      3.00      2.60      4.60      0.00      0.00      0.00      0.00      0.00
11:27:50 PM      0.00     78.40      0.00      0.00    883.40      0.00      0.00      0.00      0.00      0.00
11:27:55 PM      0.00     32.80      0.00      0.00      5.40      0.00      0.00      0.00      0.00      0.00
11:28:00 PM      0.00      0.00      0.00      0.00      4.20      0.00      0.00      0.00      0.00      0.00
11:28:05 PM      0.00      1.60      0.00      0.00      4.80      0.00      0.00      0.00      0.00      0.00
11:28:10 PM    486.40    149.60      4.60      1.60    119.20      0.00      0.00      0.00      0.00      0.00
11:28:15 PM      3.20      6.40      0.00      0.00      2.20      0.00      0.00      0.00      0.00      0.00
11:28:20 PM    184.80      0.00      1.60      0.80      4.00      0.00      0.00      0.00      0.00      0.00
11:28:25 PM     41.60     12.80      1.00      0.20     19.40      0.00      0.00      0.00      0.00      0.00
11:28:30 PM   1277.60      0.80     13.20      5.80    148.40      0.00      0.00      0.00      0.00      0.00
11:28:35 PM      5.60      0.00      2.60      1.40      5.40      0.00      0.00      0.00      0.00      0.00
11:28:40 PM      0.00     32.00      0.00      0.00      3.80      0.00      0.00      0.00      0.00      0.00
11:28:45 PM     19.20     80.00      0.00      0.00      2.00      0.00      0.00      0.00      0.00      0.00
11:28:50 PM      3.20      3.20      0.00      0.00      4.20      0.00      0.00      0.00      0.00      0.00
11:28:55 PM      0.00      0.00      0.00      0.00      3.80      0.00      0.00      0.00      0.00      0.00
11:29:00 PM      0.80      0.00      0.20      0.20      4.80      0.00      0.00      0.00      0.00      0.00
11:29:05 PM      0.00      0.00      0.00      0.00      4.20      0.00      0.00      0.00      0.00      0.00
11:29:10 PM      0.00      0.00      0.00      0.00      4.40      0.00      0.00      0.00      0.00      0.00
11:29:15 PM      0.00     40.80      0.00      0.00      9.60      0.00      0.00      0.00      0.00      0.00
11:29:20 PM    218.40    130.40      2.40      0.60      5.80      0.00      0.00      0.00      0.00      0.00
11:29:25 PM      3.20      3.20      1.20      0.00      3.80      0.00      0.00      0.00      0.00      0.00
11:29:30 PM      0.00      0.00      2.60      0.00      4.20      0.00      0.00      0.00      0.00      0.00
11:29:35 PM      0.00      0.00      0.00      0.00      3.80      0.00      0.00      0.00      0.00      0.00
11:29:40 PM      0.00      1.60      0.00      0.00     21.80      0.00      0.00      0.00      0.00      0.00
11:29:45 PM      0.00      0.00      0.00      0.00      0.60      0.00      0.00      0.00      0.00      0.00
11:29:50 PM    234.40     38.40      0.80      0.60      5.60      0.00      0.00      0.00      0.00      0.00
11:29:55 PM     16.00    149.60      0.00      0.00      4.80      0.00      0.00      0.00      0.00      0.00
11:30:00 PM      0.00      4.00      0.00      0.00      4.00      0.00      0.00      0.00      0.00      0.00
11:30:05 PM    520.00      0.00      3.80      0.80      5.40      0.00      0.00      0.00      0.00      0.00
11:30:10 PM     15.20      0.00      0.20      0.20      4.60      0.00      0.00      0.00      0.00      0.00
11:30:15 PM      9.60      0.00      7.20      0.00      2.60      0.00      0.00      0.00      0.00      0.00
11:30:20 PM      7.20      0.00      0.40      0.20      4.40      0.00      0.00      0.00      0.00      0.00
11:30:25 PM     57.60     77.60      0.60      0.40      7.20      0.00      0.00      0.00      0.00      0.00
11:30:30 PM      7.20    182.40      1.20      1.00      6.60      0.00      0.00      0.00      0.00      0.00
11:30:35 PM      0.00      3.20      0.00      0.00      4.00      0.00      0.00      0.00      0.00      0.00
11:30:40 PM     81.60      0.80      0.20      0.20     50.40      0.00      0.00      0.00      0.00      0.00
11:30:45 PM     12.80     20.80      0.00      0.00      1.80      0.00      0.00      0.00      0.00      0.00
11:30:50 PM      0.00      0.80      0.00      0.00     18.80      0.00      0.00      0.00      0.00      0.00
11:30:55 PM      0.00      0.00      0.20      0.00      4.20      0.00      0.00      0.00      0.00      0.00
11:31:00 PM      9.60    260.80      0.00      0.00     18.80      0.00      0.00      0.00      0.00      0.00
11:31:05 PM    288.00      0.00      1.80      1.20     26.00      0.00      0.00      0.00      0.00      0.00
11:31:10 PM      0.00      4.00      0.00      0.00      3.80      0.00      0.00      0.00      0.00      0.00
11:31:15 PM      0.00      0.00      0.00      0.00      0.80      0.00      0.00      0.00      0.00      0.00
11:31:20 PM    122.40      0.00      0.20      0.20      4.00      0.00      0.00      0.00      0.00      0.00
11:31:25 PM      0.00      0.00      0.00      0.00      5.60      0.00      0.00      0.00      0.00      0.00
11:31:30 PM    385.60     44.80      1.80      0.40     48.00      0.00      0.00      0.00      0.00      0.00
11:31:35 PM    122.40      0.00      1.20      0.20      7.60      0.00      0.00      0.00      0.00      0.00
11:31:40 PM      3.20    156.00      0.80      0.00      4.40      0.00      0.00      0.00      0.00      0.00
11:31:45 PM    115.20     19.20      2.80      0.20      3.60      0.00      0.00      0.00      0.00      0.00
11:31:50 PM      0.80      0.00      0.20      0.00      4.40      0.00      0.00      0.00      0.00      0.00
11:31:55 PM   1366.40      2.40    300.80      9.00    373.40      0.00      0.00      0.00      0.00      0.00
11:32:00 PM      0.00      2.40      0.00      0.00      5.20      0.00      0.00      0.00      0.00      0.00
11:32:05 PM      0.00      2.40      0.00      0.00      5.60      0.00      0.00      0.00      0.00      0.00
11:32:10 PM      0.00     51.20      0.00      0.00      6.60      0.00      0.00      0.00      0.00      0.00
11:32:15 PM      6.40    156.00      0.00      0.00     39.20      0.00      0.00      0.00      0.00      0.00
11:32:20 PM    216.00     23.20      2.00      1.60     13.40      0.00      0.00      0.00      0.00      0.00
11:32:25 PM      0.00      0.00      0.00      0.00    106.20      0.00      0.00      0.00      0.00      0.00
11:32:30 PM      0.80      0.00      1.80      0.20      5.20      0.00      0.00      0.00      0.00      0.00
11:32:35 PM      0.00      0.00      0.00      0.00      4.00      0.00      0.00      0.00      0.00      0.00
11:32:40 PM      0.00      0.00      0.00      0.00      3.80      0.00      0.00      0.00      0.00      0.00
11:32:45 PM      0.00     38.40      0.00      0.00      0.60      0.00      0.00      0.00      0.00      0.00
11:32:50 PM      0.00    143.20      0.40      0.00      4.00      0.00      0.00      0.00      0.00      0.00
11:32:55 PM      0.00      4.80      0.00      0.00      4.00      0.00      0.00      0.00      0.00      0.00
11:33:00 PM      0.00      0.80      0.00      0.00      4.40      0.00      0.00      0.00      0.00      0.00
11:33:05 PM      0.00      0.00      0.00      0.00      3.80      0.00      0.00      0.00      0.00      0.00
11:33:10 PM      0.80      0.00      0.20      0.20      4.20      0.00      0.00      0.00      0.00      0.00
11:33:15 PM      3.20      0.00      0.00      0.00      1.00      0.00      0.00      0.00      0.00      0.00
11:33:20 PM      0.00     64.00      0.00      0.00      4.40      0.00      0.00      0.00      0.00      0.00
11:33:25 PM      0.00    136.80      0.00      0.00      3.80      0.00      0.00      0.00      0.00      0.00
11:33:30 PM      0.80      4.00      0.80      0.20      4.00      0.00      0.00      0.00      0.00      0.00
11:33:35 PM      0.00      0.00      0.00      0.00      3.80      0.00      0.00      0.00      0.00      0.00
11:33:40 PM      0.00      0.80      0.00      0.00      4.20      0.00      0.00      0.00      0.00      0.00
11:33:45 PM      0.00      0.00      0.00      0.00      0.40      0.00      0.00      0.00      0.00      0.00
11:33:50 PM      0.00      0.00      0.00      0.00      4.00      0.00      0.00      0.00      0.00      0.00
11:33:55 PM      0.00     38.40      0.00      0.00      5.60      0.00      0.00      0.00      0.00      0.00
11:34:00 PM      0.00    143.20      0.00      0.00      3.80      0.00      0.00      0.00      0.00      0.00
11:34:05 PM      0.00      5.60      0.00      0.00      4.40      0.00      0.00      0.00      0.00      0.00
11:34:10 PM      0.00      0.00      0.00      0.00      4.00      0.00      0.00      0.00      0.00      0.00
11:34:15 PM      0.00      0.00      0.00      0.00      0.80      0.00      0.00      0.00      0.00      0.00
11:34:20 PM     27.20      0.00      0.20      0.20      4.00      0.00      0.00      0.00      0.00      0.00
11:34:25 PM    199.20    264.80      0.40      0.40    195.60      0.00      0.00      0.00      0.00      0.00
11:34:30 PM    269.60     44.80      1.20      0.80     15.60      0.00      0.00      0.00      0.00      0.00
11:34:35 PM     22.40    136.80      0.00      0.00      6.00      0.00      0.00      0.00      0.00      0.00
11:34:40 PM      0.00      4.80      0.00      0.00      6.00      0.00      0.00      0.00      0.00      0.00
11:34:45 PM      0.00      0.00      0.00      0.00      0.40      0.00      0.00      0.00      0.00      0.00
11:34:50 PM    115.20      1.60      1.20      1.20      7.40      0.00      0.00      0.00      0.00      0.00
11:34:55 PM      0.00      0.80      0.00      0.00      4.20      0.00      0.00      0.00      0.00      0.00
11:35:00 PM      0.00      0.00      0.00      0.00      4.20      0.00      0.00      0.00      0.00      0.00
11:35:05 PM      0.00     38.40      1.00      0.00      4.80      0.00      0.00      0.00      0.00      0.00
11:35:10 PM     44.80    149.60      1.20      0.40      5.20      0.00      0.00      0.00      0.00      0.00
11:35:15 PM    232.80     19.20      7.40      0.40      5.40      0.00      0.00      0.00      0.00      0.00
11:35:20 PM      3.20      0.00      0.00      0.00      5.20      0.00      0.00      0.00      0.00      0.00
11:35:25 PM      0.00      0.00      0.20      0.00      4.20      0.00      0.00      0.00      0.00      0.00
11:35:30 PM      2.40      0.00      1.60      0.60      4.40      0.00      0.00      0.00      0.00      0.00
11:35:35 PM      0.00      0.00      0.20      0.00      4.20      0.00      0.00      0.00      0.00      0.00
11:35:40 PM      0.00     76.80      0.00      0.00      4.00      0.00      0.00      0.00      0.00      0.00
11:35:45 PM     12.80    185.60      0.00      0.00     89.20      0.00      0.00      0.00      0.00      0.00
11:35:50 PM     30.40      5.60      0.20      0.20      4.80      0.00      0.00      0.00      0.00      0.00
11:35:55 PM      0.00      0.00      0.00      0.00      4.40      0.00      0.00      0.00      0.00      0.00
11:36:00 PM      0.00      1.60      0.00      0.00      4.40      0.00      0.00      0.00      0.00      0.00
11:36:05 PM      0.00      0.00      0.00      0.00      3.80      0.00      0.00      0.00      0.00      0.00
11:36:10 PM      0.00      0.00      0.00      0.00      4.20      0.00      0.00      0.00      0.00      0.00
11:36:15 PM      0.00     57.60      0.00      0.00      0.40      0.00      0.00      0.00      0.00      0.00
11:36:20 PM     23.20    200.80      0.20      0.20      6.40      0.00      0.00      0.00      0.00      0.00
11:36:25 PM      0.00      4.00      0.00      0.00      3.80      0.00      0.00      0.00      0.00      0.00
11:36:30 PM   1012.00      0.00    311.60     13.00    188.40      0.00      0.00      0.00      0.00      0.00
11:36:35 PM      0.00      0.00      0.20      0.00      9.60      0.00      0.00      0.00      0.00      0.00
11:36:40 PM      0.00      0.80      0.00      0.00      4.60      0.00      0.00      0.00      0.00      0.00
11:36:45 PM      0.00      0.00      0.00      0.00      0.60      0.00      0.00      0.00      0.00      0.00
11:36:50 PM      0.00     64.00      0.00      0.00      4.00      0.00      0.00      0.00      0.00      0.00
11:36:55 PM      0.00    132.80      0.00      0.00      8.20      0.00      0.00      0.00      0.00      0.00
11:37:00 PM      0.00     44.00      0.00      0.00      4.80      0.00      0.00      0.00      0.00      0.00
11:37:05 PM      0.00      0.00      0.00      0.00      4.00      0.00      0.00      0.00      0.00      0.00
11:37:10 PM      0.00      0.00      1.80      0.00      3.80      0.00      0.00      0.00      0.00      0.00
11:37:15 PM      0.00      0.00      0.00      0.00      0.80      0.00      0.00      0.00      0.00      0.00
11:37:20 PM     53.60      0.00    296.20     10.40    170.60      0.00      0.00      0.00      0.00      0.00
11:37:25 PM      0.00     58.40      0.00      0.00      4.00      0.00      0.00      0.00      0.00      0.00
11:37:30 PM      0.00    176.80      0.80      0.00      6.00      0.00      0.00      0.00      0.00      0.00
11:37:35 PM      0.00      4.00      0.00      0.00      3.80      0.00      0.00      0.00      0.00      0.00
11:37:40 PM      0.00      0.00      0.40      0.00      4.00      0.00      0.00      0.00      0.00      0.00
11:37:45 PM      0.80      0.00      0.20      0.20      0.40      0.00      0.00      0.00      0.00      0.00
11:37:50 PM      0.00      0.00      0.00      0.00      4.20      0.00      0.00      0.00      0.00      0.00
11:37:55 PM      0.00      0.80      0.00      0.00    209.60      0.00      0.00      0.00      0.00      0.00
11:38:00 PM      0.00     44.80      0.00      0.00      4.00      0.00      0.00      0.00      0.00      0.00
11:38:05 PM      0.00    124.00      0.00      0.00      3.80      0.00      0.00      0.00      0.00      0.00
11:38:10 PM      0.00      8.00      0.00      0.00      5.80      0.00      0.00      0.00      0.00      0.00
11:38:15 PM      0.00      0.00      0.00      0.00      0.80      0.00      0.00      0.00      0.00      0.00
11:38:20 PM      0.00      0.00      0.00      0.00      4.00      0.00      0.00      0.00      0.00      0.00
11:38:25 PM      0.00      0.00      0.00      0.00      4.00      0.00      0.00      0.00      0.00      0.00
11:38:30 PM      0.00      0.00      0.20      0.00      3.80      0.00      0.00      0.00      0.00      0.00
11:38:35 PM     64.00     42.40      0.80      0.40      7.00      0.00      0.00      0.00      0.00      0.00
11:38:40 PM      0.00    149.60      0.00      0.00      3.80      0.00      0.00      0.00      0.00      0.00
11:38:45 PM      0.00      4.00      0.00      0.00      0.60      0.00      0.00      0.00      0.00      0.00
11:38:50 PM     40.00      0.00      0.20      0.20      4.80      0.00      0.00      0.00      0.00      0.00
11:38:55 PM      0.00      3.20      0.00      0.00      4.60      0.00      0.00      0.00      0.00      0.00
11:39:00 PM     32.00      0.00      1.40      1.20      7.20      0.00      0.00      0.00      0.00      0.00
11:39:05 PM     55.20      0.00      0.40      0.40      5.40      0.00      0.00      0.00      0.00      0.00
11:39:10 PM      0.00     38.40      0.00      0.00      5.60      0.00      0.00      0.00      0.00      0.00
11:39:15 PM      0.00    112.00      0.00      0.00      4.00      0.00      0.00      0.00      0.00      0.00
11:39:20 PM      0.00      4.00      0.40      0.00      4.20      0.00      0.00      0.00      0.00      0.00
11:39:25 PM      0.80      0.00      0.20      0.20      3.80      0.00      0.00      0.00      0.00      0.00
11:39:30 PM      0.00      0.00      0.60      0.00      3.80      0.00      0.00      0.00      0.00      0.00
11:39:35 PM      0.00      0.00      0.00      0.00      4.00      0.00      0.00      0.00      0.00      0.00
11:39:40 PM      0.00      0.80      0.20      0.00      4.00      0.00      0.00      0.00      0.00      0.00
11:39:45 PM      0.00     32.00      0.00      0.00      0.60      0.00      0.00      0.00      0.00      0.00
11:39:50 PM      0.80    131.20      0.20      0.20      4.20      0.00      0.00      0.00      0.00      0.00
11:39:55 PM      0.00      5.60      0.00      0.00      4.00      0.00      0.00      0.00      0.00      0.00
11:40:00 PM      0.00      0.00      0.00      0.00      3.80      0.00      0.00      0.00      0.00      0.00
11:40:05 PM      0.00      0.80      0.00      0.00      5.20      0.00      0.00      0.00      0.00      0.00
11:40:10 PM      0.00      0.00      0.20      0.00      4.20      0.00      0.00      0.00      0.00      0.00
11:40:15 PM     29.60     28.80      7.40      0.40      1.40      0.00      0.00      0.00      0.00      0.00
11:40:20 PM     15.20     70.40      1.00      0.20      5.00      0.00      0.00      0.00      0.00      0.00
11:40:25 PM      0.00    144.00      0.40      0.00      4.40      0.00      0.00      0.00      0.00      0.00
11:40:30 PM      0.00      5.60      0.40      0.00      4.80      0.00      0.00      0.00      0.00      0.00
11:40:35 PM     15.20      0.00      0.60      0.20      4.20      0.00      0.00      0.00      0.00      0.00
11:40:40 PM      0.80      0.00      1.00      0.20      4.20      0.00      0.00      0.00      0.00      0.00
11:40:45 PM      0.00     20.80      0.00      0.00      1.40      0.00      0.00      0.00      0.00      0.00
11:40:50 PM      0.00     70.40      0.20      0.00      4.20      0.00      0.00      0.00      0.00      0.00
11:40:55 PM      0.00      0.00      0.20      0.00      5.20      0.00      0.00      0.00      0.00      0.00
11:41:00 PM      0.00    168.80      0.00      0.00      3.80      0.00      0.00      0.00      0.00      0.00
11:41:05 PM      0.80      4.00      0.00      0.00      4.20      0.00      0.00      0.00      0.00      0.00
11:41:10 PM      0.00     92.80      0.00      0.00    242.20      0.00      0.00      0.00      0.00      0.00
11:41:15 PM      0.00      0.00      0.00      0.00      0.60      0.00      0.00      0.00      0.00      0.00
11:41:20 PM      0.00      0.00      0.00      0.00      4.40      0.00      0.00      0.00      0.00      0.00
11:41:25 PM      0.00      0.00      0.00      0.00      4.00      0.00      0.00      0.00      0.00      0.00
11:41:30 PM    169.60     38.40      1.20      0.60      6.60      0.00      0.00      0.00      0.00      0.00
11:41:35 PM      0.00    124.00      0.40      0.00      7.00      0.00      0.00      0.00      0.00      0.00
11:41:40 PM      0.00      4.00      0.00      0.00      4.40      0.00      0.00      0.00      0.00      0.00
11:41:45 PM     15.20      0.80      0.00      0.20      2.00      0.00      0.00      0.00      0.00      0.00
11:41:50 PM      0.00      0.00      1.20      0.00      5.00      0.00      0.00      0.00      0.00      0.00
11:41:55 PM      0.80      0.00      0.20      0.20      3.80      0.00      0.00      0.00      0.00      0.00
11:42:00 PM      0.00      0.00      0.80      0.00      4.20      0.00      0.00      0.00      0.00      0.00
11:42:05 PM     15.20     32.80      0.00      0.20      4.20      0.00      0.00      0.00      0.00      0.00
11:42:10 PM      0.00    136.80      1.20      0.00      4.60      0.00      0.00      0.00      0.00      0.00
11:42:15 PM      0.00      4.00      0.00      0.00      0.40      0.00      0.00      0.00      0.00      0.00
11:42:20 PM    602.40      0.00    297.00     10.20    214.00      0.00      0.00      0.00      0.00      0.00
11:42:25 PM      0.00      0.00      0.00      0.00      4.00      0.00      0.00      0.00      0.00      0.00
11:42:30 PM      0.00      0.00      0.20      0.00      4.20      0.00      0.00      0.00      0.00      0.00
11:42:35 PM      0.00      0.00      0.00      0.00      4.00      0.00      0.00      0.00      0.00      0.00
11:42:40 PM      0.00     38.40      0.00      0.00      5.80      0.00      0.00      0.00      0.00      0.00
11:42:45 PM      9.60    124.00      0.00      0.00      0.60      0.00      0.00      0.00      0.00      0.00
11:42:50 PM      0.00     47.20      0.00      0.00    192.00      0.00      0.00      0.00      0.00      0.00
11:42:55 PM     15.20     12.00      0.00      0.40      8.40      0.00      0.00      0.00      0.00      0.00
11:43:00 PM      0.00      0.00      1.20      0.00      4.00      0.00      0.00      0.00      0.00      0.00
11:43:05 PM      0.00     16.00      0.00      0.00      8.40      0.00      0.00      0.00      0.00      0.00
11:43:10 PM    208.00      0.00      3.60      2.00      6.60      0.00      0.00      0.00      0.00      0.00
11:43:15 PM      0.00     52.80      0.00      0.00      5.60      0.00      0.00      0.00      0.00      0.00
11:43:20 PM      9.60    143.20      0.00      0.00      6.20      0.00      0.00      0.00      0.00      0.00
11:43:25 PM      0.00      6.40      0.00      0.00      3.80      0.00      0.00      0.00      0.00      0.00
11:43:30 PM      0.00      1.60      0.40      0.00      6.60      0.00      0.00      0.00      0.00      0.00
11:43:35 PM      1.60      0.00      0.40      0.40      3.80      0.00      0.00      0.00      0.00      0.00
11:43:40 PM      0.00      0.00      0.00      0.00      4.00      0.00      0.00      0.00      0.00      0.00
11:43:45 PM      0.00      0.00      0.00      0.00      0.40      0.00      0.00      0.00      0.00      0.00
11:43:50 PM      0.00     38.40      0.00      0.00      7.20      0.00      0.00      0.00      0.00      0.00
11:43:55 PM      0.00    551.20      0.00      0.00    193.60      0.00      0.00      0.00      0.00      0.00
11:44:00 PM      1.60      4.00      0.40      0.40      3.80      0.00      0.00      0.00      0.00      0.00
11:44:05 PM      0.00      0.80      0.00      0.00      4.60      0.00      0.00      0.00      0.00      0.00
11:44:10 PM      0.00      0.00      0.00      0.00      3.80      0.00      0.00      0.00      0.00      0.00
11:44:15 PM      0.00      0.00      0.00      0.00      0.60      0.00      0.00      0.00      0.00      0.00
11:44:20 PM    284.80      1.60      0.80      0.60     19.80      0.00      0.00      0.00      0.00      0.00
11:44:25 PM      2.40     32.00      1.60      0.60      4.20      0.00      0.00      0.00      0.00      0.00
11:44:30 PM     54.40    137.60      2.40      1.40      7.40      0.00      0.00      0.00      0.00      0.00
11:44:35 PM      0.00      4.80      0.00      0.00      4.00      0.00      0.00      0.00      0.00      0.00
11:44:40 PM      0.00      0.00      0.00      0.00      4.00      0.00      0.00      0.00      0.00      0.00
11:44:45 PM      0.00      4.00      0.00      0.00      4.40      0.00      0.00      0.00      0.00      0.00
11:44:50 PM      0.80      0.80      0.20      0.20      5.20      0.00      0.00      0.00      0.00      0.00
11:44:55 PM      0.00      0.00      0.00      0.00      3.80      0.00      0.00      0.00      0.00      0.00
11:45:00 PM      0.00     38.40      0.00      0.00      4.00      0.00      0.00      0.00      0.00      0.00
11:45:05 PM      0.00    104.80      0.00      0.00      4.80      0.00      0.00      0.00      0.00      0.00
11:45:10 PM      0.00      4.80      0.00      0.00      4.60      0.00      0.00      0.00      0.00      0.00
11:45:15 PM    468.00     48.80      8.00      1.20      5.20      0.00      0.00      0.00      0.00      0.00
11:45:20 PM      6.40     14.40      5.20      0.00      4.40      0.00      0.00      0.00      0.00      0.00
11:45:25 PM      0.00      0.00      0.00      0.00      5.20      0.00      0.00      0.00      0.00      0.00
11:45:30 PM      0.00      0.00      0.80      0.00      4.20      0.00      0.00      0.00      0.00      0.00
11:45:35 PM      0.00     64.00      0.00      0.00      5.00      0.00      0.00      0.00      0.00      0.00
11:45:40 PM      0.00    168.80      0.00      0.00      6.40      0.00      0.00      0.00      0.00      0.00
11:45:45 PM      0.00     24.80      0.00      0.00      1.60      0.00      0.00      0.00      0.00      0.00
11:45:50 PM      0.80      0.00      0.00      0.00      4.00      0.00      0.00      0.00      0.00      0.00
11:45:55 PM      0.00      1.60      0.20      0.00      6.00      0.00      0.00      0.00      0.00      0.00
11:46:00 PM      0.00      0.00      0.00      0.00      4.00      0.00      0.00      0.00      0.00      0.00
11:46:05 PM      0.80     44.80      0.20      0.20      3.80      0.00      0.00      0.00      0.00      0.00
11:46:10 PM      0.00      0.00      0.00      0.00      4.00      0.00      0.00      0.00      0.00      0.00
11:46:15 PM      0.00    130.40      0.00      0.00      0.40      0.00      0.00      0.00      0.00      0.00
11:46:20 PM      4.00      6.40      0.20      0.20      5.60      0.00      0.00      0.00      0.00      0.00
11:46:25 PM     17.60      0.00      1.20      0.20      4.00      0.00      0.00      0.00      0.00      0.00
11:46:30 PM    145.60      0.00      2.20      1.40      4.20      0.00      0.00      0.00      0.00      0.00
11:46:35 PM      0.80      0.00      0.40      0.20      6.80      0.00      0.00      0.00      0.00      0.00
11:46:40 PM      0.00      0.80      0.20      0.00      4.20      0.00      0.00      0.00      0.00      0.00
11:46:45 PM      0.00     32.00      0.00      0.00      0.60      0.00      0.00      0.00      0.00      0.00
11:46:50 PM      0.00    151.20      0.00      0.00     78.00      0.00      0.00      0.00      0.00      0.00
11:46:55 PM      4.80      4.80      0.40      0.40      6.80      0.00      0.00      0.00      0.00      0.00
11:47:00 PM      0.80      0.00      0.00      0.00      3.80      0.00      0.00      0.00      0.00      0.00
11:47:05 PM     15.20      3.20      0.20      0.20      7.60      0.00      0.00      0.00      0.00      0.00
11:47:10 PM      0.00      0.80      1.00      0.00      4.00      0.00      0.00      0.00      0.00      0.00
11:47:15 PM      0.00      1.60      0.00      0.00      1.20      0.00      0.00      0.00      0.00      0.00
11:47:20 PM    711.20     38.40    314.40     23.20    139.40      0.00      0.00      0.00      0.00      0.00
11:47:25 PM      0.00    111.20      0.00      0.00      3.80      0.00      0.00      0.00      0.00      0.00
11:47:30 PM      0.00      5.60      0.40      0.00      4.20      0.00      0.00      0.00      0.00      0.00
11:47:35 PM      0.00      3.20      0.00      0.00      4.60      0.00      0.00      0.00      0.00      0.00
11:47:40 PM      0.00      0.00      0.00      0.00      4.00      0.00      0.00      0.00      0.00      0.00
11:47:45 PM      0.80      0.00      0.20      0.20      0.40      0.00      0.00      0.00      0.00      0.00
11:47:50 PM      0.00      6.40      0.20      0.00      6.60      0.00      0.00      0.00      0.00      0.00
11:47:55 PM      0.00     32.00      0.00      0.00      3.80      0.00      0.00      0.00      0.00      0.00
11:48:00 PM      0.00    154.40      0.00      0.00     11.20      0.00      0.00      0.00      0.00      0.00
11:48:05 PM      0.00      4.80      0.00      0.00      3.80      0.00      0.00      0.00      0.00      0.00
11:48:10 PM      5.60      0.00      1.40      1.40      3.80      0.00      0.00      0.00      0.00      0.00
11:48:15 PM      0.00      0.00      0.00      0.00      1.40      0.00      0.00      0.00      0.00      0.00
11:48:20 PM      0.80      0.80      0.20      0.20      4.20      0.00      0.00      0.00      0.00      0.00
11:48:25 PM      0.00      0.00      0.00      0.00      4.00      0.00      0.00      0.00      0.00      0.00
11:48:30 PM      0.00     74.40      0.20      0.00     12.00      0.00      0.00      0.00      0.00      0.00
11:48:35 PM      0.80    112.00      0.20      0.20      4.20      0.00      0.00      0.00      0.00      0.00
11:48:40 PM      0.00      4.00      0.00      0.00      3.80      0.00      0.00      0.00      0.00      0.00
11:48:45 PM      0.00      0.80      0.00      0.00      0.60      0.00      0.00      0.00      0.00      0.00
11:48:50 PM      0.00     98.40      0.00      0.00     82.40      0.00      0.00      0.00      0.00      0.00
11:48:55 PM      0.00      0.00      0.00      0.00      4.20      0.00      0.00      0.00      0.00      0.00
11:49:00 PM     18.40      0.80      1.20      1.20      5.80      0.00      0.00      0.00      0.00      0.00
11:49:05 PM      0.00     32.00      0.00      0.00      3.80      0.00      0.00      0.00      0.00      0.00
11:49:10 PM      0.00    149.60      0.00      0.00      4.00      0.00      0.00      0.00      0.00      0.00
11:49:15 PM      0.00      4.80      0.00      0.00      0.40      0.00      0.00      0.00      0.00      0.00
11:49:20 PM      0.00      0.00      0.00      0.00      4.19      0.00      0.00      0.00      0.00      0.00
11:49:25 PM      0.80      0.00      0.20      0.20      3.80      0.00      0.00      0.00      0.00      0.00
11:49:30 PM      1.60      0.00      0.40      0.40      4.20      0.00      0.00      0.00      0.00      0.00
11:49:35 PM      0.00      0.00      0.00      0.00      4.20      0.00      0.00      0.00      0.00      0.00
11:49:40 PM      0.00     44.80      0.00      0.00      3.80      0.00      0.00      0.00      0.00      0.00
11:49:45 PM      0.00    117.60      0.00      0.00      0.60      0.00      0.00      0.00      0.00      0.00
11:49:50 PM      0.00      4.00      0.00      0.00      4.00      0.00      0.00      0.00      0.00      0.00
11:49:55 PM      0.00      1.60      0.00      0.00      4.40      0.00      0.00      0.00      0.00      0.00
11:50:00 PM      0.00      0.00      0.00      0.00      3.80      0.00      0.00      0.00      0.00      0.00
11:50:05 PM      0.00      0.00      0.00      0.00      5.00      0.00      0.00      0.00      0.00      0.00
11:50:10 PM      0.00      0.00      0.00      0.00      4.20      0.00      0.00      0.00      0.00      0.00
11:50:15 PM      5.60     32.80      7.00      0.60      1.60      0.00      0.00      0.00      0.00      0.00
11:50:20 PM     13.60    230.40      0.40      0.20      7.60      0.00      0.00      0.00      0.00      0.00
11:50:25 PM      0.00      6.40      0.00      0.00      4.80      0.00      0.00      0.00      0.00      0.00
11:50:30 PM     14.40    112.00      6.20      0.40    196.60      0.00      0.00      0.00      0.00      0.00
11:50:35 PM      0.00      0.00      1.20      0.00      4.60      0.00      0.00      0.00      0.00      0.00
11:50:40 PM      2.40      0.80      0.60      0.60      4.40      0.00      0.00      0.00      0.00      0.00
11:50:45 PM     12.80     91.20      0.00      0.00      2.00      0.00      0.00      0.00      0.00      0.00
11:50:50 PM      6.40    136.80      0.00      0.00      5.40      0.00      0.00      0.00      0.00      0.00
11:50:55 PM      0.00    133.60      0.20      0.00    161.40      0.00      0.00      0.00      0.00      0.00
11:51:00 PM      3.20      7.20      0.00      0.00      4.00      0.00      0.00      0.00      0.00      0.00
11:51:05 PM      1.60      0.00      0.40      0.40      4.00      0.00      0.00      0.00      0.00      0.00
11:51:10 PM      0.00      0.00      0.00      0.00      4.20      0.00      0.00      0.00      0.00      0.00
11:51:15 PM      0.00      2.40      0.00      0.00      1.20      0.00      0.00      0.00      0.00      0.00
11:51:20 PM    475.20      0.00      3.40      2.80     18.60      0.00      0.00      0.00      0.00      0.00
11:51:25 PM      0.00     38.40      0.00      0.00      4.00      0.00      0.00      0.00      0.00      0.00
11:51:30 PM     16.00    136.80      2.80      1.60      5.20      0.00      0.00      0.00      0.00      0.00
11:51:35 PM      0.80      4.00      0.60      0.20      7.60      0.00      0.00      0.00      0.00      0.00
11:51:40 PM      0.80      0.00      0.00      0.00      4.40      0.00      0.00      0.00      0.00      0.00
11:51:45 PM      0.00      0.00      0.00      0.00      0.40      0.00      0.00      0.00      0.00      0.00
11:51:50 PM      0.00      0.00      0.00      0.00      4.40      0.00      0.00      0.00      0.00      0.00
11:51:55 PM      0.80      2.40      0.20      0.20     34.60      0.00      0.00      0.00      0.00      0.00
11:52:00 PM      0.00     38.40      0.00      0.00      4.00      0.00      0.00      0.00      0.00      0.00
11:52:05 PM     12.80    124.00      0.00      0.00      6.20      0.00      0.00      0.00      0.00      0.00
11:52:10 PM     98.40      5.60      0.60      0.60      4.20      0.00      0.00      0.00      0.00      0.00
11:52:15 PM      0.00      2.40      0.00      0.00      1.20      0.00      0.00      0.00      0.00      0.00
11:52:20 PM    560.00      0.00    312.80     20.20    161.80      0.00      0.00      0.00      0.00      0.00
11:52:25 PM     12.80      1.60      0.60      0.20      4.80      0.00      0.00      0.00      0.00      0.00
11:52:30 PM      0.00      0.00      2.80      0.00      4.60      0.00      0.00      0.00      0.00      0.00
11:52:35 PM      0.00    113.60      0.00      0.00     25.00      0.00      0.00      0.00      0.00      0.00
11:52:40 PM      3.20    151.20      0.00      0.00      7.00      0.00      0.00      0.00      0.00      0.00
11:52:45 PM     15.20      4.00      3.80      3.80      2.80      0.00      0.00      0.00      0.00      0.00
11:52:50 PM      0.80      2.40      0.00      0.00      6.40      0.00      0.00      0.00      0.00      0.00
11:52:55 PM      0.00      0.00      0.00      0.00      4.00      0.00      0.00      0.00      0.00      0.00
11:53:00 PM      0.00      0.80      0.00      0.00      4.00      0.00      0.00      0.00      0.00      0.00
11:53:05 PM      0.00      0.00      0.00      0.00      3.80      0.00      0.00      0.00      0.00      0.00
11:53:10 PM      3.20     41.60      0.80      0.80      4.80      0.00      0.00      0.00      0.00      0.00
11:53:15 PM      0.00    124.00      0.00      0.00      0.40      0.00      0.00      0.00      0.00      0.00
11:53:20 PM      0.00      4.80      0.00      0.00      4.20      0.00      0.00      0.00      0.00      0.00
11:53:25 PM      0.00      0.00      0.00      0.00      3.80      0.00      0.00      0.00      0.00      0.00
11:53:30 PM      0.80      0.00      0.60      0.20      5.40      0.00      0.00      0.00      0.00      0.00
11:53:35 PM      1.60      1.60      0.40      0.40      5.40      0.00      0.00      0.00      0.00      0.00
11:53:40 PM      0.00      0.00      0.00      0.00      4.00      0.00      0.00      0.00      0.00      0.00
11:53:45 PM      0.00     38.40      0.00      0.00      0.40      0.00      0.00      0.00      0.00      0.00
11:53:50 PM      0.00    144.00      0.00      0.00      4.20      0.00      0.00      0.00      0.00      0.00
11:53:55 PM      0.00      4.00      0.00      0.00      4.00      0.00      0.00      0.00      0.00      0.00
11:54:00 PM      0.00      0.00      0.00      0.00      3.80      0.00      0.00      0.00      0.00      0.00
11:54:05 PM      0.00      0.00      0.00      0.00      4.00      0.00      0.00      0.00      0.00      0.00
11:54:10 PM      0.00      0.00      0.00      0.00      3.80      0.00      0.00      0.00      0.00      0.00
11:54:15 PM      0.00      0.00      0.00      0.00      0.60      0.00      0.00      0.00      0.00      0.00
11:54:20 PM      0.00     38.40      0.00      0.00      5.00      0.00      0.00      0.00      0.00      0.00
11:54:25 PM      0.00    124.00      0.00      0.00      4.00      0.00      0.00      0.00      0.00      0.00
11:54:30 PM      4.80      5.60      1.20      1.20      5.40      0.00      0.00      0.00      0.00      0.00
11:54:35 PM      0.00      0.00      0.00      0.00      3.80      0.00      0.00      0.00      0.00      0.00
11:54:40 PM      0.00      0.80      0.00      0.00      4.40      0.00      0.00      0.00      0.00      0.00
11:54:45 PM      0.00      0.00      0.00      0.00      0.40      0.00      0.00      0.00      0.00      0.00
Average:        43.28     33.58     10.34      0.44     23.56      0.00      0.00      0.00      0.00      0.00
