Linux 7.0.10-arch1-1 (archlinux) 	05/30/2026 	_x86_64_	(4 CPU)

11:24:45 PM  %smem-10  %smem-60 %smem-300     %smem  %fmem-10  %fmem-60 %fmem-300     %fmem
11:24:50 PM      0.00      0.00      0.00      0.00      0.00      0.00      0.00      0.00
11:24:55 PM      0.00      0.00      0.00      0.00      0.00      0.00      0.00      0.00
11:25:00 PM      0.00      0.00      0.00      0.00      0.00      0.00      0.00      0.00
11:25:05 PM      0.00      0.00      0.00      0.00      0.00      0.00      0.00      0.00
11:25:10 PM      0.00      0.00      0.00      0.00      0.00      0.00      0.00      0.00
11:25:15 PM      0.00      0.00      0.00      0.00      0.00      0.00      0.00      0.00
11:25:20 PM      0.00      0.00      0.00      0.00      0.00      0.00      0.00      0.00
11:25:25 PM      0.00      0.00      0.00      0.00      0.00      0.00      0.00      0.00
11:25:30 PM      0.00      0.00      0.00      0.00      0.00      0.00      0.00      0.00
11:25:35 PM      0.00      0.00      0.00      0.00      0.00      0.00      0.00      0.00
11:25:40 PM      0.00      0.00      0.00      0.00      0.00      0.00      0.00      0.00
11:25:45 PM      0.00      0.00      0.00      0.00      0.00      0.00      0.00      0.00
11:25:50 PM      0.00      0.00      0.00      0.00      0.00      0.00      0.00      0.00
11:25:55 PM      0.00      0.00      0.00      0.00      0.00      0.00      0.00      0.00
11:26:00 PM      0.00      0.00      0.00      0.00      0.00      0.00      0.00      0.00
11:26:05 PM      0.00      0.00      0.00      0.00      0.00      0.00      0.00      0.00
11:26:10 PM      0.00      0.00      0.00      0.00      0.00      0.00      0.00      0.00
11:26:15 PM      0.00      0.00      0.00      0.00      0.00      0.00      0.00      0.00
11:26:20 PM      0.00      0.00      0.00      0.00      0.00      0.00      0.00      0.00
11:26:25 PM      0.00      0.00      0.00      0.00      0.00      0.00      0.00      0.00
11:26:30 PM      0.00      0.00      0.00      0.00      0.00      0.00      0.00      0.00
11:26:35 PM      0.00      0.00      0.00      0.00      0.00      0.00      0.00      0.00
11:26:40 PM      0.00      0.00      0.00      0.00      0.00      0.00      0.00      0.00
11:26:45 PM      0.00      0.00      0.00      0.00      0.00      0.00      0.00      0.00
11:26:50 PM      0.00      0.00      0.00      0.00      0.00      0.00      0.00      0.00
11:26:55 PM      0.00      0.00      0.00      0.00      0.00      0.00      0.00      0.00
11:27:00 PM      0.00      0.00      0.00      0.00      0.00      0.00      0.00      0.00
11:27:05 PM      0.00      0.00      0.00      0.00      0.00      0.00      0.00      0.00
11:27:10 PM      0.00      0.00      0.00      0.00      0.00      0.00      0.00      0.00
11:27:15 PM      0.00      0.00      0.00      0.00      0.00      0.00      0.00      0.00
11:27:20 PM      0.00      0.00      0.00      0.00      0.00      0.00      0.00      0.00
11:27:25 PM      0.00      0.00      0.00      0.00      0.00      0.00      0.00      0.00
11:27:30 PM      0.00      0.00      0.00      0.00      0.00      0.00      0.00      0.00
11:27:35 PM      0.00      0.00      0.00      0.00      0.00      0.00      0.00      0.00
11:27:40 PM      0.00      0.00      0.00      0.00      0.00      0.00      0.00      0.00
11:27:45 PM      0.00      0.00      0.00      0.00      0.00      0.00      0.00      0.00
11:27:50 PM      0.00      0.00      0.00      0.00      0.00      0.00      0.00      0.00
11:27:55 PM      0.00      0.00      0.00      0.00      0.00      0.00      0.00      0.00
11:28:00 PM      0.00      0.00      0.00      0.00      0.00      0.00      0.00      0.00
11:28:05 PM      0.00      0.00      0.00      0.00      0.00      0.00      0.00      0.00
11:28:10 PM      0.00      0.00      0.00      0.00      0.00      0.00      0.00      0.00
11:28:15 PM      0.00      0.00      0.00      0.00      0.00      0.00      0.00      0.00
11:28:20 PM      0.00      0.00      0.00      0.00      0.00      0.00      0.00      0.00
11:28:25 PM      0.00      0.00      0.00      0.00      0.00      0.00      0.00      0.00
11:28:30 PM      0.00      0.00      0.00      0.00      0.00      0.00      0.00      0.00
11:28:35 PM      0.00      0.00      0.00      0.00      0.00      0.00      0.00      0.00
11:28:40 PM      0.00      0.00      0.00      0.00      0.00      0.00      0.00      0.00
11:28:45 PM      0.00      0.00      0.00      0.00      0.00      0.00      0.00      0.00
11:28:50 PM      0.00      0.00      0.00      0.00      0.00      0.00      0.00      0.00
11:28:55 PM      0.00      0.00      0.00      0.00      0.00      0.00      0.00      0.00
11:29:00 PM      0.00      0.00      0.00      0.00      0.00      0.00      0.00      0.00
11:29:05 PM      0.00      0.00      0.00      0.00      0.00      0.00      0.00      0.00
11:29:10 PM      0.00      0.00      0.00      0.00      0.00      0.00      0.00      0.00
11:29:15 PM      0.00      0.00      0.00      0.00      0.00      0.00      0.00      0.00
11:29:20 PM      0.00      0.00      0.00      0.00      0.00      0.00      0.00      0.00
11:29:25 PM      0.00      0.00      0.00      0.00      0.00      0.00      0.00      0.00
11:29:30 PM      0.00      0.00      0.00      0.00      0.00      0.00      0.00      0.00
11:29:35 PM      0.00      0.00      0.00      0.00      0.00      0.00      0.00      0.00
11:29:40 PM      0.00      0.00      0.00      0.00      0.00      0.00      0.00      0.00
11:29:45 PM      0.00      0.00      0.00      0.00      0.00      0.00      0.00      0.00
11:29:50 PM      0.00      0.00      0.00      0.00      0.00      0.00      0.00      0.00
11:29:55 PM      0.00      0.00      0.00      0.00      0.00      0.00      0.00      0.00
11:30:00 PM      0.00      0.00      0.00      0.00      0.00      0.00      0.00      0.00
11:30:05 PM      0.00      0.00      0.00      0.00      0.00      0.00      0.00      0.00
11:30:10 PM      0.00      0.00      0.00      0.00      0.00      0.00      0.00      0.00
11:30:15 PM      0.00      0.00      0.00      0.00      0.00      0.00      0.00      0.00
11:30:20 PM      0.00      0.00      0.00      0.00      0.00      0.00      0.00      0.00
11:30:25 PM      0.00      0.00      0.00      0.00      0.00      0.00      0.00      0.00
11:30:30 PM      0.00      0.00      0.00      0.00      0.00      0.00      0.00      0.00
11:30:35 PM      0.00      0.00      0.00      0.00      0.00      0.00      0.00      0.00
11:30:40 PM      0.00      0.00      0.00      0.00      0.00      0.00      0.00      0.00
11:30:45 PM      0.00      0.00      0.00      0.00      0.00      0.00      0.00      0.00
11:30:50 PM      0.00      0.00      0.00      0.00      0.00      0.00      0.00      0.00
11:30:55 PM      0.00      0.00      0.00      0.00      0.00      0.00      0.00      0.00
11:31:00 PM      0.00      0.00      0.00      0.00      0.00      0.00      0.00      0.00
11:31:05 PM      0.00      0.00      0.00      0.00      0.00      0.00      0.00      0.00
11:31:10 PM      0.00      0.00      0.00      0.00      0.00      0.00      0.00      0.00
11:31:15 PM      0.00      0.00      0.00      0.00      0.00      0.00      0.00      0.00
11:31:20 PM      0.00      0.00      0.00      0.00      0.00      0.00      0.00      0.00
11:31:25 PM      0.00      0.00      0.00      0.00      0.00      0.00      0.00      0.00
11:31:30 PM      0.00      0.00      0.00      0.00      0.00      0.00      0.00      0.00
11:31:35 PM      0.00      0.00      0.00      0.00      0.00      0.00      0.00      0.00
11:31:40 PM      0.00      0.00      0.00      0.00      0.00      0.00      0.00      0.00
11:31:45 PM      0.00      0.00      0.00      0.00      0.00      0.00      0.00      0.00
11:31:50 PM      0.00      0.00      0.00      0.00      0.00      0.00      0.00      0.00
11:31:55 PM      0.00      0.00      0.00      0.00      0.00      0.00      0.00      0.00
11:32:00 PM      0.00      0.00      0.00      0.00      0.00      0.00      0.00      0.00
11:32:05 PM      0.00      0.00      0.00      0.00      0.00      0.00      0.00      0.00
11:32:10 PM      0.00      0.00      0.00      0.00      0.00      0.00      0.00      0.00
11:32:15 PM      0.00      0.00      0.00      0.00      0.00      0.00      0.00      0.00
11:32:20 PM      0.00      0.00      0.00      0.00      0.00      0.00      0.00      0.00
11:32:25 PM      0.00      0.00      0.00      0.00      0.00      0.00      0.00      0.00
11:32:30 PM      0.00      0.00      0.00      0.00      0.00      0.00      0.00      0.00
11:32:35 PM      0.00      0.00      0.00      0.00      0.00      0.00      0.00      0.00
11:32:40 PM      0.00      0.00      0.00      0.00      0.00      0.00      0.00      0.00
11:32:45 PM      0.00      0.00      0.00      0.00      0.00      0.00      0.00      0.00
11:32:50 PM      0.00      0.00      0.00      0.00      0.00      0.00      0.00      0.00
11:32:55 PM      0.00      0.00      0.00      0.00      0.00      0.00      0.00      0.00
11:33:00 PM      0.00      0.00      0.00      0.00      0.00      0.00      0.00      0.00
11:33:05 PM      0.00      0.00      0.00      0.00      0.00      0.00      0.00      0.00
11:33:10 PM      0.00      0.00      0.00      0.00      0.00      0.00      0.00      0.00
11:33:15 PM      0.00      0.00      0.00      0.00      0.00      0.00      0.00      0.00
11:33:20 PM      0.00      0.00      0.00      0.00      0.00      0.00      0.00      0.00
11:33:25 PM      0.00      0.00      0.00      0.00      0.00      0.00      0.00      0.00
11:33:30 PM      0.00      0.00      0.00      0.00      0.00      0.00      0.00      0.00
11:33:35 PM      0.00      0.00      0.00      0.00      0.00      0.00      0.00      0.00
11:33:40 PM      0.00      0.00      0.00      0.00      0.00      0.00      0.00      0.00
11:33:45 PM      0.00      0.00      0.00      0.00      0.00      0.00      0.00      0.00
11:33:50 PM      0.00      0.00      0.00      0.00      0.00      0.00      0.00      0.00
11:33:55 PM      0.00      0.00      0.00      0.00      0.00      0.00      0.00      0.00
11:34:00 PM      0.00      0.00      0.00      0.00      0.00      0.00      0.00      0.00
11:34:05 PM      0.00      0.00      0.00      0.00      0.00      0.00      0.00      0.00
11:34:10 PM      0.00      0.00      0.00      0.00      0.00      0.00      0.00      0.00
11:34:15 PM      0.00      0.00      0.00      0.00      0.00      0.00      0.00      0.00
11:34:20 PM      0.00      0.00      0.00      0.00      0.00      0.00      0.00      0.00
11:34:25 PM      0.00      0.00      0.00      0.00      0.00      0.00      0.00      0.00
11:34:30 PM      0.00      0.00      0.00      0.00      0.00      0.00      0.00      0.00
11:34:35 PM      0.00      0.00      0.00      0.00      0.00      0.00      0.00      0.00
11:34:40 PM      0.00      0.00      0.00      0.00      0.00      0.00      0.00      0.00
11:34:45 PM      0.00      0.00      0.00      0.00      0.00      0.00      0.00      0.00
11:34:50 PM      0.00      0.00      0.00      0.00      0.00      0.00      0.00      0.00
11:34:55 PM      0.00      0.00      0.00      0.00      0.00      0.00      0.00      0.00
11:35:00 PM      0.00      0.00      0.00      0.00      0.00      0.00      0.00      0.00
11:35:05 PM      0.00      0.00      0.00      0.00      0.00      0.00      0.00      0.00
11:35:10 PM      0.00      0.00      0.00      0.00      0.00      0.00      0.00      0.00
11:35:15 PM      0.00      0.00      0.00      0.00      0.00      0.00      0.00      0.00
11:35:20 PM      0.00      0.00      0.00      0.00      0.00      0.00      0.00      0.00
11:35:25 PM      0.00      0.00      0.00      0.00      0.00      0.00      0.00      0.00
11:35:30 PM      0.00      0.00      0.00      0.00      0.00      0.00      0.00      0.00
11:35:35 PM      0.00      0.00      0.00      0.00      0.00      0.00      0.00      0.00
11:35:40 PM      0.00      0.00      0.00      0.00      0.00      0.00      0.00      0.00
11:35:45 PM      0.00      0.00      0.00      0.00      0.00      0.00      0.00      0.00
11:35:50 PM      0.00      0.00      0.00      0.00      0.00      0.00      0.00      0.00
11:35:55 PM      0.00      0.00      0.00      0.00      0.00      0.00      0.00      0.00
11:36:00 PM      0.00      0.00      0.00      0.00      0.00      0.00      0.00      0.00
11:36:05 PM      0.00      0.00      0.00      0.00      0.00      0.00      0.00      0.00
11:36:10 PM      0.00      0.00      0.00      0.00      0.00      0.00      0.00      0.00
11:36:15 PM      0.00      0.00      0.00      0.00      0.00      0.00      0.00      0.00
11:36:20 PM      0.00      0.00      0.00      0.00      0.00      0.00      0.00      0.00
11:36:25 PM      0.00      0.00      0.00      0.00      0.00      0.00      0.00      0.00
11:36:30 PM      0.00      0.00      0.00      0.00      0.00      0.00      0.00      0.00
11:36:35 PM      0.00      0.00      0.00      0.00      0.00      0.00      0.00      0.00
11:36:40 PM      0.00      0.00      0.00      0.00      0.00      0.00      0.00      0.00
11:36:45 PM      0.00      0.00      0.00      0.00      0.00      0.00      0.00      0.00
11:36:50 PM      0.00      0.00      0.00      0.00      0.00      0.00      0.00      0.00
11:36:55 PM      0.00      0.00      0.00      0.00      0.00      0.00      0.00      0.00
11:37:00 PM      0.00      0.00      0.00      0.00      0.00      0.00      0.00      0.00
11:37:05 PM      0.00      0.00      0.00      0.00      0.00      0.00      0.00      0.00
11:37:10 PM      0.00      0.00      0.00      0.00      0.00      0.00      0.00      0.00
11:37:15 PM      0.00      0.00      0.00      0.00      0.00      0.00      0.00      0.00
11:37:20 PM      0.00      0.00      0.00      0.00      0.00      0.00      0.00      0.00
11:37:25 PM      0.00      0.00      0.00      0.00      0.00      0.00      0.00      0.00
11:37:30 PM      0.00      0.00      0.00      0.00      0.00      0.00      0.00      0.00
11:37:35 PM      0.00      0.00      0.00      0.00      0.00      0.00      0.00      0.00
11:37:40 PM      0.00      0.00      0.00      0.00      0.00      0.00      0.00      0.00
11:37:45 PM      0.00      0.00      0.00      0.00      0.00      0.00      0.00      0.00
11:37:50 PM      0.00      0.00      0.00      0.00      0.00      0.00      0.00      0.00
11:37:55 PM      0.00      0.00      0.00      0.00      0.00      0.00      0.00      0.00
11:38:00 PM      0.00      0.00      0.00      0.00      0.00      0.00      0.00      0.00
11:38:05 PM      0.00      0.00      0.00      0.00      0.00      0.00      0.00      0.00
11:38:10 PM      0.00      0.00      0.00      0.00      0.00      0.00      0.00      0.00
11:38:15 PM      0.00      0.00      0.00      0.00      0.00      0.00      0.00      0.00
11:38:20 PM      0.00      0.00      0.00      0.00      0.00      0.00      0.00      0.00
11:38:25 PM      0.00      0.00      0.00      0.00      0.00      0.00      0.00      0.00
11:38:30 PM      0.00      0.00      0.00      0.00      0.00      0.00      0.00      0.00
11:38:35 PM      0.00      0.00      0.00      0.00      0.00      0.00      0.00      0.00
11:38:40 PM      0.00      0.00      0.00      0.00      0.00      0.00      0.00      0.00
11:38:45 PM      0.00      0.00      0.00      0.00      0.00      0.00      0.00      0.00
11:38:50 PM      0.00      0.00      0.00      0.00      0.00      0.00      0.00      0.00
11:38:55 PM      0.00      0.00      0.00      0.00      0.00      0.00      0.00      0.00
11:39:00 PM      0.00      0.00      0.00      0.00      0.00      0.00      0.00      0.00
11:39:05 PM      0.00      0.00      0.00      0.00      0.00      0.00      0.00      0.00
11:39:10 PM      0.00      0.00      0.00      0.00      0.00      0.00      0.00      0.00
11:39:15 PM      0.00      0.00      0.00      0.00      0.00      0.00      0.00      0.00
11:39:20 PM      0.00      0.00      0.00      0.00      0.00      0.00      0.00      0.00
11:39:25 PM      0.00      0.00      0.00      0.00      0.00      0.00      0.00      0.00
11:39:30 PM      0.00      0.00      0.00      0.00      0.00      0.00      0.00      0.00
11:39:35 PM      0.00      0.00      0.00      0.00      0.00      0.00      0.00      0.00
11:39:40 PM      0.00      0.00      0.00      0.00      0.00      0.00      0.00      0.00
11:39:45 PM      0.00      0.00      0.00      0.00      0.00      0.00      0.00      0.00
11:39:50 PM      0.00      0.00      0.00      0.00      0.00      0.00      0.00      0.00
11:39:55 PM      0.00      0.00      0.00      0.00      0.00      0.00      0.00      0.00
11:40:00 PM      0.00      0.00      0.00      0.00      0.00      0.00      0.00      0.00
11:40:05 PM      0.00      0.00      0.00      0.00      0.00      0.00      0.00      0.00
11:40:10 PM      0.00      0.00      0.00      0.00      0.00      0.00      0.00      0.00
11:40:15 PM      0.00      0.00      0.00      0.00      0.00      0.00      0.00      0.00
11:40:20 PM      0.00      0.00      0.00      0.00      0.00      0.00      0.00      0.00
11:40:25 PM      0.00      0.00      0.00      0.00      0.00      0.00      0.00      0.00
11:40:30 PM      0.00      0.00      0.00      0.00      0.00      0.00      0.00      0.00
11:40:35 PM      0.00      0.00      0.00      0.00      0.00      0.00      0.00      0.00
11:40:40 PM      0.00      0.00      0.00      0.00      0.00      0.00      0.00      0.00
11:40:45 PM      0.00      0.00      0.00      0.00      0.00      0.00      0.00      0.00
11:40:50 PM      0.00      0.00      0.00      0.00      0.00      0.00      0.00      0.00
11:40:55 PM      0.00      0.00      0.00      0.00      0.00      0.00      0.00      0.00
11:41:00 PM      0.00      0.00      0.00      0.00      0.00      0.00      0.00      0.00
11:41:05 PM      0.00      0.00      0.00      0.00      0.00      0.00      0.00      0.00
11:41:10 PM      0.00      0.00      0.00      0.00      0.00      0.00      0.00      0.00
11:41:15 PM      0.00      0.00      0.00      0.00      0.00      0.00      0.00      0.00
11:41:20 PM      0.00      0.00      0.00      0.00      0.00      0.00      0.00      0.00
11:41:25 PM      0.00      0.00      0.00      0.00      0.00      0.00      0.00      0.00
11:41:30 PM      0.00      0.00      0.00      0.00      0.00      0.00      0.00      0.00
11:41:35 PM      0.00      0.00      0.00      0.00      0.00      0.00      0.00      0.00
11:41:40 PM      0.00      0.00      0.00      0.00      0.00      0.00      0.00      0.00
11:41:45 PM      0.00      0.00      0.00      0.00      0.00      0.00      0.00      0.00
11:41:50 PM      0.00      0.00      0.00      0.00      0.00      0.00      0.00      0.00
11:41:55 PM      0.00      0.00      0.00      0.00      0.00      0.00      0.00      0.00
11:42:00 PM      0.00      0.00      0.00      0.00      0.00      0.00      0.00      0.00
11:42:05 PM      0.00      0.00      0.00      0.00      0.00      0.00      0.00      0.00
11:42:10 PM      0.00      0.00      0.00      0.00      0.00      0.00      0.00      0.00
11:42:15 PM      0.00      0.00      0.00      0.00      0.00      0.00      0.00      0.00
11:42:20 PM      0.00      0.00      0.00      0.00      0.00      0.00      0.00      0.00
11:42:25 PM      0.00      0.00      0.00      0.00      0.00      0.00      0.00      0.00
11:42:30 PM      0.00      0.00      0.00      0.00      0.00      0.00      0.00      0.00
11:42:35 PM      0.00      0.00      0.00      0.00      0.00      0.00      0.00      0.00
11:42:40 PM      0.00      0.00      0.00      0.00      0.00      0.00      0.00      0.00
11:42:45 PM      0.00      0.00      0.00      0.00      0.00      0.00      0.00      0.00
11:42:50 PM      0.00      0.00      0.00      0.00      0.00      0.00      0.00      0.00
11:42:55 PM      0.00      0.00      0.00      0.00      0.00      0.00      0.00      0.00
11:43:00 PM      0.00      0.00      0.00      0.00      0.00      0.00      0.00      0.00
11:43:05 PM      0.00      0.00      0.00      0.00      0.00      0.00      0.00      0.00
11:43:10 PM      0.00      0.00      0.00      0.00      0.00      0.00      0.00      0.00
11:43:15 PM      0.00      0.00      0.00      0.00      0.00      0.00      0.00      0.00
11:43:20 PM      0.00      0.00      0.00      0.00      0.00      0.00      0.00      0.00
11:43:25 PM      0.00      0.00      0.00      0.00      0.00      0.00      0.00      0.00
11:43:30 PM      0.00      0.00      0.00      0.00      0.00      0.00      0.00      0.00
11:43:35 PM      0.00      0.00      0.00      0.00      0.00      0.00      0.00      0.00
11:43:40 PM      0.00      0.00      0.00      0.00      0.00      0.00      0.00      0.00
11:43:45 PM      0.00      0.00      0.00      0.00      0.00      0.00      0.00      0.00
11:43:50 PM      0.00      0.00      0.00      0.00      0.00      0.00      0.00      0.00
11:43:55 PM      0.00      0.00      0.00      0.00      0.00      0.00      0.00      0.00
11:44:00 PM      0.00      0.00      0.00      0.00      0.00      0.00      0.00      0.00
11:44:05 PM      0.00      0.00      0.00      0.00      0.00      0.00      0.00      0.00
11:44:10 PM      0.00      0.00      0.00      0.00      0.00      0.00      0.00      0.00
11:44:15 PM      0.00      0.00      0.00      0.00      0.00      0.00      0.00      0.00
11:44:20 PM      0.00      0.00      0.00      0.00      0.00      0.00      0.00      0.00
11:44:25 PM      0.00      0.00      0.00      0.00      0.00      0.00      0.00      0.00
11:44:30 PM      0.00      0.00      0.00      0.00      0.00      0.00      0.00      0.00
11:44:35 PM      0.00      0.00      0.00      0.00      0.00      0.00      0.00      0.00
11:44:40 PM      0.00      0.00      0.00      0.00      0.00      0.00      0.00      0.00
11:44:45 PM      0.00      0.00      0.00      0.00      0.00      0.00      0.00      0.00
11:44:50 PM      0.00      0.00      0.00      0.00      0.00      0.00      0.00      0.00
11:44:55 PM      0.00      0.00      0.00      0.00      0.00      0.00      0.00      0.00
11:45:00 PM      0.00      0.00      0.00      0.00      0.00      0.00      0.00      0.00
11:45:05 PM      0.00      0.00      0.00      0.00      0.00      0.00      0.00      0.00
11:45:10 PM      0.00      0.00      0.00      0.00      0.00      0.00      0.00      0.00
11:45:15 PM      0.00      0.00      0.00      0.00      0.00      0.00      0.00      0.00
11:45:20 PM      0.00      0.00      0.00      0.00      0.00      0.00      0.00      0.00
11:45:25 PM      0.00      0.00      0.00      0.00      0.00      0.00      0.00      0.00
11:45:30 PM      0.00      0.00      0.00      0.00      0.00      0.00      0.00      0.00
11:45:35 PM      0.00      0.00      0.00      0.00      0.00      0.00      0.00      0.00
11:45:40 PM      0.00      0.00      0.00      0.00      0.00      0.00      0.00      0.00
11:45:45 PM      0.00      0.00      0.00      0.00      0.00      0.00      0.00      0.00
11:45:50 PM      0.00      0.00      0.00      0.00      0.00      0.00      0.00      0.00
11:45:55 PM      0.00      0.00      0.00      0.00      0.00      0.00      0.00      0.00
11:46:00 PM      0.00      0.00      0.00      0.00      0.00      0.00      0.00      0.00
11:46:05 PM      0.00      0.00      0.00      0.00      0.00      0.00      0.00      0.00
11:46:10 PM      0.00      0.00      0.00      0.00      0.00      0.00      0.00      0.00
11:46:15 PM      0.00      0.00      0.00      0.00      0.00      0.00      0.00      0.00
11:46:20 PM      0.00      0.00      0.00      0.00      0.00      0.00      0.00      0.00
11:46:25 PM      0.00      0.00      0.00      0.00      0.00      0.00      0.00      0.00
11:46:30 PM      0.00      0.00      0.00      0.00      0.00      0.00      0.00      0.00
11:46:35 PM      0.00      0.00      0.00      0.00      0.00      0.00      0.00      0.00
11:46:40 PM      0.00      0.00      0.00      0.00      0.00      0.00      0.00      0.00
11:46:45 PM      0.00      0.00      0.00      0.00      0.00      0.00      0.00      0.00
11:46:50 PM      0.00      0.00      0.00      0.00      0.00      0.00      0.00      0.00
11:46:55 PM      0.00      0.00      0.00      0.00      0.00      0.00      0.00      0.00
11:47:00 PM      0.00      0.00      0.00      0.00      0.00      0.00      0.00      0.00
11:47:05 PM      0.00      0.00      0.00      0.00      0.00      0.00      0.00      0.00
11:47:10 PM      0.00      0.00      0.00      0.00      0.00      0.00      0.00      0.00
11:47:15 PM      0.00      0.00      0.00      0.00      0.00      0.00      0.00      0.00
11:47:20 PM      0.00      0.00      0.00      0.00      0.00      0.00      0.00      0.00
11:47:25 PM      0.00      0.00      0.00      0.00      0.00      0.00      0.00      0.00
11:47:30 PM      0.00      0.00      0.00      0.00      0.00      0.00      0.00      0.00
11:47:35 PM      0.00      0.00      0.00      0.00      0.00      0.00      0.00      0.00
11:47:40 PM      0.00      0.00      0.00      0.00      0.00      0.00      0.00      0.00
11:47:45 PM      0.00      0.00      0.00      0.00      0.00      0.00      0.00      0.00
11:47:50 PM      0.00      0.00      0.00      0.00      0.00      0.00      0.00      0.00
11:47:55 PM      0.00      0.00      0.00      0.00      0.00      0.00      0.00      0.00
11:48:00 PM      0.00      0.00      0.00      0.00      0.00      0.00      0.00      0.00
11:48:05 PM      0.00      0.00      0.00      0.00      0.00      0.00      0.00      0.00
11:48:10 PM      0.00      0.00      0.00      0.00      0.00      0.00      0.00      0.00
11:48:15 PM      0.00      0.00      0.00      0.00      0.00      0.00      0.00      0.00
11:48:20 PM      0.00      0.00      0.00      0.00      0.00      0.00      0.00      0.00
11:48:25 PM      0.00      0.00      0.00      0.00      0.00      0.00      0.00      0.00
11:48:30 PM      0.00      0.00      0.00      0.00      0.00      0.00      0.00      0.00
11:48:35 PM      0.00      0.00      0.00      0.00      0.00      0.00      0.00      0.00
11:48:40 PM      0.00      0.00      0.00      0.00      0.00      0.00      0.00      0.00
11:48:45 PM      0.00      0.00      0.00      0.00      0.00      0.00      0.00      0.00
11:48:50 PM      0.00      0.00      0.00      0.00      0.00      0.00      0.00      0.00
11:48:55 PM      0.00      0.00      0.00      0.00      0.00      0.00      0.00      0.00
11:49:00 PM      0.00      0.00      0.00      0.00      0.00      0.00      0.00      0.00
11:49:05 PM      0.00      0.00      0.00      0.00      0.00      0.00      0.00      0.00
11:49:10 PM      0.00      0.00      0.00      0.00      0.00      0.00      0.00      0.00
11:49:15 PM      0.00      0.00      0.00      0.00      0.00      0.00      0.00      0.00
11:49:20 PM      0.00      0.00      0.00      0.00      0.00      0.00      0.00      0.00
11:49:25 PM      0.00      0.00      0.00      0.00      0.00      0.00      0.00      0.00
11:49:30 PM      0.00      0.00      0.00      0.00      0.00      0.00      0.00      0.00
11:49:35 PM      0.00      0.00      0.00      0.00      0.00      0.00      0.00      0.00
11:49:40 PM      0.00      0.00      0.00      0.00      0.00      0.00      0.00      0.00
11:49:45 PM      0.00      0.00      0.00      0.00      0.00      0.00      0.00      0.00
11:49:50 PM      0.00      0.00      0.00      0.00      0.00      0.00      0.00      0.00
11:49:55 PM      0.00      0.00      0.00      0.00      0.00      0.00      0.00      0.00
11:50:00 PM      0.00      0.00      0.00      0.00      0.00      0.00      0.00      0.00
11:50:05 PM      0.00      0.00      0.00      0.00      0.00      0.00      0.00      0.00
11:50:10 PM      0.00      0.00      0.00      0.00      0.00      0.00      0.00      0.00
11:50:15 PM      0.00      0.00      0.00      0.00      0.00      0.00      0.00      0.00
11:50:20 PM      0.00      0.00      0.00      0.00      0.00      0.00      0.00      0.00
11:50:25 PM      0.00      0.00      0.00      0.00      0.00      0.00      0.00      0.00
11:50:30 PM      0.00      0.00      0.00      0.00      0.00      0.00      0.00      0.00
11:50:35 PM      0.00      0.00      0.00      0.00      0.00      0.00      0.00      0.00
11:50:40 PM      0.00      0.00      0.00      0.00      0.00      0.00      0.00      0.00
11:50:45 PM      0.00      0.00      0.00      0.00      0.00      0.00      0.00      0.00
11:50:50 PM      0.00      0.00      0.00      0.00      0.00      0.00      0.00      0.00
11:50:55 PM      0.00      0.00      0.00      0.00      0.00      0.00      0.00      0.00
11:51:00 PM      0.00      0.00      0.00      0.00      0.00      0.00      0.00      0.00
11:51:05 PM      0.00      0.00      0.00      0.00      0.00      0.00      0.00      0.00
11:51:10 PM      0.00      0.00      0.00      0.00      0.00      0.00      0.00      0.00
11:51:15 PM      0.00      0.00      0.00      0.00      0.00      0.00      0.00      0.00
11:51:20 PM      0.00      0.00      0.00      0.00      0.00      0.00      0.00      0.00
11:51:25 PM      0.00      0.00      0.00      0.00      0.00      0.00      0.00      0.00
11:51:30 PM      0.00      0.00      0.00      0.00      0.00      0.00      0.00      0.00
11:51:35 PM      0.00      0.00      0.00      0.00      0.00      0.00      0.00      0.00
11:51:40 PM      0.00      0.00      0.00      0.00      0.00      0.00      0.00      0.00
11:51:45 PM      0.00      0.00      0.00      0.00      0.00      0.00      0.00      0.00
11:51:50 PM      0.00      0.00      0.00      0.00      0.00      0.00      0.00      0.00
11:51:55 PM      0.00      0.00      0.00      0.00      0.00      0.00      0.00      0.00
11:52:00 PM      0.00      0.00      0.00      0.00      0.00      0.00      0.00      0.00
11:52:05 PM      0.00      0.00      0.00      0.00      0.00      0.00      0.00      0.00
11:52:10 PM      0.00      0.00      0.00      0.00      0.00      0.00      0.00      0.00
11:52:15 PM      0.00      0.00      0.00      0.00      0.00      0.00      0.00      0.00
11:52:20 PM      0.00      0.00      0.00      0.00      0.00      0.00      0.00      0.00
11:52:25 PM      0.00      0.00      0.00      0.00      0.00      0.00      0.00      0.00
11:52:30 PM      0.00      0.00      0.00      0.00      0.00      0.00      0.00      0.00
11:52:35 PM      0.00      0.00      0.00      0.00      0.00      0.00      0.00      0.00
11:52:40 PM      0.00      0.00      0.00      0.00      0.00      0.00      0.00      0.00
11:52:45 PM      0.00      0.00      0.00      0.00      0.00      0.00      0.00      0.00
11:52:50 PM      0.00      0.00      0.00      0.00      0.00      0.00      0.00      0.00
11:52:55 PM      0.00      0.00      0.00      0.00      0.00      0.00      0.00      0.00
11:53:00 PM      0.00      0.00      0.00      0.00      0.00      0.00      0.00      0.00
11:53:05 PM      0.00      0.00      0.00      0.00      0.00      0.00      0.00      0.00
11:53:10 PM      0.00      0.00      0.00      0.00      0.00      0.00      0.00      0.00
11:53:15 PM      0.00      0.00      0.00      0.00      0.00      0.00      0.00      0.00
11:53:20 PM      0.00      0.00      0.00      0.00      0.00      0.00      0.00      0.00
11:53:25 PM      0.00      0.00      0.00      0.00      0.00      0.00      0.00      0.00
11:53:30 PM      0.00      0.00      0.00      0.00      0.00      0.00      0.00      0.00
11:53:35 PM      0.00      0.00      0.00      0.00      0.00      0.00      0.00      0.00
11:53:40 PM      0.00      0.00      0.00      0.00      0.00      0.00      0.00      0.00
11:53:45 PM      0.00      0.00      0.00      0.00      0.00      0.00      0.00      0.00
11:53:50 PM      0.00      0.00      0.00      0.00      0.00      0.00      0.00      0.00
11:53:55 PM      0.00      0.00      0.00      0.00      0.00      0.00      0.00      0.00
11:54:00 PM      0.00      0.00      0.00      0.00      0.00      0.00      0.00      0.00
11:54:05 PM      0.00      0.00      0.00      0.00      0.00      0.00      0.00      0.00
11:54:10 PM      0.00      0.00      0.00      0.00      0.00      0.00      0.00      0.00
11:54:15 PM      0.00      0.00      0.00      0.00      0.00      0.00      0.00      0.00
11:54:20 PM      0.00      0.00      0.00      0.00      0.00      0.00      0.00      0.00
11:54:25 PM      0.00      0.00      0.00      0.00      0.00      0.00      0.00      0.00
11:54:30 PM      0.00      0.00      0.00      0.00      0.00      0.00      0.00      0.00
11:54:35 PM      0.00      0.00      0.00      0.00      0.00      0.00      0.00      0.00
11:54:40 PM      0.00      0.00      0.00      0.00      0.00      0.00      0.00      0.00
11:54:45 PM      0.00      0.00      0.00      0.00      0.00      0.00      0.00      0.00
Average:         0.00      0.00      0.00      0.00      0.00      0.00      0.00      0.00
