Linux 7.1.3-arch2-1 (celestia) 	07/18/2026 	_x86_64_	(12 CPU)

08:27:06 PM kbmemfree   kbavail kbmemused  %memused kbbuffers  kbcached  kbcommit   %commit  kbactive   kbinact   kbdirty   kbshmem
08:27:11 PM   6016068   7194524   6954432     49.15       652   1586712  11927520     21.77   6435940    559124      1800     71228
08:27:16 PM   6095764   7291412   6857544     48.47       652   1586716  11842456     21.62   6378308    576316      1828     71228
08:27:21 PM   6239496   7447612   6701344     47.36       652   1598748  11309896     20.65   6286780    588548      2252     71224
08:27:26 PM   6259856   7479784   6669172     47.14       660   1610520  11309900     20.65   6282840    600220      1568     71224
08:27:31 PM   6267892   7489584   6659372     47.07       660   1612384  11279340     20.59   6272496    605728      2144     71456

Average:      6175815   7380583   6768373     47.84       655   1599016  11533822     21.06   6331273    585987      1918     71272
