Linux 7.0.10-arch1-1 (archlinux) 	05/28/2026 	_x86_64_	(4 CPU)

04:00:27 PM  pgpgin/s pgpgout/s   fault/s  majflt/s  pgfree/s pgscank/s pgscand/s pgsteal/s  pgprom/s   pgdem/s
04:00:32 PM      0.00      0.00   1425.20      0.00    442.60      0.00      0.00      0.00      0.00      0.00
04:00:37 PM      0.00      0.00      0.00      0.00      4.40      0.00      0.00      0.00      0.00      0.00
04:00:42 PM      3.20    431.20      0.00      0.00      4.20      0.00      0.00      0.00      0.00      0.00
04:00:47 PM      0.00      0.00      0.00      0.00      4.00      0.00      0.00      0.00      0.00      0.00
04:00:52 PM      0.00     41.60      0.00      0.00      0.40      0.00      0.00      0.00      0.00      0.00
04:00:57 PM      0.00     46.40      0.00      0.00      4.20      0.00      0.00      0.00      0.00      0.00
04:01:02 PM      0.00      0.80      0.40      0.00      4.00      0.00      0.00      0.00      0.00      0.00
04:01:07 PM      0.00      0.00      0.00      0.00      4.00      0.00      0.00      0.00      0.00      0.00
04:01:12 PM      0.00    210.40      0.00      0.00     19.20      0.00      0.00      0.00      0.00      0.00
04:01:17 PM      0.00      1.60      1.20      0.00    331.00      0.00      0.00      0.00      0.00      0.00
04:01:22 PM      0.00      0.00      0.00      0.00      0.40      0.00      0.00      0.00      0.00      0.00
04:01:27 PM      0.00      0.00      0.40      0.00      4.00      0.00      0.00      0.00      0.00      0.00
04:01:32 PM    256.80      0.00      6.20      0.60      4.40      0.00      0.00      0.00      0.00      0.00
04:01:37 PM      3.20      0.00      0.00      0.00      4.20      0.00      0.00      0.00      0.00      0.00
04:01:42 PM      0.00      0.00      0.20      0.00      4.20      0.00      0.00      0.00      0.00      0.00
04:01:47 PM      0.00      0.00      0.00      0.00      3.80      0.00      0.00      0.00      0.00      0.00
04:01:52 PM      0.00    175.20      0.00      0.00      8.80      0.00      0.00      0.00      0.00      0.00
04:01:57 PM      0.00      0.00      0.00      0.00      3.80      0.00      0.00      0.00      0.00      0.00
04:02:02 PM    209.60      0.00      0.60      0.20      5.40      0.00      0.00      0.00      0.00      0.00
04:02:07 PM      0.00     21.60      1.20      0.00      4.00      0.00      0.00      0.00      0.00      0.00
04:02:12 PM      0.00      0.00      0.00      0.00      3.80      0.00      0.00      0.00      0.00      0.00
04:02:17 PM      0.00      0.00      0.60      0.00      4.00      0.00      0.00      0.00      0.00      0.00
04:02:22 PM      0.00     51.20      0.20      0.00      3.00      0.00      0.00      0.00      0.00      0.00
04:02:27 PM      0.00      1.60      0.00      0.00     12.60      0.00      0.00      0.00      0.00      0.00
04:02:32 PM    250.40     98.40      6.60      0.60     12.00      0.00      0.00      0.00      0.00      0.00
04:02:37 PM      0.00      0.00      0.60      0.00      5.40      0.00      0.00      0.00      0.00      0.00
04:02:42 PM      0.00      0.00      0.00      0.00      4.20      0.00      0.00      0.00      0.00      0.00
04:02:47 PM      0.00      0.00      0.00      0.00      4.40      0.00      0.00      0.00      0.00      0.00
04:02:52 PM     68.00      0.00      1.00      0.40     27.00      0.00      0.00      0.00      0.00      0.00
04:02:57 PM      0.00      0.00      1.20      0.00      3.80      0.00      0.00      0.00      0.00      0.00
04:03:02 PM     69.60    205.60      1.80      0.20      6.60      0.00      0.00      0.00      0.00      0.00
04:03:07 PM     13.60      0.00      1.00      0.20     10.60      0.00      0.00      0.00      0.00      0.00
04:03:12 PM      0.00      0.00      0.00      0.00      4.20      0.00      0.00      0.00      0.00      0.00
04:03:17 PM     92.00      0.80      0.20      0.20     32.20      0.00      0.00      0.00      0.00      0.00
04:03:22 PM    160.00      1.60      0.20      0.60      6.00      0.00      0.00      0.00      0.00      0.00
04:03:27 PM    975.20      0.00    290.40      3.80    276.80      0.00      0.00      0.00      0.00      0.00
04:03:32 PM      0.80     44.00      0.40      0.20     14.40      0.00      0.00      0.00      0.00      0.00
04:03:37 PM      0.80    160.00      0.80      0.20     25.00      0.00      0.00      0.00      0.00      0.00
04:03:42 PM    107.20      0.00      0.40      0.20      5.80      0.00      0.00      0.00      0.00      0.00
04:03:47 PM      0.00      0.00      0.60      0.00      3.99      0.00      0.00      0.00      0.00      0.00
04:03:52 PM     38.40      0.00      3.60      3.00      4.40      0.00      0.00      0.00      0.00      0.00
04:03:57 PM      0.00      1.60      0.20      0.00      4.00      0.00      0.00      0.00      0.00      0.00
04:04:02 PM    120.00     25.60      8.40      0.80     10.80      0.00      0.00      0.00      0.00      0.00
04:04:07 PM      0.80    181.60      1.40      0.40      7.60      0.00      0.00      0.00      0.00      0.00
04:04:12 PM      0.00      0.00      0.00      0.00    106.40      0.00      0.00      0.00      0.00      0.00
04:04:17 PM     14.40      0.00      1.20      0.60      4.20      0.00      0.00      0.00      0.00      0.00
04:04:22 PM      0.00      0.80      0.00      0.00      3.40      0.00      0.00      0.00      0.00      0.00
04:04:27 PM      0.00     10.40      0.00      0.00      7.80      0.00      0.00      0.00      0.00      0.00
04:04:32 PM    120.80     24.80      0.20      0.20      4.40      0.00      0.00      0.00      0.00      0.00
04:04:37 PM      0.00      0.00      0.00      0.00      3.80      0.00      0.00      0.00      0.00      0.00
04:04:42 PM     11.20      0.00      2.80      2.80      7.40      0.00      0.00      0.00      0.00      0.00
04:04:47 PM      0.00      0.00      0.20      0.00      3.80      0.00      0.00      0.00      0.00      0.00
04:04:52 PM      0.00      0.80      0.00      0.00      1.40      0.00      0.00      0.00      0.00      0.00
04:04:57 PM      0.00      4.80      0.00      0.00      8.40      0.00      0.00      0.00      0.00      0.00
04:05:02 PM    106.40    175.20      0.20      0.20      4.00      0.00      0.00      0.00      0.00      0.00
04:05:07 PM      5.60      3.20      1.40      1.40      7.40      0.00      0.00      0.00      0.00      0.00
04:05:12 PM      0.00      0.00      0.00      0.00      3.80      0.00      0.00      0.00      0.00      0.00
04:05:17 PM      0.00      0.00      0.20      0.00      4.00      0.00      0.00      0.00      0.00      0.00
04:05:22 PM      0.00      0.00      0.00      0.00      0.40      0.00      0.00      0.00      0.00      0.00
04:05:27 PM     24.80     60.00      1.80      0.40     31.60      0.00      0.00      0.00      0.00      0.00
04:05:32 PM      0.80     44.80      0.60      0.20      4.60      0.00      0.00      0.00      0.00      0.00
04:05:37 PM      0.00    111.20      0.00      0.00      4.00      0.00      0.00      0.00      0.00      0.00
04:05:42 PM      0.00      4.00      0.00      0.00      3.80      0.00      0.00      0.00      0.00      0.00
04:05:47 PM      0.00      0.80      0.00      0.00      5.40      0.00      0.00      0.00      0.00      0.00
04:05:52 PM      0.00      1.60      0.00      0.00      1.20      0.00      0.00      0.00      0.00      0.00
04:05:57 PM    248.00      0.00      1.40      1.00     10.00      0.00      0.00      0.00      0.00      0.00
04:06:02 PM      0.00      0.00      0.00      0.00      4.20      0.00      0.00      0.00      0.00      0.00
04:06:07 PM      2.40     38.40      0.60      0.60      4.00      0.00      0.00      0.00      0.00      0.00
04:06:12 PM      0.00    137.60      0.00      0.00      4.40      0.00      0.00      0.00      0.00      0.00
04:06:17 PM      0.00      3.20      0.60      0.00      3.80      0.00      0.00      0.00      0.00      0.00
04:06:22 PM      1.60      1.60      0.40      0.40      2.80      0.00      0.00      0.00      0.00      0.00
04:06:27 PM      0.00      0.00      0.00      0.00      4.60      0.00      0.00      0.00      0.00      0.00
04:06:32 PM      0.00      0.00      0.00      0.00      4.00      0.00      0.00      0.00      0.00      0.00
04:06:37 PM     12.00      0.80      0.80      0.20      5.00      0.00      0.00      0.00      0.00      0.00
04:06:42 PM      0.00     38.40      0.00      0.00      4.60      0.00      0.00      0.00      0.00      0.00
04:06:47 PM      0.80    104.80      6.20      0.20      4.80      0.00      0.00      0.00      0.00      0.00
04:06:52 PM      0.00      4.80      0.20      0.00      0.80      0.00      0.00      0.00      0.00      0.00
04:06:57 PM     53.60      0.00      0.60      0.40      6.20      0.00      0.00      0.00      0.00      0.00
04:07:02 PM      0.00      0.00      0.00      0.00      4.20      0.00      0.00      0.00      0.00      0.00
04:07:07 PM      0.00      0.00      0.00      0.00      4.60      0.00      0.00      0.00      0.00      0.00
04:07:12 PM      2.40      2.40      0.60      0.60      9.00      0.00      0.00      0.00      0.00      0.00
04:07:17 PM      0.00    177.60      0.00      0.00      3.80      0.00      0.00      0.00      0.00      0.00
04:07:22 PM      0.00      0.00      0.00      0.00      0.80      0.00      0.00      0.00      0.00      0.00
04:07:27 PM      0.80      4.00      0.20      0.20      5.40      0.00      0.00      0.00      0.00      0.00
04:07:32 PM      0.00      0.80      0.00      0.00      4.80      0.00      0.00      0.00      0.00      0.00
04:07:37 PM      0.80      0.00      0.20      0.20      4.00      0.00      0.00      0.00      0.00      0.00
04:07:42 PM      0.00      0.00      0.00      0.00      4.00      0.00      0.00      0.00      0.00      0.00
04:07:47 PM      0.00    136.80      0.00      0.00      3.80      0.00      0.00      0.00      0.00      0.00
04:07:52 PM      0.00      0.00      0.00      0.00      0.40      0.00      0.00      0.00      0.00      0.00
04:07:57 PM      0.00      0.00      0.00      0.00      4.00      0.00      0.00      0.00      0.00      0.00
04:08:02 PM      0.00      5.60      0.00      0.00      4.00      0.00      0.00      0.00      0.00      0.00
04:08:07 PM     27.20      0.00      0.80      0.60     10.40      0.00      0.00      0.00      0.00      0.00
04:08:12 PM      0.00     72.00      0.00      0.00    668.20      0.00      0.00      0.00      0.00      0.00
04:08:17 PM    928.80      2.40      2.20      1.20     86.60      0.00      0.00      0.00      0.00      0.00
04:08:22 PM     50.40      0.00      0.20      0.20      1.80      0.00      0.00      0.00      0.00      0.00
04:08:27 PM   1581.60      0.00    308.20     15.60    275.00      0.00      0.00      0.00      0.00      0.00
04:08:32 PM      3.20    162.40      0.00      0.00      7.20      0.00      0.00      0.00      0.00      0.00
04:08:37 PM      3.20      7.20      0.00      0.00     13.80      0.00      0.00      0.00      0.00      0.00
04:08:42 PM      0.00      0.00      0.00      0.00      4.00      0.00      0.00      0.00      0.00      0.00
04:08:47 PM     24.80      0.00      1.40      0.20      4.00      0.00      0.00      0.00      0.00      0.00
04:08:52 PM      1.60      0.00      1.20      0.40      1.20      0.00      0.00      0.00      0.00      0.00
04:08:57 PM    202.40      0.00      0.60      0.40      3.80      0.00      0.00      0.00      0.00      0.00
04:09:02 PM      3.20     52.80      1.00      0.00      5.40      0.00      0.00      0.00      0.00      0.00
04:09:07 PM      0.00    130.40      0.00      0.00     14.40      0.00      0.00      0.00      0.00      0.00
04:09:12 PM      3.20      4.00      0.40      0.00     10.40      0.00      0.00      0.00      0.00      0.00
04:09:17 PM     27.20      5.60      1.80      0.80      8.00      0.00      0.00      0.00      0.00      0.00
04:09:22 PM      0.00      0.00      0.80      0.00      0.60      0.00      0.00      0.00      0.00      0.00
04:09:27 PM      0.00      0.80      0.40      0.00      4.20      0.00      0.00      0.00      0.00      0.00
04:09:32 PM      0.00     59.20      0.20      0.00      4.60      0.00      0.00      0.00      0.00      0.00
04:09:37 PM      0.00      0.00      0.00      0.00      4.20      0.00      0.00      0.00      0.00      0.00
04:09:42 PM      1.60    143.20      0.40      0.40     19.20      0.00      0.00      0.00      0.00      0.00
04:09:47 PM      0.00      4.80      0.00      0.00      5.80      0.00      0.00      0.00      0.00      0.00
04:09:52 PM      0.00     68.00      0.00      0.00    301.40      0.00      0.00      0.00      0.00      0.00
04:09:57 PM      0.00      1.60      0.00      0.00      4.40      0.00      0.00      0.00      0.00      0.00
04:10:02 PM     15.20      0.00      0.20      0.20      5.40      0.00      0.00      0.00      0.00      0.00
04:10:07 PM     57.60     15.20      2.80      1.00     13.00      0.00      0.00      0.00      0.00      0.00
04:10:12 PM      0.00     44.80      0.80      0.00      4.00      0.00      0.00      0.00      0.00      0.00
04:10:17 PM    452.00    119.20      2.80      1.20     14.00      0.00      0.00      0.00      0.00      0.00
04:10:22 PM      0.80      4.00      1.20      0.20      2.60      0.00      0.00      0.00      0.00      0.00
04:10:27 PM      0.00      0.00      0.00      0.00      3.80      0.00      0.00      0.00      0.00      0.00
04:10:32 PM      0.00      0.00      0.20      0.00      4.20      0.00      0.00      0.00      0.00      0.00
04:10:37 PM      0.00      0.00      0.60      0.00      3.80      0.00      0.00      0.00      0.00      0.00
04:10:42 PM      0.00      0.00      0.00      0.00      4.00      0.00      0.00      0.00      0.00      0.00
04:10:47 PM      0.00     38.40      0.00      0.00      4.00      0.00      0.00      0.00      0.00      0.00
04:10:52 PM      0.00    136.80      0.00      0.00      6.60      0.00      0.00      0.00      0.00      0.00
04:10:57 PM      0.00      4.80      0.00      0.00     11.60      0.00      0.00      0.00      0.00      0.00
04:11:02 PM     12.00      0.00      0.20      0.20      4.40      0.00      0.00      0.00      0.00      0.00
04:11:07 PM      0.00      0.00      0.00      0.00      4.00      0.00      0.00      0.00      0.00      0.00
04:11:12 PM      0.00      0.00      0.00      0.00      3.80      0.00      0.00      0.00      0.00      0.00
04:11:17 PM      0.00      1.60      0.00      0.00      6.80      0.00      0.00      0.00      0.00      0.00
04:11:22 PM      0.80     44.80      0.20      0.20      1.00      0.00      0.00      0.00      0.00      0.00
04:11:27 PM      0.00    111.20      0.00      0.00     10.60      0.00      0.00      0.00      0.00      0.00
04:11:32 PM     56.00      5.60      0.80      0.40      5.20      0.00      0.00      0.00      0.00      0.00
04:11:37 PM      0.00      0.00      0.80      0.00      4.40      0.00      0.00      0.00      0.00      0.00
04:11:42 PM      0.00      0.00      0.00      0.00      5.00      0.00      0.00      0.00      0.00      0.00
04:11:47 PM    546.40     14.40     10.20      0.80     40.20      0.00      0.00      0.00      0.00      0.00
04:11:52 PM      0.00      0.00      0.00      0.00      1.00      0.00      0.00      0.00      0.00      0.00
04:11:57 PM      0.00     70.40      0.00      0.00      4.40      0.00      0.00      0.00      0.00      0.00
04:12:02 PM      0.00    169.60      0.00      0.00     16.00      0.00      0.00      0.00      0.00      0.00
04:12:07 PM      0.80      4.00      0.40      0.20     10.40      0.00      0.00      0.00      0.00      0.00
04:12:12 PM      0.80      0.00      0.20      0.20      4.60      0.00      0.00      0.00      0.00      0.00
04:12:17 PM      6.40     22.40      1.40      0.00      4.80      0.00      0.00      0.00      0.00      0.00
04:12:22 PM      0.00      1.60      0.00      0.00      0.80      0.00      0.00      0.00      0.00      0.00
04:12:27 PM      0.00     70.40      0.20      0.00      4.40      0.00      0.00      0.00      0.00      0.00
04:12:32 PM      0.00      0.00      0.00      0.00      5.00      0.00      0.00      0.00      0.00      0.00
04:12:37 PM      0.80    136.80      0.20      0.20     10.80      0.00      0.00      0.00      0.00      0.00
04:12:42 PM      0.00      4.80      0.00      0.00      8.00      0.00      0.00      0.00      0.00      0.00
04:12:47 PM      0.00      0.00      0.00      0.00      4.00      0.00      0.00      0.00      0.00      0.00
04:12:52 PM     13.60      0.00      0.00      0.40      0.80      0.00      0.00      0.00      0.00      0.00
04:12:57 PM      0.00      0.80      1.00      0.00      5.80      0.00      0.00      0.00      0.00      0.00
04:13:02 PM     14.40      0.00      0.40      0.40      4.20      0.00      0.00      0.00      0.00      0.00
04:13:07 PM      0.80     38.40      1.20      0.20     10.40      0.00      0.00      0.00      0.00      0.00
04:13:12 PM      0.00    124.00      0.00      0.00     18.40      0.00      0.00      0.00      0.00      0.00
04:13:17 PM   1795.20      4.00    302.00      7.60    199.00      0.00      0.00      0.00      0.00      0.00
04:13:22 PM      0.00      0.00      0.00      0.00      1.60      0.00      0.00      0.00      0.00      0.00
04:13:27 PM      0.00      0.00      0.00      0.00      4.40      0.00      0.00      0.00      0.00      0.00
04:13:32 PM      0.00      0.00      0.00      0.00      4.20      0.00      0.00      0.00      0.00      0.00
04:13:37 PM      0.00      0.00      0.00      0.00      3.80      0.00      0.00      0.00      0.00      0.00
04:13:42 PM      8.00     57.60    289.00      2.00    212.20      0.00      0.00      0.00      0.00      0.00
04:13:47 PM      0.00    156.00      0.00      0.00     29.60      0.00      0.00      0.00      0.00      0.00
04:13:52 PM      0.00      5.60      0.00      0.00      4.40      0.00      0.00      0.00      0.00      0.00
04:13:57 PM      0.00      1.60      0.00      0.00      5.00      0.00      0.00      0.00      0.00      0.00
04:14:02 PM     27.20      0.00      0.40      0.40      4.00      0.00      0.00      0.00      0.00      0.00
04:14:07 PM      1.60      8.00      0.80      0.40      6.40      0.00      0.00      0.00      0.00      0.00
04:14:12 PM      0.00      2.40      0.00      0.00      4.40      0.00      0.00      0.00      0.00      0.00
04:14:17 PM      0.00    175.20      0.20      0.00     10.80      0.00      0.00      0.00      0.00      0.00
04:14:22 PM      0.00      0.00      0.00      0.00      0.60      0.00      0.00      0.00      0.00      0.00
04:14:27 PM      0.00      4.00      0.00      0.00    312.00      0.00      0.00      0.00      0.00      0.00
04:14:32 PM      2.40      4.00      0.60      0.60     16.60      0.00      0.00      0.00      0.00      0.00
04:14:37 PM     13.60      0.00      1.00      0.20      3.80      0.00      0.00      0.00      0.00      0.00
04:14:42 PM      0.00      0.00      0.00      0.00      4.00      0.00      0.00      0.00      0.00      0.00
04:14:47 PM      0.00     39.20      0.00      0.00      4.20      0.00      0.00      0.00      0.00      0.00
04:14:52 PM      0.00      0.00      0.00      0.00      0.60      0.00      0.00      0.00      0.00      0.00
04:14:57 PM      0.80    104.80      0.20      0.20     10.80      0.00      0.00      0.00      0.00      0.00
04:15:02 PM      0.80      4.80      0.00      0.00      5.00      0.00      0.00      0.00      0.00      0.00
04:15:07 PM      0.00      0.00      0.20      0.20      4.00      0.00      0.00      0.00      0.00      0.00
04:15:12 PM      0.00      0.00      0.00      0.00      3.80      0.00      0.00      0.00      0.00      0.00
04:15:17 PM    211.20     28.00      2.60      0.20    145.80      0.00      0.00      0.00      0.00      0.00
04:15:22 PM      1.60      0.00      0.40      0.40      1.40      0.00      0.00      0.00      0.00      0.00
04:15:27 PM      0.00     38.40      0.00      0.00      5.40      0.00      0.00      0.00      0.00      0.00
04:15:32 PM      9.60    124.00      0.00      0.00     14.20      0.00      0.00      0.00      0.00      0.00
04:15:37 PM      0.00      5.60      0.00      0.00      4.00      0.00      0.00      0.00      0.00      0.00
04:15:42 PM      0.00      0.00      0.00      0.00      3.80      0.00      0.00      0.00      0.00      0.00
04:15:47 PM      0.00      0.00      0.00      0.00      4.00      0.00      0.00      0.00      0.00      0.00
04:15:52 PM      0.00      0.00      0.00      0.00      0.80      0.00      0.00      0.00      0.00      0.00
04:15:57 PM      0.00      0.00      0.00      0.00      3.80      0.00      0.00      0.00      0.00      0.00
04:16:02 PM      0.00     44.80      0.00      0.00      4.20      0.00      0.00      0.00      0.00      0.00
04:16:07 PM      0.00    104.80      0.00      0.00      3.80      0.00      0.00      0.00      0.00      0.00
04:16:12 PM      0.00      5.60      0.00      0.00      4.20      0.00      0.00      0.00      0.00      0.00
04:16:17 PM    494.40      0.00      0.20      0.20     53.60      0.00      0.00      0.00      0.00      0.00
04:16:22 PM      0.00      0.00      0.00      0.00      0.80      0.00      0.00      0.00      0.00      0.00
04:16:27 PM      0.00      0.00      0.00      0.00      4.40      0.00      0.00      0.00      0.00      0.00
04:16:32 PM     16.80      0.00      0.20      0.20      4.00      0.00      0.00      0.00      0.00      0.00
04:16:37 PM      0.00     38.40      0.20      0.00      4.60      0.00      0.00      0.00      0.00      0.00
04:16:42 PM      0.00    130.40      0.00      0.00      5.20      0.00      0.00      0.00      0.00      0.00
04:16:47 PM     37.60     53.60      7.40      0.40      7.40      0.00      0.00      0.00      0.00      0.00
04:16:52 PM      0.00     14.40      5.40      0.00      0.80      0.00      0.00      0.00      0.00      0.00
04:16:57 PM      0.00      0.00      0.00      0.00      4.20      0.00      0.00      0.00      0.00      0.00
04:17:02 PM     12.00      0.00      0.20      0.20      4.60      0.00      0.00      0.00      0.00      0.00
04:17:07 PM      0.00      0.00      0.00      0.00      4.40      0.00      0.00      0.00      0.00      0.00
04:17:12 PM      0.00     70.40      0.00      0.00      4.00      0.00      0.00      0.00      0.00      0.00
04:17:17 PM     40.00    160.80      1.20      0.40      5.60      0.00      0.00      0.00      0.00      0.00
04:17:22 PM      0.00      4.00      0.20      0.00      1.40      0.00      0.00      0.00      0.00      0.00
04:17:27 PM      3.20      0.00      1.00      0.80      6.60      0.00      0.00      0.00      0.00      0.00
04:17:32 PM     13.60      0.00      0.80      0.20      4.20      0.00      0.00      0.00      0.00      0.00
04:17:37 PM      0.00      0.00      0.20      0.00      3.80      0.00      0.00      0.00      0.00      0.00
04:17:42 PM      0.00      0.00      0.00      0.00      4.00      0.00      0.00      0.00      0.00      0.00
04:17:47 PM     12.80    200.80      0.00      0.00      5.00      0.00      0.00      0.00      0.00      0.00
04:17:52 PM      0.00      0.00      0.00      0.00      0.60      0.00      0.00      0.00      0.00      0.00
04:17:57 PM      0.00      4.80      0.00      0.00      4.60      0.00      0.00      0.00      0.00      0.00
04:18:02 PM     12.00      2.40      0.20      0.20      4.80      0.00      0.00      0.00      0.00      0.00
04:18:07 PM      0.80      0.00      1.40      0.20     10.60      0.00      0.00      0.00      0.00      0.00
04:18:12 PM      0.00      0.00      0.00      0.00      3.80      0.00      0.00      0.00      0.00      0.00
04:18:17 PM      3.20     38.40      1.20      0.80      6.40      0.00      0.00      0.00      0.00      0.00
04:18:22 PM      0.00      1.60      0.00      0.00      1.00      0.00      0.00      0.00      0.00      0.00
04:18:27 PM      6.40    130.40      0.00      0.00      4.40      0.00      0.00      0.00      0.00      0.00
04:18:32 PM     12.00      4.80      0.20      0.20      4.00      0.00      0.00      0.00      0.00      0.00
04:18:37 PM      0.00      0.00      0.00      0.00      4.00      0.00      0.00      0.00      0.00      0.00
04:18:42 PM   1390.40    147.20    302.40     11.00    488.00      0.00      0.00      0.00      0.00      0.00
04:18:47 PM      0.00      0.00      1.20      0.00      3.79      0.00      0.00      0.00      0.00      0.00
04:18:52 PM      0.00      0.00      0.00      0.00      1.00      0.00      0.00      0.00      0.00      0.00
04:18:57 PM      0.00     39.20      0.00      0.00      6.00      0.00      0.00      0.00      0.00      0.00
04:19:02 PM      3.20    132.00      0.00      0.00      7.20      0.00      0.00      0.00      0.00      0.00
04:19:07 PM     84.80      6.40      0.80      0.40      4.80      0.00      0.00      0.00      0.00      0.00
04:19:12 PM      0.00     13.60      0.00      0.00     36.00      0.00      0.00      0.00      0.00      0.00
04:19:17 PM    556.00      0.00      3.00      0.80     27.00      0.00      0.00      0.00      0.00      0.00
04:19:22 PM      0.00      0.00      0.00      0.00      0.40      0.00      0.00      0.00      0.00      0.00
04:19:27 PM      0.00      0.00      0.00      0.00      4.00      0.00      0.00      0.00      0.00      0.00
04:19:32 PM      0.00     38.40      0.00      0.00      4.00      0.00      0.00      0.00      0.00      0.00
04:19:37 PM      0.00    104.80      0.00      0.00      6.80      0.00      0.00      0.00      0.00      0.00
04:19:42 PM      0.00      4.00      0.00      0.00      3.80      0.00      0.00      0.00      0.00      0.00
04:19:47 PM      0.00      0.00      0.00      0.00      4.00      0.00      0.00      0.00      0.00      0.00
04:19:52 PM      0.00      0.00      0.00      0.00      8.80      0.00      0.00      0.00      0.00      0.00
04:19:57 PM    275.20      0.00      3.00      0.80      3.80      0.00      0.00      0.00      0.00      0.00
04:20:02 PM      0.00      0.00      0.20      0.00      4.20      0.00      0.00      0.00      0.00      0.00
04:20:07 PM      0.00     38.40      0.00      0.00      3.80      0.00      0.00      0.00      0.00      0.00
04:20:12 PM      0.00    124.00      0.00      0.00      4.00      0.00      0.00      0.00      0.00      0.00
04:20:17 PM     43.20      4.80      2.40      0.60      6.20      0.00      0.00      0.00      0.00      0.00
04:20:22 PM      0.00      0.00      0.60      0.00      0.60      0.00      0.00      0.00      0.00      0.00
04:20:27 PM      0.00      0.00      0.00      0.00      3.80      0.00      0.00      0.00      0.00      0.00
04:20:32 PM      0.00      0.00      0.00      0.00      4.20      0.00      0.00      0.00      0.00      0.00
04:20:37 PM      0.00      0.00      0.00      0.00     11.00      0.00      0.00      0.00      0.00      0.00
04:20:42 PM      0.00     44.80      0.00      0.00      5.20      0.00      0.00      0.00      0.00      0.00
04:20:47 PM    354.40    168.80      0.80      0.60    177.80      0.00      0.00      0.00      0.00      0.00
04:20:52 PM      0.00      4.00      0.00      0.00      0.40      0.00      0.00      0.00      0.00      0.00
04:20:57 PM      0.00    175.20      0.00      0.00    138.00      0.00      0.00      0.00      0.00      0.00
04:21:02 PM     16.00      0.80      0.40      0.40      4.20      0.00      0.00      0.00      0.00      0.00
04:21:07 PM    838.40      0.00      7.60      2.00     87.80      0.00      0.00      0.00      0.00      0.00
04:21:12 PM      0.80      0.00      0.20      0.20      6.40      0.00      0.00      0.00      0.00      0.00
04:21:17 PM    114.40     38.40      5.80      0.80      6.20      0.00      0.00      0.00      0.00      0.00
04:21:22 PM      9.60    130.40      0.00      0.00      5.00      0.00      0.00      0.00      0.00      0.00
04:21:27 PM      0.00      4.80      0.00      0.00      3.80      0.00      0.00      0.00      0.00      0.00
04:21:32 PM     47.20      0.80      0.20      0.20      9.80      0.00      0.00      0.00      0.00      0.00
04:21:37 PM      0.80      0.80      1.00      0.20      6.00      0.00      0.00      0.00      0.00      0.00
04:21:42 PM      0.80      0.00      0.20      0.20      5.00      0.00      0.00      0.00      0.00      0.00
04:21:47 PM     33.60      0.00      7.20      0.20      5.20      0.00      0.00      0.00      0.00      0.00
04:21:52 PM      9.60    126.40      0.40      0.00      2.80      0.00      0.00      0.00      0.00      0.00
04:21:57 PM      6.40    164.00      5.60      0.00      5.80      0.00      0.00      0.00      0.00      0.00
04:22:02 PM      0.00      4.80      0.00      0.00      5.20      0.00      0.00      0.00      0.00      0.00
04:22:07 PM     14.40      0.00      0.40      0.20      4.20      0.00      0.00      0.00      0.00      0.00
04:22:12 PM      0.00      0.00      0.00      0.00      3.80      0.00      0.00      0.00      0.00      0.00
04:22:17 PM      1.60     22.40      4.80      0.40      5.40      0.00      0.00      0.00      0.00      0.00
04:22:22 PM      0.00     70.40      0.00      0.00      0.40      0.00      0.00      0.00      0.00      0.00
04:22:27 PM      0.80    156.00      0.20      0.20      5.80      0.00      0.00      0.00      0.00      0.00
04:22:32 PM     27.20      0.00      0.20      0.20      4.00      0.00      0.00      0.00      0.00      0.00
04:22:37 PM      0.00      4.00      0.00      0.00      4.00      0.00      0.00      0.00      0.00      0.00
04:22:42 PM     13.60      0.80      0.00      0.40      4.40      0.00      0.00      0.00      0.00      0.00
04:22:47 PM      0.00      0.00      1.00      0.00      4.00      0.00      0.00      0.00      0.00      0.00
04:22:52 PM      0.00      0.00      0.00      0.00      0.80      0.00      0.00      0.00      0.00      0.00
04:22:57 PM      0.00      0.00      0.00      0.00      4.00      0.00      0.00      0.00      0.00      0.00
04:23:02 PM      0.00     38.40      0.00      0.00      4.20      0.00      0.00      0.00      0.00      0.00
04:23:07 PM      0.80    104.80      0.80      0.20     10.40      0.00      0.00      0.00      0.00      0.00
04:23:12 PM      0.00      5.60      0.00      0.00      4.00      0.00      0.00      0.00      0.00      0.00
04:23:17 PM      0.00      0.00      0.00      0.00      3.80      0.00      0.00      0.00      0.00      0.00
04:23:22 PM      0.00      0.80      0.20      0.00     46.60      0.00      0.00      0.00      0.00      0.00
04:23:27 PM     73.60      0.00      0.40      0.20      4.40      0.00      0.00      0.00      0.00      0.00
04:23:32 PM      0.00      0.00      0.00      0.00      4.00      0.00      0.00      0.00      0.00      0.00
04:23:37 PM      0.00     38.40      0.00      0.00      4.00      0.00      0.00      0.00      0.00      0.00
04:23:42 PM    647.20    124.00    300.40     11.00    181.80      0.00      0.00      0.00      0.00      0.00
04:23:47 PM      0.00      6.40      0.00      0.00      4.40      0.00      0.00      0.00      0.00      0.00
04:23:52 PM      0.00      0.00      0.00      0.00      0.40      0.00      0.00      0.00      0.00      0.00
04:23:57 PM      0.00      0.00      0.00      0.00      4.00      0.00      0.00      0.00      0.00      0.00
04:24:02 PM      0.00      0.00      0.00      0.00      4.20      0.00      0.00      0.00      0.00      0.00
04:24:07 PM      0.80     12.80      0.20      0.20      9.20      0.00      0.00      0.00      0.00      0.00
04:24:12 PM      0.00     38.40      0.00      0.00      3.80      0.00      0.00      0.00      0.00      0.00
04:24:17 PM     28.00    125.60      0.40      0.40     12.80      0.00      0.00      0.00      0.00      0.00
04:24:22 PM      0.00      4.00      1.00      0.00      0.60      0.00      0.00      0.00      0.00      0.00
04:24:27 PM      0.00      0.00      0.00      0.00      3.80      0.00      0.00      0.00      0.00      0.00
04:24:32 PM      2.40      0.00      0.60      0.60      4.20      0.00      0.00      0.00      0.00      0.00
04:24:37 PM      0.00      0.00      0.20      0.00      3.80      0.00      0.00      0.00      0.00      0.00
04:24:42 PM      0.00      0.00      0.00      0.00      4.00      0.00      0.00      0.00      0.00      0.00
04:24:47 PM      0.00     51.20      0.00      0.00    112.00      0.00      0.00      0.00      0.00      0.00
04:24:52 PM     19.20    124.00      0.00      0.00      3.80      0.00      0.00      0.00      0.00      0.00
04:24:57 PM      4.00      4.80      0.20      0.20      4.00      0.00      0.00      0.00      0.00      0.00
04:25:02 PM      0.00      0.00      0.00      0.00      4.20      0.00      0.00      0.00      0.00      0.00
04:25:07 PM      0.00     16.80      0.00      0.00      8.20      0.00      0.00      0.00      0.00      0.00
04:25:12 PM      0.00      0.00      0.00      0.00      4.00      0.00      0.00      0.00      0.00      0.00
04:25:17 PM     39.20      0.00      0.40      0.20      4.00      0.00      0.00      0.00      0.00      0.00
04:25:22 PM      0.00     38.40      0.00      0.00      0.40      0.00      0.00      0.00      0.00      0.00
04:25:27 PM      0.00    104.80      0.00      0.00      4.00      0.00      0.00      0.00      0.00      0.00
04:25:32 PM      0.00      4.00      0.00      0.00      4.00      0.00      0.00      0.00      0.00      0.00
04:25:37 PM      0.00      0.00      0.00      0.00      4.00      0.00      0.00      0.00      0.00      0.00
04:25:42 PM      0.00      0.00      0.00      0.00      3.80      0.00      0.00      0.00      0.00      0.00
04:25:47 PM      0.00      0.00      0.00      0.00      3.80      0.00      0.00      0.00      0.00      0.00
04:25:52 PM      0.00      0.00      0.00      0.00      0.60      0.00      0.00      0.00      0.00      0.00
04:25:57 PM      0.00     38.40      0.00      0.00      3.80      0.00      0.00      0.00      0.00      0.00
04:26:02 PM      0.00    124.00      0.00      0.20      4.80      0.00      0.00      0.00      0.00      0.00
04:26:07 PM     16.00      4.00      1.60      0.00      4.20      0.00      0.00      0.00      0.00      0.00
04:26:12 PM      0.00      0.00      0.00      0.00      4.00      0.00      0.00      0.00      0.00      0.00
04:26:17 PM      0.00      0.00      0.20      0.00      4.40      0.00      0.00      0.00      0.00      0.00
04:26:22 PM      0.00      0.00      0.00      0.00      0.40      0.00      0.00      0.00      0.00      0.00
04:26:27 PM      0.00      0.00      0.00      0.00      4.00      0.00      0.00      0.00      0.00      0.00
04:26:32 PM      0.00     38.40      0.40      0.00      3.80      0.00      0.00      0.00      0.00      0.00
04:26:37 PM      0.00    104.80      0.00      0.00      4.80      0.00      0.00      0.00      0.00      0.00
04:26:42 PM      0.00      7.20      0.00      0.00      4.60      0.00      0.00      0.00      0.00      0.00
04:26:47 PM    288.00      0.00      6.60      0.60      6.80      0.00      0.00      0.00      0.00      0.00
04:26:52 PM      0.00      0.00      0.00      0.00      0.80      0.00      0.00      0.00      0.00      0.00
04:26:57 PM      9.60     36.00      0.40      0.00      7.60      0.00      0.00      0.00      0.00      0.00
04:27:02 PM      0.00      0.00      0.00      0.00      5.60      0.00      0.00      0.00      0.00      0.00
04:27:07 PM      0.00     70.40      5.20      0.00      4.40      0.00      0.00      0.00      0.00      0.00
04:27:12 PM      0.00    149.60      0.00      0.00      4.00      0.00      0.00      0.00      0.00      0.00
04:27:17 PM      0.00     24.80      0.40      0.00      7.20      0.00      0.00      0.00      0.00      0.00
04:27:22 PM      0.00      0.00      0.00      0.00      0.80      0.00      0.00      0.00      0.00      0.00
04:27:27 PM      0.00      0.00      0.00      0.00      3.80      0.00      0.00      0.00      0.00      0.00
04:27:32 PM      0.00      0.00      0.00      0.00      4.00      0.00      0.00      0.00      0.00      0.00
04:27:37 PM      0.00     38.40      0.00      0.00      4.00      0.00      0.00      0.00      0.00      0.00
04:27:42 PM      0.00      0.00      0.00      0.00      4.00      0.00      0.00      0.00      0.00      0.00
04:27:47 PM      0.00    124.00      0.00      0.00      3.80      0.00      0.00      0.00      0.00      0.00
04:27:52 PM      0.00      4.80      0.00      0.00      0.40      0.00      0.00      0.00      0.00      0.00
04:27:57 PM      0.00      0.00      0.00      0.00      4.00      0.00      0.00      0.00      0.00      0.00
04:28:02 PM      0.00      0.00      0.00      0.00      3.80      0.00      0.00      0.00      0.00      0.00
04:28:07 PM      0.80      0.00      0.80      0.20     11.00      0.00      0.00      0.00      0.00      0.00
04:28:12 PM      0.00      0.00      0.00      0.00      3.80      0.00      0.00      0.00      0.00      0.00
04:28:17 PM      0.00     38.40      0.00      0.00      4.00      0.00      0.00      0.00      0.00      0.00
04:28:22 PM      0.00    124.00      0.00      0.00      1.20      0.00      0.00      0.00      0.00      0.00
04:28:27 PM      0.00      4.00      0.00      0.00      4.00      0.00      0.00      0.00      0.00      0.00
04:28:32 PM      0.00      0.00      0.00      0.00      3.80      0.00      0.00      0.00      0.00      0.00
04:28:37 PM      0.00      0.00      0.00      0.00      4.80      0.00      0.00      0.00      0.00      0.00
04:28:42 PM      0.00      0.00      0.00      0.00      4.00      0.00      0.00      0.00      0.00      0.00
04:28:47 PM    140.00      1.60    286.60      3.60    206.60      0.00      0.00      0.00      0.00      0.00
04:28:52 PM      0.00     75.20      0.00      0.00     11.80      0.00      0.00      0.00      0.00      0.00
04:28:57 PM      6.40    117.60      0.00      0.00      4.00      0.00      0.00      0.00      0.00      0.00
04:29:02 PM      0.00      4.80      0.00      0.00      4.00      0.00      0.00      0.00      0.00      0.00
04:29:07 PM      0.00      0.00      0.00      0.00      4.20      0.00      0.00      0.00      0.00      0.00
04:29:12 PM      4.80      0.00      1.20      1.20      6.00      0.00      0.00      0.00      0.00      0.00
04:29:17 PM      0.00      0.00      0.00      0.00      4.00      0.00      0.00      0.00      0.00      0.00
04:29:22 PM      0.00      0.80      0.00      0.00      0.60      0.00      0.00      0.00      0.00      0.00
04:29:27 PM      0.00     38.40      0.00      0.00      4.00      0.00      0.00      0.00      0.00      0.00
04:29:32 PM      0.00    130.40      0.00      0.00      3.80      0.00      0.00      0.00      0.00      0.00
04:29:37 PM      0.80      4.00      0.20      0.20      4.20      0.00      0.00      0.00      0.00      0.00
04:29:42 PM      0.00      1.60      0.00      0.00      4.20      0.00      0.00      0.00      0.00      0.00
04:29:47 PM      0.00      0.00      0.00      0.00      4.00      0.00      0.00      0.00      0.00      0.00
04:29:52 PM      0.00      0.80      0.00      0.00      0.60      0.00      0.00      0.00      0.00      0.00
04:29:57 PM      0.00     24.00      0.00      0.00     10.20      0.00      0.00      0.00      0.00      0.00
04:30:02 PM      2.40     38.40      0.60      0.60      5.40      0.00      0.00      0.00      0.00      0.00
04:30:07 PM      0.00    104.80      0.00      0.00      4.20      0.00      0.00      0.00      0.00      0.00
04:30:12 PM      0.00      5.60      0.00      0.00      4.00      0.00      0.00      0.00      0.00      0.00
04:30:17 PM      0.00      0.00      0.00      0.00      3.80      0.00      0.00      0.00      0.00      0.00
04:30:22 PM      0.00      0.00      0.00      0.00      0.60      0.00      0.00      0.00      0.00      0.00
04:30:27 PM     13.60     42.40      1.00      0.20     14.60      0.00      0.00      0.00      0.00      0.00
04:30:32 PM      0.00      0.00      0.00      0.00      4.00      0.00      0.00      0.00      0.00      0.00
04:30:37 PM      0.00     38.40      0.20      0.00      4.00      0.00      0.00      0.00      0.00      0.00
04:30:42 PM      0.00    124.00      0.00      0.00      3.80      0.00      0.00      0.00      0.00      0.00
04:30:47 PM      0.00      4.79      0.00      0.00     55.29      0.00      0.00      0.00      0.00      0.00
04:30:52 PM      0.80    409.60      0.20      0.20    205.20      0.00      0.00      0.00      0.00      0.00
04:30:57 PM      4.80     42.40      1.20      1.20    206.20      0.00      0.00      0.00      0.00      0.00
04:31:02 PM      0.00      0.00      0.00      0.00      3.80      0.00      0.00      0.00      0.00      0.00
04:31:07 PM      2.40      0.00    544.80      0.60      4.20      0.00      0.00      0.00      0.00      0.00
04:31:12 PM      0.00     38.40      0.00      0.00      4.00      0.00      0.00      0.00      0.00      0.00
04:31:17 PM      0.00  78748.00      0.00      0.00  19664.80      0.00      0.00      0.00      0.00      0.00
04:31:22 PM      0.00  62404.80      0.00      0.00  14810.80      0.00      0.00      0.00      0.00      0.00
04:31:27 PM      0.00  63230.40      0.00      0.00  20351.20      0.00      0.00      0.00      0.00      0.00
04:31:32 PM    340.00  57837.60    186.40      1.00  17215.20      0.00      0.00      0.00      0.00      0.00
04:31:37 PM   3860.00  52838.40    447.40     38.20  13257.00      0.00      0.00      0.00      0.00      0.00
04:31:42 PM     73.60  31876.80     20.20     18.60   9241.60      0.00      0.00      0.00      0.00      0.00
04:31:47 PM   2279.20  25712.00    146.60     30.80   6454.60      0.00      0.00      0.00      0.00      0.00
04:31:52 PM     27.20  20226.40      4.40      4.40   5020.20      0.00      0.00      0.00      0.00      0.00
04:31:57 PM    124.00  38160.00      2.80      1.80   9533.40      0.00      0.00      0.00      0.00      0.00
04:32:02 PM      0.00      0.00      0.00      0.00      4.40      0.00      0.00      0.00      0.00      0.00
04:32:07 PM    412.80   4110.40    639.80     24.60     16.60      0.00      0.00      0.00      0.00      0.00
04:32:12 PM    257.60  40550.40   4169.60     67.20   6392.80      0.00      0.00      0.00      0.00      0.00
04:32:17 PM    193.60  45148.00     11.80     10.20  11268.40      0.00      0.00      0.00      0.00      0.00
04:32:22 PM    133.60  23087.20      6.40      2.80   5735.00      0.00      0.00      0.00      0.00      0.00
04:32:27 PM      0.00  20890.40      0.00      0.00   5226.60      0.00      0.00      0.00      0.00      0.00
04:32:32 PM      0.00  20484.80      0.00      0.00   5125.20      0.00      0.00      0.00      0.00      0.00
04:32:37 PM 311283.20  19660.80  77820.80  77820.80   5364.00      0.00      0.00      0.00      0.00      0.00
04:32:42 PM      2.40      0.00      1.20      0.60      3.80      0.00      0.00      0.00      0.00      0.00
04:32:47 PM      0.00      0.00      0.00      0.00      3.80      0.00      0.00      0.00      0.00      0.00
04:32:52 PM      0.00     38.40      0.00      0.00      0.60      0.00      0.00      0.00      0.00      0.00
04:32:57 PM      0.00      0.00      0.00      0.00      3.80      0.00      0.00      0.00      0.00      0.00
04:33:02 PM      0.00    124.00      0.00      0.00      4.80      0.00      0.00      0.00      0.00      0.00
04:33:07 PM  98938.40  43343.20  24213.20  24205.60  14140.00 197683.20      0.00  13057.80      0.00      0.00
04:33:12 PM     57.60      0.00      3.00      1.20      4.20      0.00      0.00      0.00      0.00      0.00
04:33:17 PM    375.20      0.00     11.20     10.40     25.20      0.00      0.00      0.00      0.00      0.00
04:33:22 PM      3.20      0.00      0.80      0.80      1.40      0.00      0.00      0.00      0.00      0.00
04:33:27 PM      0.00      0.00      0.00      0.00      3.80      0.00      0.00      0.00      0.00      0.00
04:33:32 PM     15.20     38.40      4.40      3.80      4.40      0.00      0.00      0.00      0.00      0.00
04:33:37 PM   1020.80    104.80    237.20    237.00      6.40      0.00      0.00      0.00      0.00      0.00
04:33:42 PM      0.00      4.80      0.00      0.00      3.80      0.00      0.00      0.00      0.00      0.00
04:33:47 PM   2104.80      0.00    321.20     26.80    217.40      0.00      0.00      0.00      0.00      0.00
04:33:52 PM      0.00      0.00      0.00      0.00      0.40      0.00      0.00      0.00      0.00      0.00
04:33:57 PM      0.80      0.00      0.20      0.20      4.00      0.00      0.00      0.00      0.00      0.00
04:34:02 PM      0.00      0.00      0.00      0.00      3.80      0.00      0.00      0.00      0.00      0.00
04:34:07 PM  24942.40  25696.00   6236.00   6236.00   6553.00  11793.20      0.00   6526.80      0.00      0.00
04:34:12 PM    570.40    124.00    101.20    100.20     14.00      0.00      0.00      0.00      0.00      0.00
04:34:17 PM      6.40      7.20      0.80      0.80      4.00      0.00      0.00      0.00      0.00      0.00
04:34:22 PM      0.00      0.00      0.00      0.00      0.60      0.00      0.00      0.00      0.00      0.00
04:34:27 PM      0.00      0.00      0.00      0.00      3.80      0.00      0.00      0.00      0.00      0.00
04:34:32 PM      0.00      0.00      0.00      0.00      4.00      0.00      0.00      0.00      0.00      0.00
04:34:37 PM 141377.60 118940.80  35232.80  35229.60  35805.20 219384.00      0.00  32197.40      0.00      0.00
04:34:42 PM     16.80     38.40      3.80      0.40      4.00      0.00      0.00      0.00      0.00      0.00
04:34:47 PM     12.80    104.80      0.00      0.00      4.00      0.00      0.00      0.00      0.00      0.00
04:34:52 PM      0.00      4.00      0.00      0.00      0.60      0.00      0.00      0.00      0.00      0.00
04:34:57 PM      0.00      0.00      0.00      0.00      3.80      0.00      0.00      0.00      0.00      0.00
04:35:02 PM      0.00      0.00      0.00      0.00      3.80      0.00      0.00      0.00      0.00      0.00
04:35:07 PM  32418.40  36882.40   7724.80   7724.00  10696.00  43875.20      0.00  10589.80      0.00      0.00
04:35:12 PM   2524.00      0.00      8.00      5.00      3.80      0.00      0.00      0.00      0.00      0.00
04:35:17 PM     90.40     38.40      7.00      6.60      4.20      0.00      0.00      0.00      0.00      0.00
04:35:22 PM     12.80    124.00      0.00      0.00      0.40      0.00      0.00      0.00      0.00      0.00
04:35:27 PM     58.40      4.00      6.80      4.40      4.60      0.00      0.00      0.00      0.00      0.00
04:35:32 PM      0.00      0.00      0.00      0.00      3.80      0.00      0.00      0.00      0.00      0.00
04:35:37 PM  20419.20  19694.40   4940.80   4940.60   5023.80  17814.40      0.00   5009.60      0.00      0.00
04:35:42 PM      0.00      0.00      0.00      0.00      4.00      0.00      0.00      0.00      0.00      0.00
04:35:47 PM    468.00      0.00      2.00      2.00     19.80      0.00      0.00      0.00      0.00      0.00
04:35:52 PM      1.60     38.40      0.40      0.40      0.60      0.00      0.00      0.00      0.00      0.00
04:35:57 PM      3.20    104.80      0.00      0.00      3.80      0.00      0.00      0.00      0.00      0.00
04:36:02 PM      0.00      4.00      0.00      0.00      4.00      0.00      0.00      0.00      0.00      0.00
04:36:07 PM  38155.20  20502.40   9531.20   9540.60   5574.80  43279.40     13.00   5416.80      0.00      0.00
04:36:12 PM   2641.60  13712.80    192.80    173.60   3444.60   3986.00      0.00   3432.60      0.00      0.00
04:36:17 PM   1614.40      0.00      8.00      7.60     94.20      0.00      0.00      0.00      0.00      0.00
04:36:22 PM      0.00      0.00      0.00      0.00      0.40      0.00      0.00      0.00      0.00      0.00
04:36:27 PM      0.00     38.40      0.00      0.00      4.00      0.00      0.00      0.00      0.00      0.00
04:36:32 PM      0.00    124.00      0.00      0.00      3.80      0.00      0.00      0.00      0.00      0.00
04:36:37 PM  71783.20  68367.20  16977.60  16958.20  18288.00  82662.40      0.00  18125.80      0.00      0.00
04:36:42 PM    426.40      0.00     22.00     18.60      5.40      0.00      0.00      0.00      0.00      0.00
04:36:47 PM   1096.00      0.00     60.60     40.00     45.60      0.00      0.00      0.00      0.00      0.00
04:36:52 PM     16.80      0.00      5.60      5.60      0.80      0.00      0.00      0.00      0.00      0.00
04:36:57 PM      0.00      0.00      0.60      0.00      4.40      0.00      0.00      0.00      0.00      0.00
04:37:02 PM      3.20     70.40      1.40      0.80      4.20      0.00      0.00      0.00      0.00      0.00
04:37:07 PM  23661.60  25676.80   5268.20   5295.80   8261.00 107771.00      0.00   7927.00      0.00      0.00
04:37:12 PM     24.00      4.80      6.60      6.00      4.60      0.00      0.00      0.00      0.00      0.00
04:37:17 PM   1562.40      0.00     32.00     79.40    654.40      0.00      0.00      0.00      0.00      0.00
04:37:22 PM      0.00      0.00      0.00      0.00      0.60      0.00      0.00      0.00      0.00      0.00
04:37:27 PM     99.20      0.00      1.00     20.80    209.00      0.00      0.00      0.00      0.00      0.00
04:37:32 PM      0.00      0.00      0.00      0.00      4.00      0.00      0.00      0.00      0.00      0.00
04:37:37 PM  14699.20  11361.60   3658.40   3674.80   3035.20  11847.60      0.00   2815.00      0.00      0.00
04:37:42 PM      0.00      0.00      0.00      0.00      4.00      0.00      0.00      0.00      0.00      0.00
04:37:47 PM      0.00      5.60      0.00      0.00      3.80      0.00      0.00      0.00      0.00      0.00
04:37:52 PM     84.80      0.00      0.00     21.20    205.60      0.00      0.00      0.00      0.00      0.00
04:37:57 PM      0.00      0.00      0.00      0.00      4.00      0.00      0.00      0.00      0.00      0.00
04:38:02 PM    114.40      0.00      0.00     28.60    311.60      0.00      0.00      0.00      0.00      0.00
04:38:07 PM  38963.20  31358.40   9114.40   9100.60   8621.40 107130.40      0.00   8546.40      0.00      0.00
04:38:12 PM    790.40      0.00    190.00    179.60     15.20      0.00      0.00      0.00      0.00      0.00
04:38:17 PM     10.40    104.80      0.20      0.20      4.00      0.00      0.00      0.00      0.00      0.00
04:38:22 PM      1.60      0.00      0.60      0.40      0.60      0.00      0.00      0.00      0.00      0.00
04:38:27 PM      0.00      0.00      0.00      0.00      3.80      0.00      0.00      0.00      0.00      0.00
04:38:32 PM      0.00      0.00      0.00      0.00      4.00      0.00      0.00      0.00      0.00      0.00
04:38:37 PM  78240.32  80613.17  19497.41  19495.61  21698.60  49589.62      0.00  21571.86      0.00      0.00
04:38:42 PM     44.00      0.00      8.20      0.20      4.00      0.00      0.00      0.00      0.00      0.00
04:38:47 PM   4410.40      0.00    336.40     37.00    156.60      0.00      0.00      0.00      0.00      0.00
04:38:52 PM      1.60      0.00      0.40      0.40      0.60      0.00      0.00      0.00      0.00      0.00
04:38:57 PM      0.00      0.00      0.00      0.00      3.80      0.00      0.00      0.00      0.00      0.00
04:39:02 PM      0.00      0.00      0.60      0.00      4.80      0.00      0.00      0.00      0.00      0.00
04:39:07 PM   8772.80  20681.60   2185.40   2184.40   5127.60   5225.00      0.00   5122.60      0.00      0.00
04:39:12 PM    109.60      4.80      0.60     27.40    311.60      0.00      0.00      0.00      0.00      0.00
04:39:17 PM    464.00      0.00      8.00      7.20      4.00      0.00      0.00      0.00      0.00      0.00
04:39:22 PM     71.20      0.00      0.60     17.80    205.80      0.00      0.00      0.00      0.00      0.00
04:39:27 PM      0.00      0.00      0.00      0.00      4.00      0.00      0.00      0.00      0.00      0.00
04:39:32 PM     35.20      0.00      0.20      8.80    106.40      0.00      0.00      0.00      0.00      0.00
04:39:37 PM  37258.40  34143.20   9203.40   9203.40   9591.80 114438.00      0.00   9493.60      0.00      0.00
04:39:42 PM      0.00    117.60      0.00      0.00      3.80      0.00      0.00      0.00      0.00      0.00
04:39:47 PM     56.00      4.80      1.40      0.80      4.00      0.00      0.00      0.00      0.00      0.00
04:39:52 PM    545.60      0.00      1.60      1.60      0.40      0.00      0.00      0.00      0.00      0.00
04:39:57 PM      1.60      0.00      0.60      0.40      3.80      0.00      0.00      0.00      0.00      0.00
04:40:02 PM      2.40      0.00      0.60      0.60      4.00      0.00      0.00      0.00      0.00      0.00
04:40:07 PM  45068.80  35368.00  11273.40  11271.80  10496.20  93526.20      0.00  10418.60      0.00      0.00
04:40:12 PM   4014.40     32.00    229.60    206.40     59.80      0.00      0.00      0.00      0.00      0.00
04:40:17 PM   1352.00    104.80      5.40      3.80      4.00      0.00      0.00      0.00      0.00      0.00
04:40:22 PM      7.20      4.80      0.20      0.20      0.80      0.00      0.00      0.00      0.00      0.00
04:40:27 PM      2.40      0.00      0.60      0.60      3.80      0.00      0.00      0.00      0.00      0.00
04:40:32 PM      0.80      0.00      0.20      0.20      4.00      0.00      0.00      0.00      0.00      0.00
04:40:37 PM   8454.40  16880.80   2086.20   2085.60   4283.80  20490.40      0.00   4266.40      0.00      0.00
04:40:42 PM      0.00      0.00      0.00      0.00      3.80      0.00      0.00      0.00      0.00      0.00
04:40:47 PM      0.00     44.80      0.00      0.00      4.00      0.00      0.00      0.00      0.00      0.00
04:40:52 PM     48.80     98.40      2.40      1.40      0.40      0.00      0.00      0.00      0.00      0.00
04:40:57 PM     20.80      4.00      2.20      2.00      4.00      0.00      0.00      0.00      0.00      0.00
04:41:02 PM      0.00      0.00      0.00      0.00      3.80      0.00      0.00      0.00      0.00      0.00
04:41:07 PM  30136.80  28370.40   7559.20   7559.20   7271.20  15318.00      0.00   7198.40      0.00      0.00
04:41:12 PM    100.00      0.00      1.00     21.80    311.60      0.00      0.00      0.00      0.00      0.00
04:41:17 PM     86.40      0.00      1.20      1.00      4.00      0.00      0.00      0.00      0.00      0.00
04:41:22 PM      0.00     32.00      0.40      0.00      0.60      0.00      0.00      0.00      0.00      0.00
04:41:27 PM     12.80    117.60      0.00      0.00      3.80      0.00      0.00      0.00      0.00      0.00
04:41:32 PM      3.20      5.60      0.00      0.00      4.00      0.00      0.00      0.00      0.00      0.00
04:41:37 PM  37704.00  36515.20   8535.40   8529.60  10360.60  34242.40      0.00  10066.20      0.00      0.00
04:41:42 PM   3005.60      0.00     34.40     26.00     27.20      0.00      0.00      0.00      0.00      0.00
04:41:47 PM   1792.00      0.00     67.60     40.60     21.80      0.00      0.00      0.00      0.00      0.00
04:41:52 PM      8.00      0.00      3.60      3.40      0.80      0.00      0.00      0.00      0.00      0.00
04:41:57 PM     40.80      0.00      0.40      0.20      4.20      0.00      0.00      0.00      0.00      0.00
04:42:02 PM      0.00    117.60      0.00      0.00      4.00      0.00      0.00      0.00      0.00      0.00
04:42:07 PM   7027.20     96.00   1720.00   1712.00     24.20      0.00      0.00      0.00      0.00      0.00
04:42:12 PM    573.60      4.80    157.60    150.20     17.00      0.00      0.00      0.00      0.00      0.00
04:42:17 PM    631.20     20.80     25.40     17.00     13.60      0.00      0.00      0.00      0.00      0.00
04:42:22 PM      2.40      0.00      0.60      0.60      0.40      0.00      0.00      0.00      0.00      0.00
04:42:27 PM      0.00      0.00      0.00      0.00      4.20      0.00      0.00      0.00      0.00      0.00
04:42:32 PM      0.00      0.00      0.00      0.00      3.80      0.00      0.00      0.00      0.00      0.00
04:42:37 PM  43881.60  43665.60  10969.60  10969.60  12084.20  44382.60      0.00  11984.80      0.00      0.00
04:42:42 PM    108.00      0.00     19.80     19.80      7.20      0.00      0.00      0.00      0.00      0.00
04:42:47 PM    168.00      4.00      1.20      1.20      6.40      0.00      0.00      0.00      0.00      0.00
04:42:52 PM      0.80      0.00      0.20      0.20      0.60      0.00      0.00      0.00      0.00      0.00
04:42:57 PM    204.80      0.00      2.20      1.20      4.20      0.00      0.00      0.00      0.00      0.00
04:43:02 PM      1.60      0.00      0.40      0.40      4.00      0.00      0.00      0.00      0.00      0.00
04:43:07 PM  19494.40  26555.20   4043.60   4025.20   7203.20  60225.80      0.00   7177.20      0.00      0.00
04:43:12 PM      0.00      0.00      0.00      0.00      4.00      0.00      0.00      0.00      0.00      0.00
04:43:17 PM    561.60    136.80      6.80     25.20    212.40      0.00      0.00      0.00      0.00      0.00
04:43:22 PM      0.00      4.80      0.00      0.00      0.60      0.00      0.00      0.00      0.00      0.00
04:43:27 PM     83.20      0.00      0.40     20.80    209.20      0.00      0.00      0.00      0.00      0.00
04:43:32 PM      0.80      0.00      0.20      0.20      4.00      0.00      0.00      0.00      0.00      0.00
04:43:37 PM  10622.40      0.00   2646.40   2658.20    123.20      0.00      0.00      0.00      0.00      0.00
04:43:42 PM      0.00      0.00      0.00      0.00      3.80      0.00      0.00      0.00      0.00      0.00
04:43:47 PM   2500.00   8581.60    329.40     67.60   2787.20   4438.60      0.00   2326.00      0.00      0.00
04:43:52 PM      3.20     92.00      0.00      0.00      0.40      0.00      0.00      0.00      0.00      0.00
04:43:57 PM    112.00      4.00      0.00     28.00    311.80      0.00      0.00      0.00      0.00      0.00
04:44:02 PM      0.00      0.00      0.00      0.00      3.80      0.00      0.00      0.00      0.00      0.00
04:44:07 PM  44387.20  27313.60   9928.80   9924.00   9744.60  55370.40      0.00   9592.60      0.00      0.00
04:44:12 PM   1316.00      0.00    216.60    193.00     16.00      0.00      0.00      0.00      0.00      0.00
04:44:17 PM    394.40      0.00      5.60      3.20      4.00      0.00      0.00      0.00      0.00      0.00
04:44:22 PM    255.20      0.00      5.60      1.00      0.60      0.00      0.00      0.00      0.00      0.00
04:44:27 PM     36.80    117.60      0.60      0.40      4.00      0.00      0.00      0.00      0.00      0.00
04:44:32 PM      2.40      0.00      2.80      0.60      4.00      0.00      0.00      0.00      0.00      0.00
04:44:37 PM  36412.80  44644.00   9084.00   9083.80  11559.00  32436.20      0.00  11483.20      0.00      0.00
04:44:42 PM      4.00      4.80      0.20      0.20      4.00      0.00      0.00      0.00      0.00      0.00
04:44:47 PM    104.00      0.00      0.80      0.80      3.80      0.00      0.00      0.00      0.00      0.00
04:44:52 PM      0.80      0.00      0.20      0.20      0.40      0.00      0.00      0.00      0.00      0.00
04:44:57 PM      0.00      0.00      0.00      0.00      4.00      0.00      0.00      0.00      0.00      0.00
04:45:02 PM      0.80      0.00      0.20      0.20      3.80      0.00      0.00      0.00      0.00      0.00
04:45:07 PM   5640.00      0.00   1413.00   1412.80      8.20      0.00      0.00      0.00      0.00      0.00
04:45:12 PM     44.00    130.40      0.20     10.20    106.40      0.00      0.00      0.00      0.00      0.00
04:45:17 PM    147.20      5.60      1.60      1.60      4.00      0.00      0.00      0.00      0.00      0.00
04:45:22 PM     76.80      0.00      0.60     19.20    205.60      0.00      0.00      0.00      0.00      0.00
04:45:27 PM      0.80      0.00      0.20      0.20      4.00      0.00      0.00      0.00      0.00      0.00
04:45:32 PM     76.80      0.00      0.40     19.20    209.20      0.00      0.00      0.00      0.00      0.00
04:45:37 PM  25089.60  28146.40   6197.60   6195.00   7563.80  29530.40     25.60   7478.60      0.00      0.00
04:45:42 PM     33.60      0.00      4.00      0.20      5.60      0.00      0.00      0.00      0.00      0.00
04:45:47 PM     20.00    117.60      0.20      0.20      3.80      0.00      0.00      0.00      0.00      0.00
04:45:52 PM     26.40      0.00      6.80      6.80      1.60      0.00      0.00      0.00      0.00      0.00
04:45:57 PM      0.00      0.00      0.00      0.00      3.80      0.00      0.00      0.00      0.00      0.00
04:46:02 PM      0.00      0.00      0.00      0.00      4.00      0.00      0.00      0.00      0.00      0.00
04:46:07 PM   6260.00      0.00   1545.00   1544.40     10.20      0.00      0.00      0.00      0.00      0.00
04:46:12 PM    678.40      4.80    177.60    177.60     14.80      0.00      0.00      0.00      0.00      0.00
04:46:17 PM    439.20     32.00      5.20      5.00      8.80      0.00      0.00      0.00      0.00      0.00
04:46:22 PM      1.60      0.00      0.40      0.40      0.40      0.00      0.00      0.00      0.00      0.00
04:46:27 PM      2.40      0.00      0.60      0.60      4.00      0.00      0.00      0.00      0.00      0.00
04:46:32 PM      0.00      0.00      0.00      0.00      4.00      0.00      0.00      0.00      0.00      0.00
04:46:37 PM  12584.80  19792.00   2619.20   2600.40   5991.20   9659.00      0.00   5937.00      0.00      0.00
04:46:42 PM   2063.20    124.00     14.60     11.20      4.60      0.00      0.00      0.00      0.00      0.00
04:46:47 PM   2803.20      4.80     52.80     29.80      7.40      0.00      0.00      0.00      0.00      0.00
04:46:52 PM      3.20      0.00      2.40      2.40      1.00      0.00      0.00      0.00      0.00      0.00
04:46:57 PM      0.00      0.00      0.40      0.00      5.00      0.00      0.00      0.00      0.00      0.00
04:47:02 PM      0.80      0.00      1.60      1.60      4.20      0.00      0.00      0.00      0.00      0.00
04:47:07 PM  42136.53  38863.07   9863.07   9858.28  11469.46  77775.45     93.41  11366.87      0.00      0.00
04:47:12 PM    805.60     32.00      6.00      1.20      4.00      0.00      0.00      0.00      0.00      0.00
04:47:17 PM   1228.80    143.20     35.80     28.40      6.00      0.00      0.00      0.00      0.00      0.00
04:47:22 PM    164.00      0.00      1.80     41.00    411.20      0.00      0.00      0.00      0.00      0.00
04:47:27 PM    112.00      0.00      1.20      0.20      3.80      0.00      0.00      0.00      0.00      0.00
04:47:32 PM      0.00      0.00      0.00      0.00      4.20      0.00      0.00      0.00      0.00      0.00
04:47:37 PM  19140.00  31563.20   4781.40   4780.60   8262.60  92242.40      0.00   8204.80      0.00      0.00
04:47:42 PM     96.80      4.00      0.00     24.20    311.80      0.00      0.00      0.00      0.00      0.00
04:47:47 PM      0.00     32.00      0.00      0.00      3.80      0.00      0.00      0.00      0.00      0.00
04:47:52 PM     78.40      0.00      0.00     19.60    205.60      0.00      0.00      0.00      0.00      0.00
04:47:57 PM      8.80      0.00      0.40      0.20      4.00      0.00      0.00      0.00      0.00      0.00
04:48:02 PM    116.80      0.00      0.00     29.20    311.60      0.00      0.00      0.00      0.00      0.00
04:48:07 PM  32721.60  19878.40   7697.60   7676.80   5528.20   8634.20      0.00   5433.00      0.00      0.00
04:48:12 PM    671.20    111.20    190.60    175.40     19.00      0.00      0.00      0.00      0.00      0.00
04:48:17 PM    450.40      4.00      3.20      3.00     13.40      0.00      0.00      0.00      0.00      0.00
04:48:22 PM     94.40      0.00      1.00      0.40      0.40      0.00      0.00      0.00      0.00      0.00
04:48:27 PM      0.00      0.00      0.00      0.00      3.80      0.00      0.00      0.00      0.00      0.00
04:48:32 PM      0.00      0.00      0.00      0.00      4.20      0.00      0.00      0.00      0.00      0.00
04:48:37 PM  40090.40  34852.80  10027.20  10022.40   8818.20  25602.60      0.00   8810.60      0.00      0.00
04:48:42 PM  19434.40  20569.60   4729.40   4726.60   6758.00   8794.80      0.00   6637.80      0.00      0.00
04:48:47 PM   3833.60     92.00    335.20     41.60    172.80      0.00      0.00      0.00      0.00      0.00
04:48:52 PM      7.20      5.60      1.00      1.00      0.60      0.00      0.00      0.00      0.00      0.00
04:48:57 PM     20.80      0.00      5.20      5.20      3.80      0.00      0.00      0.00      0.00      0.00
04:49:02 PM    304.80      0.00      5.00      1.00      4.00      0.00      0.00      0.00      0.00      0.00
04:49:07 PM  11166.40  23114.40   2755.60   2754.00   6164.60   6633.00      0.00   6115.40      0.00      0.00
04:49:12 PM     27.20      0.00      6.80      6.80      3.80      0.00      0.00      0.00      0.00      0.00
04:49:17 PM    143.20     38.40      1.60     25.00    311.80      0.00      0.00      0.00      0.00      0.00
04:49:22 PM     16.80    117.60      1.00      1.00      0.40      0.00      0.00      0.00      0.00      0.00
04:49:27 PM     68.00      4.80      0.60     17.00    209.20      0.00      0.00      0.00      0.00      0.00
04:49:32 PM      6.40      0.00      1.60      1.60      3.80      0.00      0.00      0.00      0.00      0.00
04:49:37 PM   2964.80      0.00    727.00    736.60    112.20      0.00      0.00      0.00      0.00      0.00
04:49:42 PM      2.40      0.00      0.60      0.60      3.80      0.00      0.00      0.00      0.00      0.00
04:49:47 PM      0.00      0.00      0.00      0.00      4.00      0.00      0.00      0.00      0.00      0.00
04:49:52 PM     13.60     32.00      3.60      3.60      0.40      0.00      0.00      0.00      0.00      0.00
04:49:57 PM    136.80    104.80      0.20     34.20    532.00      0.00      0.00      0.00      0.00      0.00
04:50:02 PM      0.00      4.80      0.00      0.00      4.00      0.00      0.00      0.00      0.00      0.00
04:50:07 PM  25480.00  10810.40   6345.20   6372.00   4153.00   4339.20      0.00   3604.20      0.00      0.00
04:50:12 PM   5230.40   5057.60    603.40    587.00   1672.20   1622.80      0.00   1603.80      0.00      0.00
04:50:17 PM     72.80      0.00      0.80      0.60      3.80      0.00      0.00      0.00      0.00      0.00
04:50:22 PM      0.00      0.00      0.00      0.00      0.60      0.00      0.00      0.00      0.00      0.00
04:50:27 PM      0.00      0.00      0.00      0.00      4.60      0.00      0.00      0.00      0.00      0.00
04:50:32 PM      0.80    104.80      0.20      0.20      4.00      0.00      0.00      0.00      0.00      0.00
04:50:37 PM  10095.20   7739.20   2515.80   2515.60   2892.00   6482.00      0.00   2860.60      0.00      0.00
04:50:42 PM  17533.60  21984.80   4058.80   4058.40   5905.20  59328.20      0.00   5833.00      0.00      0.00
04:50:47 PM    847.20      0.00      1.00      0.60      4.80      0.00      0.00      0.00      0.00      0.00
04:50:52 PM   1100.00      0.00      2.80      0.80      0.40      0.00      0.00      0.00      0.00      0.00
04:50:57 PM    371.20      0.00      0.40      0.40     31.40      0.00      0.00      0.00      0.00      0.00
04:51:02 PM      0.00      0.00      0.00      0.00      3.80      0.00      0.00      0.00      0.00      0.00
04:51:07 PM   7865.60      0.00   1932.00   1931.80      4.20      0.00      0.00      0.00      0.00      0.00
04:51:12 PM   2738.40  11076.00    681.40    681.40   2924.20  28990.40      0.00   2749.20      0.00      0.00
04:51:17 PM    569.60      0.00      1.80     37.40    415.80      0.00      0.00      0.00      0.00      0.00
04:51:22 PM      0.80      0.00      0.40      0.20      0.60      0.00      0.00      0.00      0.00      0.00
04:51:27 PM     41.60      0.00      0.20      8.80    106.40      0.00      0.00      0.00      0.00      0.00
04:51:32 PM      0.00      0.00      0.00      0.00      4.00      0.00      0.00      0.00      0.00      0.00
04:51:37 PM   5954.40    129.60    674.20    666.40    265.20   5975.20      0.00     35.60      0.00      0.00
04:51:42 PM  12220.80  23608.00   2946.80   2944.60   6307.20  51649.60     25.60   5911.00      0.00      0.00
04:51:47 PM   1263.20      0.00     61.40     36.60      4.80      0.00      0.00      0.00      0.00      0.00
04:51:52 PM      8.80      0.00      3.80      3.80      1.00      0.00      0.00      0.00      0.00      0.00
04:51:57 PM      4.00    136.80      0.60      0.20      4.00      0.00      0.00      0.00      0.00      0.00
04:52:02 PM      0.80      0.00      0.40      0.20      4.20      0.00      0.00      0.00      0.00      0.00
04:52:07 PM     76.00     36.00      4.00      2.20      7.80      0.00      0.00      0.00      0.00      0.00
04:52:12 PM  46639.20  27132.00  11125.40  11105.40   8821.20  65046.60      0.00   8632.40      0.00      0.00
04:52:17 PM   1735.20   1150.40     32.00     21.20    352.20   4407.00      0.00    322.40      0.00      0.00
04:52:22 PM      8.00      0.00      1.80      1.80      1.60      0.00      0.00      0.00      0.00      0.00
04:52:27 PM      0.00      0.00      0.00      0.00      4.00      0.00      0.00      0.00      0.00      0.00
04:52:32 PM     36.00    124.00      2.60      2.60      4.00      0.00      0.00      0.00      0.00      0.00
04:52:37 PM      6.40      0.00      0.80      0.80      4.20      0.00      0.00      0.00      0.00      0.00
04:52:42 PM     97.60      0.00      3.00      2.80      4.20      0.00      0.00      0.00      0.00      0.00
04:52:47 PM      0.00      0.00      0.00      0.00      3.80      0.00      0.00      0.00      0.00      0.00
04:52:52 PM      0.00      6.40      0.00      0.00      0.60      0.00      0.00      0.00      0.00      0.00
04:52:57 PM      0.00      0.00      0.00      0.00      3.80      0.00      0.00      0.00      0.00      0.00
04:53:02 PM      0.00      0.00      0.00      0.00      4.00      0.00      0.00      0.00      0.00      0.00
04:53:07 PM   1944.00   7349.60     29.20     14.20   1876.60   4129.00      0.00   1851.00      0.00      0.00
04:53:12 PM  22911.20  14532.80   5660.00   5680.40   4024.40  52993.80      0.00   3794.20      0.00      0.00
04:53:17 PM      0.00      0.00      0.00      0.00      3.80      0.00      0.00      0.00      0.00      0.00
04:53:22 PM    168.00  12265.60      1.60     42.00   3567.00  11328.20      0.00   3156.00      0.00      0.00
04:53:27 PM      0.00      4.00      0.00      0.00      3.80      0.00      0.00      0.00      0.00      0.00
04:53:32 PM     81.60      0.00      0.40     20.40    209.00      0.00      0.00      0.00      0.00      0.00
04:53:37 PM      0.00      0.00      0.00      0.00      4.00      0.00      0.00      0.00      0.00      0.00
04:53:42 PM  22282.40  10889.60   5573.20   5573.20   4025.80   4253.40      0.00   3971.40      0.00      0.00
04:53:47 PM     72.80      0.00      0.20      0.20      4.00      0.00      0.00      0.00      0.00      0.00
04:53:52 PM   3721.60      0.00    337.60     42.60    137.20      0.00      0.00      0.00      0.00      0.00
04:53:57 PM      4.00    143.20      0.20      0.20      4.20      0.00      0.00      0.00      0.00      0.00
04:54:02 PM      0.00      4.00      0.00      0.00      3.80      0.00      0.00      0.00      0.00      0.00
04:54:07 PM    785.60      0.00      0.40      0.40      3.80      0.00      0.00      0.00      0.00      0.00
04:54:12 PM  13093.60  11765.60   2850.80   2831.20   3835.40   6948.00      0.00   3803.60      0.00      0.00
04:54:17 PM   1837.60      0.00     15.20     14.20      5.40      0.00      0.00      0.00      0.00      0.00
04:54:22 PM    861.60   3592.80     13.20     10.60   1004.60   2017.80      0.00   1002.60      0.00      0.00
04:54:27 PM      9.60     32.00      2.40      2.40      5.60      0.00      0.00      0.00      0.00      0.00
04:54:32 PM     16.80     92.00      0.20      0.20      4.00      0.00      0.00      0.00      0.00      0.00
04:54:37 PM      1.60      4.00      0.40      0.40      3.80      0.00      0.00      0.00      0.00      0.00
04:54:42 PM   2905.60      0.00    572.00    568.80     10.00      0.00      0.00      0.00      0.00      0.00
04:54:47 PM      0.80      0.00      0.20      0.20      3.80      0.00      0.00      0.00      0.00      0.00
04:54:52 PM      0.80      0.00      0.20      0.20      0.40      0.00      0.00      0.00      0.00      0.00
04:54:57 PM      4.80      0.00      0.40      0.40      5.40      0.00      0.00      0.00      0.00      0.00
04:55:02 PM      0.00     32.00      0.00      0.00      3.80      0.00      0.00      0.00      0.00      0.00
04:55:07 PM      0.80    111.20      0.20      0.20      4.00      0.00      0.00      0.00      0.00      0.00
04:55:12 PM  16941.60  30782.40   4246.00   4243.60   9002.20  13637.40    116.60   8950.60      0.00      0.00
04:55:17 PM     37.60      0.00      2.60      2.20      4.00      0.00      0.00      0.00      0.00      0.00
04:55:22 PM      1.60      0.00      0.40      0.40      0.40      0.00      0.00      0.00      0.00      0.00
04:55:27 PM      0.00      0.00      0.00      0.00      4.00      0.00      0.00      0.00      0.00      0.00
04:55:32 PM      0.00      0.00      0.00      0.00      3.80      0.00      0.00      0.00      0.00      0.00
04:55:37 PM      0.00      0.00      0.00      0.00      3.80      0.00      0.00      0.00      0.00      0.00
04:55:42 PM  31054.69  22256.29   7345.71   7341.12   7186.83   8989.02      0.00   7102.79      0.00      0.00
04:55:47 PM     16.83      4.81      4.61      0.40      4.01      0.00      0.00      0.00      0.00      0.00
04:55:52 PM      0.80      0.00      0.20      0.20      0.60      0.00      0.00      0.00      0.00      0.00
04:55:57 PM      0.00      0.00      0.00      0.00      3.80      0.00      0.00      0.00      0.00      0.00
04:56:02 PM      0.00      0.00      0.00      0.00      4.00      0.00      0.00      0.00      0.00      0.00
04:56:07 PM   2019.20      0.00      2.00      1.60      3.80      0.00      0.00      0.00      0.00      0.00
04:56:12 PM  21208.00  20244.00   5065.00   5044.60   5103.40   8911.60      0.00   5049.20      0.00      0.00
04:56:17 PM      1.60    124.00      0.40      0.40      3.80      0.00      0.00      0.00      0.00      0.00
04:56:22 PM      0.80      0.00      0.20      0.20      0.40      0.00      0.00      0.00      0.00      0.00
04:56:27 PM      0.00      0.00      0.00      0.00      4.00      0.00      0.00      0.00      0.00      0.00
04:56:32 PM      0.00      0.00      0.00      0.00      3.80      0.00      0.00      0.00      0.00      0.00
04:56:37 PM   2777.60      0.00     63.00     42.00     27.80      0.00      0.00      0.00      0.00      0.00
04:56:42 PM  32770.40  37909.60   7823.00   7818.60   9918.60 147003.20      0.00   9853.60      0.00      0.00
04:56:47 PM   1885.60      4.00     51.60     29.20      5.00      0.00      0.00      0.00      0.00      0.00
04:56:52 PM      3.20      0.00      2.20      2.20      0.60      0.00      0.00      0.00      0.00      0.00
04:56:57 PM      0.80      0.00      0.80      0.20      5.00      0.00      0.00      0.00      0.00      0.00
04:57:02 PM      0.80      0.00      1.80      1.60      4.20      0.00      0.00      0.00      0.00      0.00
04:57:07 PM     74.40     36.80      4.20      1.80      5.40      0.00      0.00      0.00      0.00      0.00
04:57:12 PM  37452.30  31267.86   8847.11   8844.71   9934.33 107498.40      0.00   9866.07      0.00      0.00
04:57:17 PM   1255.31    181.96     46.49     30.66      5.21      0.00      0.00      0.00      0.00      0.00
04:57:22 PM      9.60      0.00      2.40      2.40      0.60      0.00      0.00      0.00      0.00      0.00
04:57:27 PM      0.00      0.00      0.00      0.00      3.80      0.00      0.00      0.00      0.00      0.00
04:57:32 PM      0.00      0.00      0.00      0.00      4.00      0.00      0.00      0.00      0.00      0.00
04:57:37 PM      5.60      0.00      2.20      1.60      4.80      0.00      0.00      0.00      0.00      0.00
04:57:42 PM   1920.00      0.00    428.00    425.60      6.00      0.00      0.00      0.00      0.00      0.00
04:57:47 PM     10.40     36.80      2.60      2.60      4.20      0.00      0.00      0.00      0.00      0.00
04:57:52 PM      4.80      0.00      1.20      1.20      0.80      0.00      0.00      0.00      0.00      0.00
04:57:57 PM      0.00      0.00      0.00      0.00      3.99      0.00      0.00      0.00      0.00      0.00
04:58:02 PM      0.00      0.00      0.00      0.00      3.80      0.00      0.00      0.00      0.00      0.00
04:58:07 PM   2190.40      0.00     74.00     60.00     84.20      0.00      0.00      0.00      0.00      0.00
04:58:12 PM  27848.80  28189.60   6935.80   6925.00   8017.40  88461.80      0.00   7933.60      0.00      0.00
04:58:17 PM   1242.40    104.80      3.00      1.40     12.00      0.00      0.00      0.00      0.00      0.00
04:58:22 PM    919.20      4.80      1.00      0.60      5.20      0.00      0.00      0.00      0.00      0.00
04:58:27 PM      0.00      0.00      0.00      0.00      3.80      0.00      0.00      0.00      0.00      0.00
04:58:32 PM      0.00      0.00      0.00      0.00      4.00      0.00      0.00      0.00      0.00      0.00
04:58:37 PM      1.60      0.00      0.40      0.40      4.00      0.00      0.00      0.00      0.00      0.00
04:58:42 PM  35936.00  21147.20   8971.60   8971.60   6915.80  62813.60      0.00   6832.20      0.00      0.00
04:58:47 PM      0.00     32.00      0.00      0.00      4.00      0.00      0.00      0.00      0.00      0.00
04:58:52 PM   5021.60   5713.60    340.00     40.20   1761.00   2034.60      0.00   1550.20      0.00      0.00
04:58:57 PM      3.20      4.00      0.00      0.00      3.80      0.00      0.00      0.00      0.00      0.00
04:59:02 PM      0.00      0.00      0.00      0.00      4.00      0.00      0.00      0.00      0.00      0.00
04:59:07 PM    643.20      0.00      0.60      0.20      3.80      0.00      0.00      0.00      0.00      0.00
04:59:12 PM   6723.20  20714.40   1619.00   1616.40   5417.40   5986.00      0.00   5276.20      0.00      0.00
04:59:17 PM     83.20      0.00      1.00      0.40      4.00      0.00      0.00      0.00      0.00      0.00
04:59:22 PM      1.60     32.00      0.60      0.40      1.40      0.00      0.00      0.00      0.00      0.00
04:59:27 PM      3.20     92.00      0.00      0.00      4.00      0.00      0.00      0.00      0.00      0.00
04:59:32 PM      0.00      4.80      0.00      0.00      3.80      0.00      0.00      0.00      0.00      0.00
04:59:37 PM   3489.60      0.00    214.60    150.20     28.80      0.00      0.00      0.00      0.00      0.00
04:59:42 PM  18856.00   2604.80   4711.40   4711.00   2119.40   2573.60      0.00   2049.40      0.00      0.00
04:59:47 PM      0.00      0.00      0.00      0.00      4.00      0.00      0.00      0.00      0.00      0.00
04:59:52 PM      0.80      0.00      0.20      0.20      0.60      0.00      0.00      0.00      0.00      0.00
04:59:57 PM      0.00     64.00      0.00      0.00      3.80      0.00      0.00      0.00      0.00      0.00
05:00:02 PM      9.60    136.80      0.00      0.00      4.00      0.00      0.00      0.00      0.00      0.00
05:00:07 PM     14.40     30.40      0.60      0.60      3.80      0.00      0.00      0.00      0.00      0.00
05:00:12 PM  13368.80  28850.40   3077.40   3069.40   7600.80  40892.40      0.00   7579.80      0.00      0.00
05:00:17 PM    331.20      0.00      2.80      2.00      3.80      0.00      0.00      0.00      0.00      0.00
05:00:22 PM    151.20      0.00      2.60      2.60      0.60      0.00      0.00      0.00      0.00      0.00
05:00:27 PM      3.20      0.00      0.00      0.20      3.80      0.00      0.00      0.00      0.00      0.00
Average:      2771.15   2883.68    654.61    638.85    816.32   3381.31      0.38    563.33      0.00      0.00
