Linux 7.0.10-arch1-1 (archlinux) 	05/28/2026 	_x86_64_	(4 CPU)

04:00:27 PM kbmemfree   kbavail kbmemused  %memused kbbuffers  kbcached  kbcommit   %commit  kbactive   kbinact   kbdirty   kbshmem
04:00:32 PM   4016044   4027472   3878348     49.06      2556    225896   8766380     31.90   3620728     64408       900      5372
04:00:37 PM   4016044   4027468   3878352     49.06      2556    225892   8766380     31.90   3620848     64404       896      5372
04:00:42 PM   4015792   4027844   3877976     49.05      2556    226660   8766380     31.90   3620848     65024       576      5372
04:00:47 PM   4015792   4027992   3877828     49.05      2556    226660   8766380     31.90   3620848     65172       576      5372
04:00:52 PM   4015792   4027992   3877828     49.05      2556    226776   8766380     31.90   3620848     65172       468      5372
04:00:57 PM   4015568   4027912   3877908     49.05      2556    226852   8766380     31.90   3620848     65316       312      5372
04:01:02 PM   4015568   4027960   3877860     49.05      2556    226884   8766380     31.90   3620852     65364       308      5372
04:01:07 PM   4015568   4027992   3877828     49.05      2556    226884   8766380     31.90   3620852     65396       324      5372
04:01:12 PM   4015316   4027572   3878248     49.06      2556    226800   8766380     31.90   3620592     65472        20      5372
04:01:17 PM   4007124   4019084   3886736     49.16      2556    226416   8766380     31.90   3620252     65508        24      5368
04:01:22 PM   4007124   4019080   3886740     49.16      2556    226460   8766380     31.90   3620252     65504        68      5368
04:01:27 PM   4007124   4019128   3886692     49.16      2556    226460   8766380     31.90   3620252     65552        68      5368
04:01:32 PM   4007124   4019252   3886568     49.16      2556    226728   8766380     31.90   3620376     65552        72      5368
04:01:37 PM   4007124   4019500   3886320     49.16      2556    226832   8766380     31.90   3620516     65664       248      5368
04:01:42 PM   4007124   4019500   3886320     49.16      2556    226832   8766380     31.90   3620520     65664       268      5368
04:01:47 PM   4007124   4019500   3886320     49.16      2556    226832   8766380     31.90   3620520     65664       268      5368
04:01:52 PM   4007124   4019584   3886236     49.16      2556    226956   8766380     31.90   3620356     65912       124      5368
04:01:57 PM   4007124   4019624   3886196     49.16      2556    226956   8766380     31.90   3620356     65952       124      5368
04:02:02 PM   4007124   4019748   3886072     49.15      2556    227176   8766380     31.90   3620480     65952       180      5368
04:02:07 PM   4007124   4019792   3886028     49.15      2556    227204   8766380     31.90   3620524     65952       100      5368
04:02:12 PM   4007124   4019920   3885900     49.15      2556    227252   8766380     31.90   3620536     66080       128      5368
04:02:17 PM   4007124   4019920   3885900     49.15      2556    227252   8766380     31.90   3620536     66080       148      5368
04:02:22 PM   4007124   4019880   3885940     49.15      2556    227212   8766380     31.90   3620496     66080        20      5368
04:02:27 PM   4007124   4019748   3886072     49.15      2556    227080   8766380     31.90   3620356     66076        20      5368
04:02:32 PM   4006872   4019864   3885956     49.15      2556    227560   8766380     31.90   3620532     66268       172      5368
04:02:37 PM   4006872   4019912   3885908     49.15      2556    227592   8766380     31.90   3620532     66316       204      5368
04:02:42 PM   4006872   4019984   3885836     49.15      2556    227568   8766380     31.90   3620524     66396       204      5368
04:02:47 PM   4006872   4020032   3885788     49.15      2556    227616   8766380     31.90   3620524     66444       232      5368
04:02:52 PM   4006872   4019512   3886308     49.16      2556    227104   8766380     31.90   3620076     66372       252      5368
04:02:57 PM   4006872   4019512   3886308     49.16      2556    227128   8766380     31.90   3620076     66372       252      5368
04:03:02 PM   4006872   4019868   3885952     49.15      2556    227476   8774576     31.93   3620180     66624        24      5368
04:03:07 PM   4006872   4019924   3885896     49.15      2556    227544   8774576     31.93   3620180     66680        24      5368
04:03:12 PM   4006872   4019956   3885864     49.15      2556    227540   8774576     31.93   3620188     66712        24      5368
04:03:17 PM   4006872   4019392   3886428     49.16      2556    226976   8774576     31.93   3619724     66608        24      5368
04:03:22 PM   4006872   4019452   3886368     49.16      2556    227040   8774576     31.93   3619708     66684        80      5368
04:03:27 PM   4007736   4021168   3884652     49.14      2556    227960   8773640     31.92   3620220     66688       100      5368
04:03:32 PM   4007736   4021244   3884576     49.14      2556    227964   8773640     31.92   3620440     66692       104      5368
04:03:37 PM   4007736   4021256   3884564     49.14      2556    228024   8773640     31.92   3619948     66932        24      5368
04:03:42 PM   4007736   4021264   3884556     49.14      2556    227984   8773640     31.92   3619908     66980        24      5368
04:03:47 PM   4007736   4021264   3884556     49.14      2556    228056   8773640     31.92   3619908     66980        24      5368
04:03:52 PM   4007736   4021324   3884496     49.13      2556    228044   8773640     31.92   3620024     66980        24      5368
04:03:57 PM   4007736   4021380   3884440     49.13      2556    228148   8773640     31.92   3620032     67028        96      5368
04:04:02 PM   4007736   4021440   3884380     49.13      2556    228244   8773640     31.92   3619996     67076       272      5368
04:04:07 PM   4007484   4021500   3884320     49.13      2556    228488   8773640     31.92   3620016     67388       136      5368
04:04:12 PM   4007484   4021516   3884304     49.13      2556    228488   8773640     31.92   3617980     67404       136      5368
04:04:17 PM   4007484   4021516   3884304     49.13      2556    228492   8773640     31.92   3617980     67404       136      5368
04:04:22 PM   4007484   4021464   3884356     49.13      2556    228436   8773640     31.92   3617928     67404       136      5368
04:04:27 PM   4007484   4021436   3884384     49.13      2556    228408   8773640     31.92   3617848     67404       136      5368
04:04:32 PM   4007232   4021364   3884456     49.13      2556    228588   8773640     31.92   3617932     67500       204      5368
04:04:37 PM   4007232   4021364   3884456     49.13      2556    228588   8773640     31.92   3617932     67500       116      5368
04:04:42 PM   4007232   4021364   3884456     49.13      2556    228588   8773640     31.92   3617988     67500       116      5368
04:04:47 PM   4007232   4021364   3884456     49.13      2556    228588   8773640     31.92   3617988     67500       116      5368
04:04:52 PM   4007232   4021352   3884468     49.13      2556    228576   8773640     31.92   3617972     67500       116      5368
04:04:57 PM   4007232   4021284   3884536     49.14      2556    228508   8773640     31.92   3617880     67500       116      5368
04:05:02 PM   4006980   4021456   3884364     49.13      2556    228924   8773640     31.92   3617960     67836        20      5368
04:05:07 PM   4006980   4021504   3884316     49.13      2556    229036   8773640     31.92   3617988     67884       112      5368
04:05:12 PM   4006980   4021568   3884252     49.13      2556    229036   8773640     31.92   3617988     67948       132      5368
04:05:17 PM   4006980   4021568   3884252     49.13      2556    229036   8773640     31.92   3617988     67948       132      5368
04:05:22 PM   4006980   4021568   3884252     49.13      2556    229036   8773640     31.92   3617988     67948       132      5368
04:05:27 PM   4006980   4021312   3884508     49.13      2556    228792   8773640     31.92   3617432     67948       132      5368
04:05:32 PM   4006980   4021316   3884504     49.13      2556    228796   8773640     31.92   3617436     67948        20      5368
04:05:37 PM   4006728   4021316   3884504     49.13      2556    229072   8773640     31.92   3617444     68196        24      5368
04:05:42 PM   4006728   4021392   3884428     49.13      2556    229168   8773640     31.92   3617444     68272        96      5368
04:05:47 PM   4006728   4021412   3884408     49.13      2556    229140   8773640     31.92   3617412     68320       116      5368
04:05:52 PM   4006728   4021408   3884412     49.13      2556    229136   8773640     31.92   3617400     68320       116      5368
04:05:57 PM   4006728   4021416   3884404     49.13      2556    229304   8773640     31.92   3617408     68320       116      5368
04:06:02 PM   4006728   4021416   3884404     49.13      2556    229304   8773640     31.92   3617408     68320       116      5368
04:06:07 PM   4006728   4021572   3884248     49.13      2556    229300   8773640     31.92   3617576     68316        20      5368
04:06:12 PM   4006476   4021556   3884264     49.13      2556    229632   8773640     31.92   3617576     68556        20      5368
04:06:17 PM   4006224   4021480   3884340     49.13      2556    229728   8773640     31.92   3617580     68732        96      5368
04:06:22 PM   4006224   4021456   3884364     49.13      2556    229704   8773640     31.92   3617548     68732       116      5368
04:06:27 PM   4006224   4021456   3884364     49.13      2556    229688   8773640     31.92   3617540     68748       116      5368
04:06:32 PM   4006224   4021456   3884364     49.13      2556    229692   8773640     31.92   3617540     68748       120      5368
04:06:37 PM   4006224   4021460   3884360     49.13      2556    229696   8773640     31.92   3617536     68752       120      5368
04:06:42 PM   4006224   4021460   3884360     49.13      2556    229696   8773640     31.92   3617536     68752        24      5368
04:06:47 PM   4005972   4021460   3884360     49.13      2556    230004   8773640     31.92   3617540     69000       180      5368
04:06:52 PM   4005972   4021628   3884192     49.13      2556    230128   8773640     31.92   3617536     69168       284      5368
04:06:57 PM   4005972   4021644   3884176     49.13      2556    230148   8773640     31.92   3617540     69188       312      5368
04:07:02 PM   4005972   4021644   3884176     49.13      2556    230144   8773640     31.92   3617540     69188       308      5368
04:07:07 PM   4005972   4021660   3884160     49.13      2556    230144   8773640     31.92   3617556     69188       308      5368
04:07:12 PM   4005972   4021588   3884232     49.13      2556    230072   8773640     31.92   3617472     69188       308      5368
04:07:17 PM   4005720   4021544   3884276     49.13      2556    230280   8773640     31.92   3617480     69396        24      5368
04:07:22 PM   4005720   4021544   3884276     49.13      2556    230280   8773640     31.92   3617480     69396        24      5368
04:07:27 PM   4005720   4021648   3884172     49.13      2556    230384   8773640     31.92   3617476     69508       112      5368
04:07:32 PM   4005720   4021640   3884180     49.13      2556    230376   8773640     31.92   3617464     69508       132      5368
04:07:37 PM   4005468   4021388   3884432     49.13      2556    230376   8773640     31.92   3617468     69508       132      5368
04:07:42 PM   4005468   4021388   3884432     49.13      2556    230376   8773640     31.92   3617468     69508       132      5368
04:07:47 PM   4005468   4021512   3884308     49.13      2556    230600   8773640     31.92   3617468     69632        20      5368
04:07:52 PM   4005468   4021512   3884308     49.13      2556    230608   8773640     31.92   3617468     69632        28      5368
04:07:57 PM   4005468   4021620   3884200     49.13      2556    230608   8773640     31.92   3617468     69740        28      5368
04:08:02 PM   4005468   4021620   3884200     49.13      2556    230704   8773640     31.92   3617468     69740        96      5368
04:08:07 PM   4005468   4021724   3884096     49.13      2556    230712   8773640     31.92   3617476     69836       116      5368
04:08:12 PM   4017180   4020472   3885348     49.15      2304    218040   8773640     31.92   3612664     61320       120      5352
04:08:17 PM   4016676   4020864   3884956     49.14      2304    218880   8773640     31.92   3613552     61316       120      5352
04:08:22 PM   4016676   4020864   3884956     49.14      2304    218928   8773640     31.92   3613552     61316       120      5352
04:08:27 PM   4016676   4023560   3882260     49.11      2304    221568   8773640     31.92   3616752     61392       120      5352
04:08:32 PM   4016676   4023756   3882064     49.10      2308    221824   8773640     31.92   3616700     61640        24      5352
04:08:37 PM   4016676   4023748   3882072     49.10      2308    221752   8773640     31.92   3616504     61816        96      5352
04:08:42 PM   4016676   4023744   3882076     49.10      2308    221752   8773640     31.92   3616504     61812       116      5352
04:08:47 PM   4016676   4023744   3882076     49.10      2308    221756   8773640     31.92   3616504     61812       116      5352
04:08:52 PM   4016676   4023744   3882076     49.10      2308    221756   8773640     31.92   3616504     61812       116      5352
04:08:57 PM   4016676   4023744   3882076     49.10      2308    221872   8773640     31.92   3616504     61812       116      5352
04:09:02 PM   4016676   4023864   3881956     49.10      2308    221912   8773640     31.92   3616632     61812        20      5352
04:09:07 PM   4016676   4023864   3881956     49.10      2308    222020   8773640     31.92   3616632     61812        20      5352
04:09:12 PM   4016676   4024016   3881804     49.10      2308    222036   8773640     31.92   3616636     61960       100      5352
04:09:17 PM   4016676   4023980   3881840     49.10      2308    222012   8773640     31.92   3616572     61960       164      5352
04:09:22 PM   4016676   4024016   3881804     49.10      2308    222020   8773640     31.92   3616592     61988       164      5352
04:09:27 PM   4016676   4024016   3881804     49.10      2308    222020   8773640     31.92   3616588     61988       164      5352
04:09:32 PM   4016676   4024012   3881808     49.10      2308    222016   8773640     31.92   3616576     61988       164      5352
04:09:37 PM   4016676   4024012   3881808     49.10      2308    222020   8773640     31.92   3616576     61988        24      5352
04:09:42 PM   4016676   4024016   3881804     49.10      2308    222044   8773640     31.92   3616576     61992        24      5352
04:09:47 PM   4016676   4024036   3881784     49.10      2308    222104   8773640     31.92   3616580     62016       112      5352
04:09:52 PM   4025900   4027648   3878172     49.05      2252    216484   8773640     31.92   3614172     58640       132      5352
04:09:57 PM   4025932   4027604   3878216     49.06      2252    216476   8773640     31.92   3613980     58580       132      5348
04:10:02 PM   4025932   4027676   3878144     49.05      2252    216484   8773640     31.92   3614052     58580       132      5348
04:10:07 PM   4025932   4027580   3878240     49.06      2252    216388   8773640     31.92   3613880     58580       132      5348
04:10:12 PM   4025932   4027608   3878212     49.06      2252    216408   8773640     31.92   3613924     58580        20      5348
04:10:17 PM   4025680   4027704   3878116     49.05      2252    216920   8773640     31.92   3614120     58724        20      5348
04:10:22 PM   4025680   4027932   3877888     49.05      2252    216984   8773640     31.92   3614236     58848        96      5348
04:10:27 PM   4025680   4027932   3877888     49.05      2252    216984   8773640     31.92   3614236     58848       116      5348
04:10:32 PM   4025680   4027932   3877888     49.05      2252    216984   8773640     31.92   3614236     58848       116      5348
04:10:37 PM   4025680   4027932   3877888     49.05      2252    216984   8773640     31.92   3614236     58848       116      5348
04:10:42 PM   4025680   4027932   3877888     49.05      2252    216984   8773640     31.92   3614236     58848       116      5348
04:10:47 PM   4025680   4027932   3877888     49.05      2252    216988   8773640     31.92   3614236     58848        24      5348
04:10:52 PM   4025680   4028064   3877756     49.05      2252    217200   8773640     31.92   3614236     58980        24      5348
04:10:57 PM   4025680   4028004   3877816     49.05      2252    217160   8773640     31.92   3614088     59064       112      5348
04:11:02 PM   4025680   4028108   3877712     49.05      2252    217156   8773640     31.92   3614084     59172       132      5348
04:11:07 PM   4025680   4028108   3877712     49.05      2252    217156   8773640     31.92   3614084     59172       132      5348
04:11:12 PM   4025680   4028108   3877712     49.05      2252    217156   8773640     31.92   3614084     59172       132      5348
04:11:17 PM   4025680   4028060   3877760     49.05      2252    217108   8773640     31.92   3614028     59172       132      5348
04:11:22 PM   4025680   4028060   3877760     49.05      2252    217108   8773640     31.92   3614032     59172        20      5348
04:11:27 PM   4025680   4028144   3877676     49.05      2252    217244   8773640     31.92   3613992     59296        20      5348
04:11:32 PM   4025680   4028320   3877500     49.05      2252    217368   8773640     31.92   3614016     59448        96      5348
04:11:37 PM   4025428   4028068   3877752     49.05      2252    217368   8773640     31.92   3614016     59448       116      5348
04:11:42 PM   4025428   4028068   3877752     49.05      2252    217368   8773640     31.92   3614016     59448       116      5348
04:11:47 PM   4025176   4028072   3877748     49.05      2252    217864   8773640     31.92   3614264     59456       276      5348
04:11:52 PM   4025176   4028300   3877520     49.05      2252    217852   8773640     31.92   3614452     59496       304      5348
04:11:57 PM   4024952   4028076   3877744     49.05      2252    217896   8773640     31.92   3614452     59496       180      5348
04:12:02 PM   4024952   4028260   3877560     49.05      2252    218036   8773640     31.92   3614304     59824       128      5348
04:12:07 PM   4024952   4028260   3877560     49.05      2252    218128   8773640     31.92   3614304     59824       288      5348
04:12:12 PM   4024952   4028308   3877512     49.05      2252    218084   8773640     31.92   3614268     59916       308      5348
04:12:17 PM   4024952   4028324   3877496     49.05      2252    218100   8773640     31.92   3614264     59936       196      5348
04:12:22 PM   4024952   4028324   3877496     49.05      2252    218100   8773640     31.92   3614256     59936       196      5348
04:12:27 PM   4024952   4028324   3877496     49.05      2252    218100   8773640     31.92   3614256     59936        20      5348
04:12:32 PM   4024952   4028304   3877516     49.05      2252    218080   8773640     31.92   3614240     59932        20      5348
04:12:37 PM   4024952   4028428   3877392     49.04      2252    218296   8773640     31.92   3614240     60056        24      5348
04:12:42 PM   4024952   4028520   3877300     49.04      2252    218312   8773640     31.92   3614240     60148        96      5348
04:12:47 PM   4024952   4028536   3877284     49.04      2252    218312   8773640     31.92   3614244     60164       116      5348
04:12:52 PM   4024952   4028532   3877288     49.04      2252    218308   8773640     31.92   3614240     60164       116      5348
04:12:57 PM   4024952   4028500   3877320     49.04      2252    218276   8773640     31.92   3614204     60164       116      5348
04:13:02 PM   4024952   4028500   3877320     49.04      2252    218280   8773640     31.92   3614204     60164       116      5348
04:13:07 PM   4024712   4028264   3877556     49.05      2252    218280   8773640     31.92   3614212     60164        20      5348
04:13:12 PM   4024712   4028264   3877556     49.05      2252    218296   8773640     31.92   3614212     60164        20      5348
04:13:17 PM   4021460   4027668   3878152     49.05      2252    220968   8774060     31.93   3616420     60656       304      5348
04:13:22 PM   4021460   4027648   3878172     49.05      2252    220952   8774060     31.93   3616400     60656       328      5348
04:13:27 PM   4021460   4027716   3878104     49.05      2252    220952   8774060     31.93   3616464     60724       328      5348
04:13:32 PM   4021460   4027716   3878104     49.05      2252    220956   8774060     31.93   3616464     60724       332      5348
04:13:37 PM   4021460   4027720   3878100     49.05      2252    220956   8774060     31.93   3616464     60728       332      5348
04:13:42 PM   4020960   4027212   3878608     49.06      2252    220956   8773640     31.92   3616504     60728       188      5348
04:13:47 PM   4020960   4027016   3878804     49.06      2252    220752   8773640     31.92   3616428     60732        28      5348
04:13:52 PM   4020960   4027016   3878804     49.06      2252    220784   8773640     31.92   3616428     60732        96      5348
04:13:57 PM   4020960   4027036   3878784     49.06      2252    220772   8773640     31.92   3616404     60768       116      5348
04:14:02 PM   4020960   4027036   3878784     49.06      2252    220780   8773640     31.92   3616404     60768       116      5348
04:14:07 PM   4020960   4027036   3878784     49.06      2252    220772   8773640     31.92   3616372     60764       116      5348
04:14:12 PM   4020960   4027036   3878784     49.06      2252    220772   8773640     31.92   3616360     60764       116      5348
04:14:17 PM   4020708   4026908   3878912     49.06      2252    220968   8773640     31.92   3616364     60888        20      5348
04:14:22 PM   4020708   4026908   3878912     49.06      2252    220968   8773640     31.92   3616364     60888        20      5348
04:14:27 PM   4030344   4036692   3869128     48.94      2252    221044   8773640     31.92   3616364     61036        96      5348
04:14:32 PM   4030092   4036232   3869588     48.95      2252    220836   8773640     31.92   3616136     61036       116      5348
04:14:37 PM   4030092   4036236   3869584     48.95      2252    220840   8773640     31.92   3616152     61036       116      5348
04:14:42 PM   4030092   4036236   3869584     48.95      2252    220840   8773640     31.92   3616152     61036       116      5348
04:14:47 PM   4030092   4036236   3869584     48.95      2252    220840   8773640     31.92   3616148     61036       116      5348
04:14:52 PM   4030092   4036236   3869584     48.95      2252    220840   8773640     31.92   3616148     61036        20      5348
04:14:57 PM   4030092   4036352   3869468     48.94      2252    220956   8773640     31.92   3616152     61152        20      5348
04:15:02 PM   4030092   4036352   3869468     48.94      2252    221036   8773640     31.92   3616148     61152        96      5348
04:15:07 PM   4030092   4036432   3869388     48.94      2252    221036   8773640     31.92   3616152     61232       116      5348
04:15:12 PM   4030092   4036432   3869388     48.94      2252    221036   8773640     31.92   3616152     61232       116      5348
04:15:17 PM   4030092   4033704   3872116     48.98      2252    218380   8773640     31.92   3614704     59812       124      5348
04:15:22 PM   4030092   4033828   3871992     48.98      2252    218508   8773640     31.92   3614828     59812       124      5348
04:15:27 PM   4030092   4033876   3871944     48.98      2252    218480   8773640     31.92   3614884     59812        28      5348
04:15:32 PM   4030092   4034028   3871792     48.97      2252    218644   8773640     31.92   3614788     60060        28      5348
04:15:37 PM   4030092   4034152   3871668     48.97      2252    218756   8773640     31.92   3614788     60184       112      5348
04:15:42 PM   4030092   4034152   3871668     48.97      2252    218760   8773640     31.92   3614788     60184       136      5348
04:15:47 PM   4030092   4034156   3871664     48.97      2252    218760   8773640     31.92   3614788     60188       136      5348
04:15:52 PM   4030092   4034152   3871668     48.97      2252    218756   8773640     31.92   3614784     60188       136      5348
04:15:57 PM   4030092   4034152   3871668     48.97      2252    218760   8773640     31.92   3614784     60188       140      5348
04:16:02 PM   4030092   4034152   3871668     48.97      2252    218760   8773640     31.92   3614784     60188        28      5348
04:16:07 PM   4029840   4034148   3871672     48.97      2252    219016   8773640     31.92   3614784     60436        28      5348
04:16:12 PM   4029840   4034160   3871660     48.97      2252    219112   8773640     31.92   3614788     60444        96      5348
04:16:17 PM   4029840   4034652   3871168     48.97      2252    219648   8773640     31.92   3615276     60448       116      5348
04:16:22 PM   4029840   4034788   3871032     48.96      2252    219644   8773640     31.92   3615320     60540       116      5348
04:16:27 PM   4029840   4034776   3871044     48.96      2252    219632   8773640     31.92   3615316     60532       116      5348
04:16:32 PM   4029840   4034776   3871044     48.96      2252    219652   8773640     31.92   3615316     60532       116      5348
04:16:37 PM   4029840   4034776   3871044     48.96      2252    219652   8773640     31.92   3615316     60532        20      5348
04:16:42 PM   4029840   4035032   3870788     48.96      2252    219960   8773640     31.92   3615324     60780        20      5348
04:16:47 PM   4029840   4035172   3870648     48.96      2252    220232   8773640     31.92   3615324     60920       180      5348
04:16:52 PM   4029840   4035376   3870444     48.96      2252    220264   8773640     31.92   3615336     61112       300      5348
04:16:57 PM   4029840   4035376   3870444     48.96      2252    220268   8773640     31.92   3615336     61112       304      5348
04:17:02 PM   4029840   4035408   3870412     48.96      2252    220268   8773640     31.92   3615336     61144       300      5348
04:17:07 PM   4029840   4035408   3870412     48.96      2252    220264   8773640     31.92   3615336     61144       300      5348
04:17:12 PM   4029840   4035408   3870412     48.96      2252    220264   8773640     31.92   3615336     61144       124      5348
04:17:17 PM   4029840   4035636   3870184     48.95      2252    220596   8773640     31.92   3615300     61392        20      5348
04:17:22 PM   4029840   4035820   3870000     48.95      2252    220676   8773640     31.92   3615300     61576        96      5348
04:17:27 PM   4029840   4035820   3870000     48.95      2252    220676   8773640     31.92   3615312     61576       116      5348
04:17:32 PM   4029840   4035820   3870000     48.95      2252    220684   8773640     31.92   3615316     61576       116      5348
04:17:37 PM   4029840   4035820   3870000     48.95      2252    220684   8773640     31.92   3615316     61576       116      5348
04:17:42 PM   4029840   4035828   3869992     48.95      2252    220684   8773640     31.92   3615324     61576       116      5348
04:17:47 PM   4029840   4036200   3869620     48.95      2252    221124   8773640     31.92   3615324     61948        20      5348
04:17:52 PM   4029840   4036268   3869552     48.95      2252    221124   8773640     31.92   3615324     62016        20      5348
04:17:57 PM   4029840   4036260   3869560     48.95      2252    221212   8773640     31.92   3615312     62016        96      5348
04:18:02 PM   4029840   4036352   3869468     48.94      2252    221212   8773640     31.92   3615296     62112       116      5348
04:18:07 PM   4029840   4036352   3869468     48.94      2252    221212   8773640     31.92   3615296     62112       116      5348
04:18:12 PM   4029840   4036356   3869464     48.94      2252    221212   8773640     31.92   3615308     62112       116      5348
04:18:17 PM   4029840   4036356   3869464     48.94      2252    221212   8773640     31.92   3615320     62112       116      5348
04:18:22 PM   4029840   4036352   3869468     48.94      2252    221208   8773640     31.92   3615312     62112        20      5348
04:18:27 PM   4029840   4036600   3869220     48.94      2252    221552   8773640     31.92   3615312     62360        20      5348
04:18:32 PM   4029840   4036796   3869024     48.94      2252    221656   8773640     31.92   3615312     62556        96      5348
04:18:37 PM   4029840   4036792   3869028     48.94      2252    221652   8773640     31.92   3615312     62552       116      5348
04:18:42 PM   4028076   4033724   3872096     48.98      2252    220356   8773640     31.92   3616208     60336       120      5348
04:18:47 PM   4028076   4033724   3872096     48.98      2252    220356   8773640     31.92   3616208     60336       120      5348
04:18:52 PM   4028076   4033736   3872084     48.98      2252    220356   8773640     31.92   3618460     60336       120      5348
04:18:57 PM   4028076   4033692   3872128     48.98      2252    220324   8773640     31.92   3618416     60332        32      5348
04:19:02 PM   4028076   4033988   3871832     48.97      2252    220608   8773640     31.92   3618372     60664        32      5348
04:19:07 PM   4028076   4033988   3871832     48.97      2252    220736   8773640     31.92   3618372     60664        96      5348
04:19:12 PM   4028076   4033468   3872352     48.98      2252    220220   8773640     31.92   3617808     60660       116      5348
04:19:17 PM   4028076   4033916   3871904     48.98      2252    220640   8773640     31.92   3618144     60756       116      5348
04:19:22 PM   4028076   4033916   3871904     48.98      2252    220640   8773640     31.92   3618144     60756       116      5348
04:19:27 PM   4028076   4034020   3871800     48.97      2252    220640   8773640     31.92   3618248     60756       116      5348
04:19:32 PM   4028076   4034020   3871800     48.97      2252    220640   8773640     31.92   3618248     60756        20      5348
04:19:37 PM   4028076   4034268   3871552     48.97      2252    220896   8773640     31.92   3618248     61004        20      5348
04:19:42 PM   4028076   4034220   3871600     48.97      2252    220936   8773640     31.92   3618196     61008        96      5348
04:19:47 PM   4028076   4034316   3871504     48.97      2252    220936   8773640     31.92   3618196     61104       116      5348
04:19:52 PM   4028076   4034152   3871668     48.97      2252    220772   8773640     31.92   3618032     61104       116      5348
04:19:57 PM   4028076   4034152   3871668     48.97      2252    220988   8773640     31.92   3618032     61104       116      5348
04:20:02 PM   4028076   4034152   3871668     48.97      2252    220988   8773640     31.92   3618032     61104       116      5348
04:20:07 PM   4028076   4034372   3871448     48.97      2252    220992   8773640     31.92   3618248     61108        24      5348
04:20:12 PM   4028076   4034620   3871200     48.97      2252    221296   8773640     31.92   3618248     61356        24      5348
04:20:17 PM   4028076   4034656   3871164     48.97      2252    221400   8773640     31.92   3618228     61412       112      5348
04:20:22 PM   4028076   4034656   3871164     48.97      2252    221400   8773640     31.92   3618228     61412       132      5348
04:20:27 PM   4028076   4034780   3871040     48.96      2252    221400   8773640     31.92   3618244     61524       132      5348
04:20:32 PM   4028076   4034780   3871040     48.96      2252    221400   8773640     31.92   3618244     61524       132      5348
04:20:37 PM   4028076   4034668   3871152     48.97      2252    221288   8773640     31.92   3618132     61524       132      5348
04:20:42 PM   4028076   4034640   3871180     48.97      2252    221260   8773640     31.92   3618104     61524       132      5348
04:20:47 PM   4028076   4032392   3873428     48.99      2252    219088   8773640     31.92   3617452     59608        20      5348
04:20:52 PM   4028076   4032440   3873380     48.99      2252    219184   8773640     31.92   3617500     59608        96      5348
04:20:57 PM   4028076   4030720   3875100     49.02      2252    217416   8773640     31.92   3615804     58712       116      5348
04:21:02 PM   4028076   4030720   3875100     49.02      2252    217440   8773640     31.92   3615800     58712       116      5348
04:21:07 PM   4028076   4031560   3874260     49.01      2252    218408   8773640     31.92   3616640     58716       120      5348
04:21:12 PM   4028076   4031536   3874284     49.01      2252    218384   8773640     31.92   3616616     58716       120      5348
04:21:17 PM   4028076   4031768   3874052     49.00      2252    218392   8773640     31.92   3616856     58716        24      5348
04:21:22 PM   4028076   4031920   3873900     49.00      2252    218668   8773640     31.92   3616764     58960        24      5348
04:21:27 PM   4028076   4032156   3873664     49.00      2252    218780   8773640     31.92   3616768     59192       112      5348
04:21:32 PM   4028076   4032056   3873764     49.00      2252    218720   8773640     31.92   3616664     59192       132      5348
04:21:37 PM   4028076   4032096   3873724     49.00      2252    218720   8773640     31.92   3616700     59192       132      5348
04:21:42 PM   4028076   4032092   3873728     49.00      2252    218716   8773640     31.92   3616696     59192       132      5348
04:21:47 PM   4028076   4032192   3873628     49.00      2252    218880   8773640     31.92   3616708     59288       324      5348
04:21:52 PM   4028076   4032316   3873504     49.00      2252    219052   8773640     31.92   3616708     59412       104      5348
04:21:57 PM   4028076   4032748   3873072     48.99      2252    219376   8773640     31.92   3616708     59844        28      5348
04:22:02 PM   4027836   4032588   3873232     48.99      2252    219580   8773640     31.92   3616708     59924       280      5348
04:22:07 PM   4027836   4032708   3873112     48.99      2252    219572   8773640     31.92   3616704     60048       300      5348
04:22:12 PM   4027836   4032708   3873112     48.99      2252    219572   8773640     31.92   3616704     60048       300      5348
04:22:17 PM   4027836   4032700   3873120     48.99      2252    219564   8773640     31.92   3616692     60048       196      5348
04:22:22 PM   4027836   4032700   3873120     48.99      2252    219564   8773640     31.92   3616692     60048        20      5348
04:22:27 PM   4027836   4033044   3872776     48.99      2252    219908   8773640     31.92   3616696     60392       192      5348
04:22:32 PM   4027836   4033072   3872748     48.99      2252    219948   8773640     31.92   3616696     60420        20      5348
04:22:37 PM   4027836   4033192   3872628     48.98      2252    220056   8773640     31.92   3616712     60528        96      5348
04:22:42 PM   4027836   4033188   3872632     48.98      2252    220064   8773640     31.92   3616704     60528       124      5348
04:22:47 PM   4027836   4033200   3872620     48.98      2252    220064   8773640     31.92   3616708     60536       124      5348
04:22:52 PM   4027836   4033192   3872628     48.98      2252    220056   8773640     31.92   3616700     60536       124      5348
04:22:57 PM   4027836   4033192   3872628     48.98      2252    220056   8773640     31.92   3616700     60536       124      5348
04:23:02 PM   4027836   4033192   3872628     48.98      2252    220056   8773640     31.92   3616700     60536        28      5348
04:23:07 PM   4027836   4033440   3872380     48.98      2252    220312   8773640     31.92   3616700     60784        28      5348
04:23:12 PM   4027836   4033448   3872372     48.98      2252    220408   8773640     31.92   3616708     60792        96      5348
04:23:17 PM   4027836   4033544   3872276     48.98      2252    220408   8773640     31.92   3616708     60888       116      5348
04:23:22 PM   4027836   4032560   3873260     48.99      2252    219492   8773640     31.92   3616464     60144       116      5348
04:23:27 PM   4027836   4032560   3873260     48.99      2252    219520   8773640     31.92   3616464     60144       116      5348
04:23:32 PM   4027836   4032656   3873164     48.99      2252    219520   8773640     31.92   3616560     60144       116      5348
04:23:37 PM   4027836   4032656   3873164     48.99      2252    219520   8773640     31.92   3616560     60144        20      5348
04:23:42 PM   4027080   4032828   3872992     48.99      2252    220444   8773640     31.92   3618176     60532        24      5348
04:23:47 PM   4027080   4032832   3872988     48.99      2252    220540   8773640     31.92   3618280     60532        96      5348
04:23:52 PM   4027080   4032932   3872888     48.99      2252    220540   8773640     31.92   3618348     60628       116      5348
04:23:57 PM   4027080   4032932   3872888     48.99      2252    220540   8773640     31.92   3618348     60628       116      5348
04:24:02 PM   4027080   4032932   3872888     48.99      2252    220540   8773640     31.92   3618348     60628       116      5348
04:24:07 PM   4027080   4032920   3872900     48.99      2252    220528   8773640     31.92   3618272     60628       116      5348
04:24:12 PM   4027080   4032920   3872900     48.99      2252    220528   8773640     31.92   3618276     60628        20      5348
04:24:17 PM   4027080   4033084   3872736     48.99      2252    220712   8773640     31.92   3618100     60864        20      5348
04:24:22 PM   4027080   4033204   3872616     48.98      2252    220812   8773640     31.92   3618112     60972        96      5348
04:24:27 PM   4027080   4033204   3872616     48.98      2252    220812   8773640     31.92   3618112     60972       116      5348
04:24:32 PM   4027080   4033204   3872616     48.98      2252    220812   8773640     31.92   3618112     60972       116      5348
04:24:37 PM   4027080   4033204   3872616     48.98      2252    220812   8773640     31.92   3618112     60972       116      5348
04:24:42 PM   4026828   4032952   3872868     48.99      2252    220812   8773640     31.92   3618124     60972       116      5348
04:24:47 PM   4026828   4030772   3875048     49.02      2252    218712   8773640     31.92   3617748     59104        20      5348
04:24:52 PM   4026828   4031192   3874628     49.01      2252    219052   8773640     31.92   3617828     59444        24      5348
04:24:57 PM   4026828   4031192   3874628     49.01      2252    219160   8773640     31.92   3617828     59444        96      5348
04:25:02 PM   4026828   4031300   3874520     49.01      2252    219160   8773640     31.92   3617832     59552       116      5348
04:25:07 PM   4026828   4031296   3874524     49.01      2252    219160   8773640     31.92   3617744     59552       116      5348
04:25:12 PM   4026828   4031296   3874524     49.01      2252    219160   8773640     31.92   3617744     59552       116      5348
04:25:17 PM   4026828   4031296   3874524     49.01      2252    219176   8773640     31.92   3617744     59552       116      5348
04:25:22 PM   4026828   4031312   3874508     49.01      2252    219176   8773640     31.92   3617760     59552        20      5348
04:25:27 PM   4026828   4031560   3874260     49.01      2252    219432   8773640     31.92   3617760     59800        20      5348
04:25:32 PM   4026828   4031664   3874156     49.00      2252    219528   8773640     31.92   3617760     59904        96      5348
04:25:37 PM   4026828   4031664   3874156     49.00      2252    219528   8773640     31.92   3617760     59904       116      5348
04:25:42 PM   4026576   4031412   3874408     49.01      2252    219528   8773640     31.92   3617760     59904       116      5348
04:25:47 PM   4026576   4031412   3874408     49.01      2252    219528   8773640     31.92   3617760     59904       116      5348
04:25:52 PM   4026576   4031412   3874408     49.01      2252    219528   8773640     31.92   3617760     59904       116      5348
04:25:57 PM   4026576   4031412   3874408     49.01      2252    219528   8773640     31.92   3617760     59904        20      5348
04:26:02 PM   4026576   4031704   3874116     49.00      2252    219820   8773640     31.92   3617752     60204        20      5348
04:26:07 PM   4026576   4031704   3874116     49.00      2252    219932   8773640     31.92   3617752     60204        96      5348
04:26:12 PM   4026576   4031704   3874116     49.00      2252    219932   8773640     31.92   3617752     60204       116      5348
04:26:17 PM   4026576   4031816   3874004     49.00      2252    219936   8773640     31.92   3617768     60300       120      5348
04:26:22 PM   4026576   4031816   3874004     49.00      2252    219932   8773640     31.92   3617756     60312       128      5348
04:26:27 PM   4026576   4031808   3874012     49.00      2252    219932   8773640     31.92   3617748     60312       128      5348
04:26:32 PM   4026576   4031808   3874012     49.00      2252    219932   8773640     31.92   3617748     60312       128      5348
04:26:37 PM   4026324   4031804   3874016     49.00      2252    220192   8773640     31.92   3617748     60560        36      5348
04:26:42 PM   4026324   4031816   3874004     49.00      2252    220288   8773640     31.92   3617748     60572        96      5348
04:26:47 PM   4026072   4031792   3874028     49.00      2252    220648   8773640     31.92   3617868     60680       304      5348
04:26:52 PM   4026072   4031908   3873912     49.00      2252    220648   8773640     31.92   3617952     60712       304      5348
04:26:57 PM   4026072   4032052   3873768     49.00      2252    220712   8773640     31.92   3617964     60848       200      5348
04:27:02 PM   4026072   4032040   3873780     49.00      2252    220700   8773640     31.92   3617956     60844       196      5348
04:27:07 PM   4026072   4032080   3873740     49.00      2252    220748   8773640     31.92   3617956     60884       172      5348
04:27:12 PM   4025316   4031572   3874248     49.01      2252    221068   8773640     31.92   3617956     61132       124      5348
04:27:17 PM   4025316   4031632   3874188     49.00      2252    221104   8773640     31.92   3617896     61252        96      5348
04:27:22 PM   4025316   4031628   3874192     49.00      2252    221100   8773640     31.92   3617892     61252       116      5348
04:27:27 PM   4025316   4031724   3874096     49.00      2252    221100   8773640     31.92   3617892     61348       116      5348
04:27:32 PM   4025316   4031724   3874096     49.00      2252    221100   8773640     31.92   3617892     61348       116      5348
04:27:37 PM   4025316   4031724   3874096     49.00      2252    221100   8773640     31.92   3617892     61348        20      5348
04:27:42 PM   4025316   4031724   3874096     49.00      2252    221100   8773640     31.92   3617892     61348        20      5348
04:27:47 PM   4025316   4031972   3873848     49.00      2252    221404   8773640     31.92   3617892     61596        20      5348
04:27:52 PM   4025316   4031972   3873848     49.00      2252    221504   8773640     31.92   3617892     61596        96      5348
04:27:57 PM   4025316   4032128   3873692     49.00      2252    221504   8773640     31.92   3617892     61752       116      5348
04:28:02 PM   4025316   4032128   3873692     49.00      2252    221504   8773640     31.92   3617892     61752       116      5348
04:28:07 PM   4025316   4032128   3873692     49.00      2252    221504   8773640     31.92   3617892     61752       116      5348
04:28:12 PM   4025316   4032128   3873692     49.00      2252    221504   8773640     31.92   3617892     61752       116      5348
04:28:17 PM   4025316   4032128   3873692     49.00      2252    221504   8773640     31.92   3617900     61752        20      5348
04:28:22 PM   4025316   4032376   3873444     48.99      2252    221808   8773640     31.92   3617900     62000        20      5348
04:28:27 PM   4024308   4031520   3874300     49.01      2252    221904   8773640     31.92   3617900     62152        96      5348
04:28:32 PM   4024308   4031520   3874300     49.01      2252    221904   8773640     31.92   3617900     62152       116      5348
04:28:37 PM   4024308   4031520   3874300     49.01      2252    221904   8773640     31.92   3617900     62152       116      5348
04:28:42 PM   4024308   4031520   3874300     49.01      2252    221904   8773640     31.92   3617900     62152       116      5348
04:28:47 PM   4024308   4031636   3874184     49.00      2252    222016   8773640     31.92   3618308     62152       116      5348
04:28:52 PM   4024308   4031592   3874228     49.00      2252    221980   8773640     31.92   3618080     62152        24      5348
04:28:57 PM   4024308   4031916   3873904     49.00      2252    222300   8773640     31.92   3618080     62476        24      5348
04:29:02 PM   4024308   4031916   3873904     49.00      2252    222396   8773640     31.92   3618080     62476        96      5348
04:29:07 PM   4024308   4032012   3873808     49.00      2252    222396   8773640     31.92   3618080     62572       116      5348
04:29:12 PM   4024308   4032012   3873808     49.00      2252    222396   8773640     31.92   3618084     62572       116      5348
04:29:17 PM   4024308   4032012   3873808     49.00      2252    222396   8773640     31.92   3618104     62572       116      5348
04:29:22 PM   4024308   4032012   3873808     49.00      2252    222396   8773640     31.92   3618100     62572       116      5348
04:29:27 PM   4024308   4032012   3873808     49.00      2252    222396   8773640     31.92   3618100     62572        20      5348
04:29:32 PM   4024308   4032260   3873560     49.00      2252    222716   8773640     31.92   3618100     62820        20      5348
04:29:37 PM   4024308   4032428   3873392     48.99      2252    222812   8773640     31.92   3618104     62988        96      5348
04:29:42 PM   4024308   4032428   3873392     48.99      2252    222812   8773640     31.92   3618096     62988       116      5348
04:29:47 PM   4024308   4032428   3873392     48.99      2252    222812   8773640     31.92   3618096     62988       116      5348
04:29:52 PM   4024308   4032428   3873392     48.99      2252    222812   8773640     31.92   3618092     62988       116      5348
04:29:57 PM   4024308   4032420   3873400     48.99      2252    222804   8773640     31.92   3617964     62988       116      5348
04:30:02 PM   4024308   4032420   3873400     48.99      2252    222804   8773640     31.92   3617968     62988        20      5348
04:30:07 PM   4024308   4032684   3873136     48.99      2252    223068   8773640     31.92   3617976     63252        28      5348
04:30:12 PM   4024308   4032684   3873136     48.99      2252    223164   8773640     31.92   3617976     63252        96      5348
04:30:17 PM   4024308   4032780   3873040     48.99      2252    223164   8773640     31.92   3617976     63348       116      5348
04:30:22 PM   4024308   4032780   3873040     48.99      2252    223164   8773640     31.92   3617976     63348       116      5348
04:30:27 PM   4024308   4032780   3873040     48.99      2252    223164   8773640     31.92   3617804     63348       116      5348
04:30:32 PM   4024308   4032776   3873044     48.99      2252    223164   8773640     31.92   3617760     63348       116      5348
04:30:37 PM   4024308   4032776   3873044     48.99      2252    223164   8773640     31.92   3617760     63348        20      5348
04:30:42 PM   4024308   4033028   3872792     48.99      2252    223468   8773640     31.92   3617764     63596        20      5348
04:30:47 PM   4025332   4034108   3871712     48.97      2252    223564   8773640     31.92   3617760     63652        96      5348
04:30:52 PM   4036744   4043568   3862252     48.85      2252    219468   8773640     31.92   3613664     63748       116      3300
04:30:57 PM   4036744   4039736   3866084     48.90      2252    215640   8773640     31.92   3609724     63644       120      3300
04:31:02 PM   4036744   4039736   3866084     48.90      2252    215640   8773640     31.92   3609752     63644       120      3300
04:31:07 PM   2345064   2348056   5557764     70.30      2252    215640   8773640     31.92   5287144     63644       120      3300
04:31:12 PM   2345064   2348060   5557760     70.30      2252    215640   8773640     31.92   5287200     63644        24      3300
04:31:17 PM   2728512   2731756   5174064     65.45      2252    215896   8773640     31.92   4893984     63892        24      3300
04:31:22 PM   3027080   3025648   4880172     61.73      2248    211304   8773640     31.92   4467668     62936        96      3292
04:31:27 PM   3416924   3364196   4541624     57.45      1624    149496   8773640     31.92   4216680     40612       120      2396
04:31:32 PM   3748336   3673508   4232312     53.53      1620    105276   8773640     31.92   3894364     24304       120      2372
04:31:37 PM   2293696   2226640   5679180     71.84      1620    120732   8773640     31.92   5322244     24336       120      2372
04:31:42 PM   2483896   2404208   5501612     69.59      1620     95468   8773640     31.92   5140276     22028       120      2364
04:31:47 PM   2592468   2516592   5389228     68.17      1620    103152   8773640     31.92   5022680     22060       184      2368
04:31:52 PM   2706956   2631992   5273828     66.71      1624    105020   8773640     31.92   4923996     22448       216      2368
04:31:57 PM   2913308   2838536   5067284     64.10      1624    105344   8773640     31.92   4733688     22640       180      2368
04:32:02 PM   2912832   2838080   5067740     64.10      1624    105340   8773640     31.92   4733700     22676       196      2368
04:32:07 PM   1231416   1157492   6748328     85.36      1624    107100   8773640     31.92   6299652     22676       304      2368
04:32:12 PM   1303508   1229636   6676184     84.45      1624    107100   8773640     31.92   6339332     22708       304      2368
04:32:17 PM   1517824   1444072   6461748     81.73      1624    107340   8773640     31.92   6114444     22708        20      2368
04:32:22 PM   1637900   1564524   6341296     80.21      1624    108180   8773640     31.92   6000308     22988        20      2368
04:32:27 PM   1741424   1668048   6237772     78.90      1624    108180   8773640     31.92   5895856     22988        20      2368
04:32:32 PM   1841412   1768116   6137704     77.64      1624    108252   8773640     31.92   5793436     23172        96      2368
04:32:37 PM    359696    286400   7619420     96.38      1624    108252   8773640     31.92   7251468     23172       116      2368
04:32:42 PM    359696    286404   7619416     96.38      1624    108260   8773640     31.92   7251560     23180       120      2368
04:32:47 PM    359696    286404   7619416     96.38      1624    108260   8773640     31.92   7251560     23180       120      2368
04:32:52 PM    359696    286404   7619416     96.38      1624    108260   8773640     31.92   7251560     23180       120      2368
04:32:57 PM    359696    286404   7619416     96.38      1624    108260   8773640     31.92   7251560     23180        24      2368
04:33:02 PM    359696    286556   7619264     96.38      1624    108564   8773640     31.92   7251560     23484        24      2368
04:33:07 PM    166320     75280   7830540     99.05        20     76436   8773640     31.92   3879696   3624432       100      2324
04:33:12 PM    166276     75436   7830384     99.05        20     76584   8773640     31.92   3880200   3624456       120      2324
04:33:17 PM    165520     74956   7830864     99.05        20     77204   8773640     31.92   3880944   3624456       120      2324
04:33:22 PM    165520     74988   7830832     99.05        20     77204   8773640     31.92   3881032   3624456       120      2324
04:33:27 PM    165520     74988   7830832     99.05        20     77204   8773640     31.92   3881032   3624456       120      2324
04:33:32 PM    165520     74988   7830832     99.05        20     77204   8773640     31.92   3881108   3624456        24      2324
04:33:37 PM    157708     67448   7838372     99.15        20     77816   8773640     31.92   3886036   3624704        24      2324
04:33:42 PM    157708     67532   7838288     99.15        20     77912   8773640     31.92   3886128   3624868        96      2324
04:33:47 PM    154188     67880   7837940     99.14        20     85648   8773640     31.92   3896912   3623504       116      2324
04:33:52 PM    153948     67640   7838180     99.14        20     85656   8773640     31.92   3896912   3623504       124      2324
04:33:57 PM    153948     67648   7838172     99.14        20     85660   8773640     31.92   3897064   3623512       128      2324
04:34:02 PM    153948     67648   7838172     99.14        20     85664   8773640     31.92   3897064   3623512       132      2324
04:34:07 PM    165600     78180   7827640     99.01        20     83412   8773640     31.92   4117628   3397044        36      2320
04:34:12 PM    164088     77280   7828540     99.02        20     84708   8773640     31.92   4120556   3397292        36      2320
04:34:17 PM    163848     77076   7828744     99.03        20     84820   8773640     31.92   4120704   3397364        96      2320
04:34:22 PM    163848     77076   7828744     99.03        20     84820   8773640     31.92   4120704   3397364       116      2320
04:34:27 PM    163848     77132   7828688     99.02        20     84820   8773640     31.92   4120704   3397492       116      2320
04:34:32 PM    163848     77132   7828688     99.02        20     84820   8773640     31.92   4120704   3397492       116      2320
04:34:37 PM    171376     59728   7846092     99.24         8     37928   8773640     31.92   3141656   4374748       116      2180
04:34:42 PM    170792     59216   7846604     99.25         8     38156   8773640     31.92   3141808   4374748        20      2180
04:34:47 PM    170048     58664   7847156     99.26        20     38472   8773640     31.92   3142020   4375036        20      2180
04:34:52 PM    170048     58704   7847116     99.26        20     38568   8773640     31.92   3142020   4375116        96      2180
04:34:57 PM    170048     58752   7847068     99.26        20     38568   8773640     31.92   3142020   4375212       116      2180
04:35:02 PM    170048     58752   7847068     99.26        20     38568   8773640     31.92   3142020   4375212       116      2180
04:35:07 PM    222964    101544   7804276     98.72         8     16512   8773640     31.92   6031460   1435324       116       124
04:35:12 PM    208124     92976   7812844     98.82         8     29064   8773640     31.92   6044056   1435328       116       124
04:35:17 PM    200080     85116   7820704     98.92         8     29528   8773640     31.92   6044520   1435372        20       124
04:35:22 PM    200584     85800   7820020     98.91        20     29896   8773640     31.92   6044600   1435664        20       124
04:35:27 PM    200332     85836   7819984     98.91        20     30200   8773640     31.92   6045112   1435848       100       124
04:35:32 PM    200332     85836   7819984     98.91        20     30200   8773640     31.92   6045112   1435848       116       124
04:35:37 PM    210600     96892   7808928     98.77        20     31780   8773640     31.92   6403256   1079528       116       124
04:35:42 PM    210096     96388   7809432     98.78        20     31780   8773640     31.92   6403256   1079528       116       124
04:35:47 PM    209604     97312   7808508     98.77        20     34668   8773640     31.92   6406192   1079528       116       124
04:35:52 PM    209604     97352   7808468     98.77        20     34832   8773640     31.92   6406268   1079528        20       124
04:35:57 PM    209128     97084   7808736     98.77        20     35104   8773640     31.92   6406428   1079800        20       124
04:36:02 PM    209128     97084   7808736     98.77        20     35200   8773640     31.92   6406428   1079800        96       124
04:36:07 PM    127564     12676   7893144     99.84        20     29416   8773640     31.92   3835436   3733368       116       124
04:36:12 PM    182136     72184   7833636     99.09        20     39288   8773640     31.92   3861292   3652120       116       124
04:36:17 PM    166264     61380   7844440     99.22        20     49428   8773640     31.92   3872400   3651672       116       124
04:36:22 PM    166264     61380   7844440     99.22        20     49428   8773640     31.92   3872400   3651672       116       124
04:36:27 PM    166264     61380   7844440     99.22        20     49428   8773640     31.92   3872400   3651672        20       124
04:36:32 PM    166012     61252   7844568     99.23        20     49732   8773640     31.92   3872400   3651920        20       124
04:36:37 PM    164452     59524   7846296     99.25         8     49464   8773640     31.92   3889544   3631240        96       124
04:36:42 PM    161708     57760   7848060     99.27         8     51424   8773640     31.92   3891796   3631296       116       124
04:36:47 PM    153140     52840   7852980     99.33         8     58656   8773640     31.92   3899724   3631424       304       128
04:36:52 PM    153140     52840   7852980     99.33         8     58656   8773640     31.92   3899836   3631424       304       128
04:36:57 PM    152888     52588   7853232     99.33         8     58660   8773640     31.92   3899856   3631428       308       128
04:37:02 PM    152888     52588   7853232     99.33         8     58660   8773640     31.92   3899856   3631428       132       128
04:37:07 PM    180892     71900   7833920     99.09        20     41260   8773640     31.92   5758500   1733540        72       124
04:37:12 PM    180244     71260   7834560     99.10        20     41356   8773640     31.92   5758528   1733556       144       124
04:37:17 PM    171704     66612   7839208     99.16        20     49056   8773640     31.92   5768012   1733456       164       124
04:37:22 PM    171704     66612   7839208     99.16        20     49056   8773640     31.92   5768012   1733456       164       124
04:37:27 PM    169088     64008   7841812     99.19        20     49128   8773640     31.92   5768556   1733456       164       124
04:37:32 PM    169188     64132   7841688     99.19        20     49136   8773640     31.92   5768524   1733424       172       124
04:37:37 PM    157768     52616   7853204     99.33        20     49052   8773640     31.92   6022824   1496544        28       124
04:37:42 PM    157792     52696   7853124     99.33        20     49052   8773640     31.92   6022892   1496612        28       124
04:37:47 PM    157540     52444   7853376     99.34        20     49148   8773640     31.92   6022892   1496612        96       124
04:37:52 PM    161508     56460   7849360     99.29        20     49148   8773640     31.92   6023348   1496676       116       124
04:37:57 PM    161284     56236   7849584     99.29        20     49148   8773640     31.92   6023348   1496676       116       124
04:38:02 PM    156860     51812   7854008     99.34        20     49148   8773640     31.92   6023960   1496636       116       124
04:38:07 PM    135004     29056   7876764     99.63         8     47540   8773640     31.92   5650000   1893692        80       124
04:38:12 PM    134216     28684   7877136     99.64         8     48292   8773640     31.92   5654548   1893748       100       124
04:38:17 PM    134216     28744   7877076     99.64        20     48516   8773640     31.92   5654552   1893872        20       124
04:38:22 PM    134216     28800   7877020     99.64        20     48516   8773640     31.92   5654560   1893984        20       124
04:38:27 PM    134216     28800   7877020     99.64        20     48516   8773640     31.92   5654560   1893984        20       124
04:38:32 PM    134216     28800   7877020     99.64        20     48516   8773640     31.92   5654560   1893984        20       124
04:38:37 PM    179504     60056   7845764     99.24         4     20736   8773640     31.92   1394524   6112692        80       124
04:38:42 PM    179040     59864   7845956     99.24         4     21028   8773640     31.92   1395028   6112792       100       124
04:38:47 PM    145540     38868   7866952     99.51         4     46112   8773640     31.92   1422584   6113220       100       124
04:38:52 PM    145540     38908   7866912     99.51         4     46112   8773640     31.92   1422804   6113220       100       124
04:38:57 PM    145540     38908   7866912     99.51         4     46112   8773640     31.92   1422804   6113220       100       124
04:39:02 PM    145540     38908   7866912     99.51         4     46112   8773640     31.92   1422804   6113220       100       124
04:39:07 PM    195640     89356   7816464     98.87        16     46876   8773640     31.92   1468904   6009084        20       124
04:39:12 PM    189156     82952   7822868     98.95        16     46960   8773640     31.92   1474876   6003824        80       124
04:39:17 PM    184368     80364   7825456     98.98        16     51540   8773640     31.92   1479368   6003824       100       124
04:39:22 PM    185968     82056   7823764     98.96        16     51540   8773640     31.92   1483544   6000220       100       124
04:39:27 PM    185968     82056   7823764     98.96        16     51540   8773640     31.92   1483544   6000220       100       124
04:39:32 PM    185968     82056   7823764     98.96        16     51540   8773640     31.92   1485544   5998396       100       124
04:39:37 PM    182988     70872   7834948     99.10         4     35148   8773640     31.92   4670972   2809612       100       124
04:39:42 PM    182684     70680   7835140     99.11        16     35356   8773640     31.92   4670992   2809832        20       124
04:39:47 PM    182684     70740   7835080     99.11        16     35664   8773640     31.92   4671032   2809916        80       124
04:39:52 PM    182684     72184   7833636     99.09        16     38364   8773640     31.92   4673916   2809948       100       124
04:39:57 PM    182684     72184   7833636     99.09        16     38364   8773640     31.92   4673920   2809948       100       124
04:40:02 PM    182684     72184   7833636     99.09        16     38368   8773640     31.92   4673936   2809952       104       124
04:40:07 PM    172688     46692   7859128     99.41         4      7384   8773640     31.92   2488724   5012124       104       124
04:40:12 PM    150208     32396   7873424     99.59         4     23756   8773640     31.92   2509104   5012188        24       124
04:40:17 PM    145672     32480   7873340     99.59        16     33108   8773640     31.92   2518276   5012388        24       124
04:40:22 PM    145672     32616   7873204     99.59        16     33252   8773640     31.92   2518300   5012664       112       124
04:40:27 PM    145672     32616   7873204     99.59        16     33252   8773640     31.92   2518300   5012664       132       124
04:40:32 PM    145672     32616   7873204     99.59        16     33252   8773640     31.92   2518316   5012664       132       124
04:40:37 PM    189068     75876   7829944     99.04        16     33064   8773640     31.92   3442364   4045224       132       124
04:40:42 PM    188844     75692   7830128     99.04        16     33064   8773640     31.92   3442536   4045224       132       124
04:40:47 PM    188844     75692   7830128     99.04        16     33064   8773640     31.92   3442536   4045224        20       124
04:40:52 PM    188672     75644   7830176     99.04        16     33336   8773640     31.92   3442540   4045472        20       124
04:40:57 PM    188592     75696   7830124     99.04        16     33668   8773640     31.92   3442720   4045576        80       124
04:41:02 PM    188592     75696   7830124     99.04        16     33668   8773640     31.92   3442720   4045576       100       124
04:41:07 PM    183388     69556   7836264     99.12         4     31716   8773640     31.92   5532424   1963184       100       124
04:41:12 PM    178356     64524   7841296     99.18         4     31780   8773640     31.92   5533300   1962764       100       124
04:41:17 PM    178360     64624   7841196     99.18         4     32032   8773640     31.92   5533420   1962832       108       124
04:41:22 PM    178360     64624   7841196     99.18         4     32032   8773640     31.92   5533420   1962832        28       124
04:41:27 PM    178108     64560   7841260     99.18        16     32384   8773640     31.92   5533560   1963084        28       124
04:41:32 PM    178108     64620   7841200     99.18        16     32480   8773640     31.92   5533560   1963208        80       124
04:41:37 PM    193516     80384   7825436     98.98         4     33428   8773640     31.92   1778852   5706288        80       124
04:41:42 PM    182356     76952   7828868     99.03         4     48668   8773640     31.92   1794612   5706424       100       124
04:41:47 PM    172780     72004   7833816     99.09         4     57864   8773640     31.92   1804612   5706520       288       128
04:41:52 PM    172780     72008   7833812     99.09         4     57868   8773640     31.92   1804696   5706524       292       128
04:41:57 PM    172780     72024   7833796     99.09         4     57892   8773640     31.92   1804696   5706556       296       128
04:42:02 PM    172780     72084   7833736     99.09        16     58016   8773640     31.92   1804696   5706680       132       128
04:42:07 PM    138268     38128   7867692     99.52        16     59200   8773640     31.92   1839788   5706872       128       128
04:42:12 PM    135496     35412   7870408     99.55        16     59368   8773640     31.92   1842768   5706984       184       128
04:42:17 PM    131464     33480   7872340     99.58        16     63460   8773640     31.92   1847104   5707064       100       128
04:42:22 PM    131464     33496   7872324     99.58        16     63460   8773640     31.92   1847236   5707064       100       128
04:42:27 PM    131464     33508   7872312     99.58        16     63460   8773640     31.92   1847300   5707064       100       128
04:42:32 PM    131464     33508   7872312     99.58        16     63460   8773640     31.92   1847300   5707064       100       128
04:42:37 PM    153076     44368   7861452     99.44         4     41976   8773640     31.92   1849996   5684276        20       124
04:42:42 PM    152824     44140   7861680     99.44         4     42084   8773640     31.92   1850352   5684324        20       124
04:42:47 PM    151896     43660   7862160     99.45         4     42984   8773640     31.92   1851204   5684436        80       124
04:42:52 PM    151816     43580   7862240     99.45         4     42984   8773640     31.92   1851220   5684436       100       124
04:42:57 PM    151816     43984   7861836     99.44         4     43824   8773640     31.92   1852040   5684436       100       124
04:43:02 PM    151816     43992   7861828     99.44         4     43824   8773640     31.92   1852068   5684436       100       124
04:43:07 PM    192252     88116   7817704     98.89         4     51160   8773640     31.92   4271548   3219404       104       124
04:43:12 PM    192252     88116   7817704     98.89         4     51160   8773640     31.92   4271548   3219404       104       124
04:43:17 PM    180344     78660   7827160     99.01        16     56016   8773640     31.92   4276808   3219616        24       124
04:43:22 PM    180344     78660   7827160     99.01        16     56112   8773640     31.92   4276808   3219616        96       124
04:43:27 PM    176248     74612   7831208     99.06        16     56112   8773640     31.92   4277316   3219620       116       124
04:43:32 PM    176248     74612   7831208     99.06        16     56112   8773640     31.92   4277320   3219620       116       124
04:43:37 PM    119988     18352   7887468     99.77        16     56112   8773640     31.92   4330440   3219564       116       124
04:43:42 PM    119988     18352   7887468     99.77        16     56112   8773640     31.92   4330440   3219564       116       124
04:43:47 PM    168344     71692   7834128     99.09        16     66080   8773640     31.92   4614944   2906140        20       124
04:43:52 PM    168092     71540   7834280     99.10        16     66320   8773640     31.92   4614992   2906340        20       124
04:43:57 PM    163744     67252   7838568     99.15        16     66400   8773640     31.92   4615788   2906224        80       124
04:44:02 PM    163744     67252   7838568     99.15        16     66400   8773640     31.92   4615788   2906224       100       124
04:44:07 PM    130788     18620   7887200     99.76         4     35260   8773640     31.92    537492   7014700        80       124
04:44:12 PM    125244     14828   7890992     99.81         4     38808   8773640     31.92    544676   7014784       100       124
04:44:17 PM    122792     13808   7892012     99.83         4     41576   8773640     31.92    547680   7014784       100       124
04:44:22 PM    120708     12408   7893412     99.84         4     42868   8773640     31.92    549052   7014784       100       124
04:44:27 PM    119700     11524   7894296     99.85        16     43356   8773640     31.92    549092   7014992        24       124
04:44:32 PM    119700     11688   7894132     99.85        16     43356   8773640     31.92    549276   7015136        24       124
04:44:37 PM    168412     57456   7848364     99.27         4     37480   8773640     31.92   4374384   3142332        24       124
04:44:42 PM    167856     56916   7848904     99.28         4     37592   8773640     31.92   4374520   3142364        96       124
04:44:47 PM    167168     56312   7849508     99.29         4     37764   8773640     31.92   4374692   3142364       116       124
04:44:52 PM    167100     56428   7849392     99.29         4     38052   8773640     31.92   4374988   3142444       116       124
04:44:57 PM    166876     56204   7849616     99.29         4     38060   8773640     31.92   4374988   3142444       124       124
04:45:02 PM    166876     56208   7849612     99.29         4     38060   8773640     31.92   4374992   3142452       124       124
04:45:07 PM    135628     24960   7880860     99.68         4     38060   8773640     31.92   4403144   3142452       124       124
04:45:12 PM    133612     23068   7882752     99.71        16     38300   8773640     31.92   4405180   3140972        28       124
04:45:17 PM    133612     23564   7882256     99.70        16     39332   8773640     31.92   4406092   3141056        80       124
04:45:22 PM    129516     19492   7886328     99.75        16     39332   8773640     31.92   4410048   3137544       100       124
04:45:27 PM    129516     19492   7886328     99.75        16     39332   8773640     31.92   4410052   3137544       100       124
04:45:32 PM    128816     18792   7887028     99.76        16     39332   8773640     31.92   4413920   3134060       100       124
04:45:37 PM    158940     45104   7860716     99.43         4     31896   8773640     31.92   1409180   6114244         0       124
04:45:42 PM    158716     45032   7860788     99.43         4     32140   8773640     31.92   1409544   6114264        20       124
04:45:47 PM    157960     44460   7861360     99.44        16     32524   8773640     31.92   1409548   6114632        20       124
04:45:52 PM    157960     44508   7861312     99.44        16     32524   8773640     31.92   1409648   6114724        20       124
04:45:57 PM    157960     44508   7861312     99.44        16     32524   8773640     31.92   1409648   6114724        20       124
04:46:02 PM    157960     44508   7861312     99.44        16     32524   8773640     31.92   1409688   6114724        20       124
04:46:07 PM    127000     13632   7892188     99.83        16     32868   8773640     31.92   1440500   6114724        20       124
04:46:12 PM    125200     12016   7893804     99.85        16     33060   8773640     31.92   1444560   6114808        80       124
04:46:17 PM    120412      9396   7896424     99.88        16     37464   8773640     31.92   1448900   6114808        20       124
04:46:22 PM    120412      9432   7896388     99.88        16     37468   8773640     31.92   1449060   6114812        24       124
04:46:27 PM    120412      9432   7896388     99.88        16     37468   8773640     31.92   1449068   6114812        24       124
04:46:32 PM    120412      9432   7896388     99.88        16     37468   8773640     31.92   1449072   6114812        24       124
04:46:37 PM    180136     65696   7840124     99.17         4     30568   8773640     31.92   4822964   2686516        24       124
04:46:42 PM    161976     52792   7853028     99.33        16     41064   8773640     31.92   4833504   2686948        24       124
04:46:47 PM    147108     45252   7860568     99.43        16     55640   8773640     31.92   4848344   2687236       256       128
04:46:52 PM    147108     45288   7860532     99.43        16     55796   8773640     31.92   4848448   2687284       304       128
04:46:57 PM    147108     45288   7860532     99.43        16     55800   8773640     31.92   4848448   2687284       308       128
04:47:02 PM    147108     45292   7860528     99.43        16     55800   8773640     31.92   4848480   2687288       308       128
04:47:07 PM    157024     45364   7860456     99.43         4     36536   8773640     31.92   1384212   6134736       200       128
04:47:12 PM    153060     43732   7862088     99.45         4     40788   8773640     31.92   1389000   6134736        20       128
04:47:17 PM    140964     35196   7870624     99.55        16     48044   8773640     31.92   1395940   6135180        20       128
04:47:22 PM    141068     35432   7870388     99.55        16     48160   8773640     31.92   1402796   6129624        20       128
04:47:27 PM    141068     35604   7870216     99.55        16     48676   8773640     31.92   1403140   6129624        20       128
04:47:32 PM    141068     35712   7870108     99.55        16     48720   8773640     31.92   1403356   6129624        20       128
04:47:37 PM    223980    115808   7790012     98.54        16     43112   8773640     31.92   3426612   4037360        20       128
04:47:42 PM    215936    107816   7798004     98.64        16     43192   8773640     31.92   3430164   4034580        80       128
04:47:47 PM    215936    107816   7798004     98.64        16     43192   8773640     31.92   3430164   4034580        20       128
04:47:52 PM    213652    105532   7800288     98.67        16     43192   8773640     31.92   3432480   4032656        20       128
04:47:57 PM    212496    104376   7801444     98.68        16     43240   8773640     31.92   3432480   4032656        20       128
04:48:02 PM    211508    103388   7802432     98.69        16     43240   8773640     31.92   3435864   4030076        20       128
04:48:07 PM    157620     49928   7855892     99.37        16     44068   8773640     31.92   4368952   3151352        20       128
04:48:12 PM    156016     48440   7857380     99.39        16     44356   8773640     31.92   4372472   3151568        20       128
04:48:17 PM    147508     42140   7863680     99.47        16     48780   8773640     31.92   4376956   3151720        80       128
04:48:22 PM    147508     42228   7863592     99.47        16     48960   8773640     31.92   4377184   3151720       100       128
04:48:27 PM    147508     42272   7863548     99.47        16     48960   8773640     31.92   4377268   3151720       100       128
04:48:32 PM    147256     42020   7863800     99.47        16     48960   8773640     31.92   4377268   3151720       100       128
04:48:37 PM    125616     19340   7886480     99.76         4     47080   8773640     31.92   5957340   1595444       100       128
04:48:42 PM    161432     42068   7863752     99.47         4     20908   8773640     31.92    156320   7360764        28       124
04:48:47 PM    140692     32176   7873644     99.59        16     42424   8773640     31.92    180156   7361612        28       124
04:48:52 PM    140532     32208   7873612     99.59        16     42832   8773640     31.92    180596   7361820        96       124
04:48:57 PM    140532     32216   7873604     99.59        16     42832   8773640     31.92    180636   7361836       116       124
04:49:02 PM    137004     29716   7876104     99.62        16     45052   8773640     31.92    182744   7361836       116       124
04:49:07 PM    201772     91684   7814136     98.84         4     39368   8773640     31.92   4206008   3272144       116       124
04:49:12 PM    201680     91688   7814132     98.84         4     39492   8773640     31.92   4206480   3272012       120       124
04:49:17 PM    193488     83620   7822200     98.94         4     39752   8773640     31.92   4208604   3270680        24       124
04:49:22 PM    193236     83496   7822324     98.94        16     40104   8773640     31.92   4208620   3270920        24       124
04:49:27 PM    189140     79500   7826320     98.99        16     40184   8773640     31.92   4209904   3270200        80       124
04:49:32 PM    189140     79500   7826320     98.99        16     40184   8773640     31.92   4209932   3270200       100       124
04:49:37 PM    173316     63680   7842140     99.19        16     40188   8773640     31.92   4224808   3269816       104       124
04:49:42 PM    173264     63672   7842148     99.19        16     40276   8773640     31.92   4225020   3269816       104       124
04:49:47 PM    173264     63672   7842148     99.19        16     40276   8773640     31.92   4225152   3269816       104       124
04:49:52 PM    173264     63672   7842148     99.19        16     40276   8773640     31.92   4225212   3269816        24       124
04:49:57 PM    176824     67360   7838460     99.15        16     40532   8773640     31.92   4228348   3267836        24       124
04:50:02 PM    176572     67108   7838712     99.15        16     40612   8773640     31.92   4228348   3267836        80       124
04:50:07 PM    129400     10844   7894976     99.86         4     22564   8773640     31.92   3192472   4358984       100       124
04:50:12 PM    133120     18588   7887232     99.76         4     30420   8773640     31.92   3219352   4326424       100       124
04:50:17 PM    133120     18872   7886948     99.76         4     30976   8773640     31.92   3220136   4326464       100       124
04:50:22 PM    133120     18872   7886948     99.76         4     30976   8773640     31.92   3220136   4326464       100       124
04:50:27 PM    133120     18872   7886948     99.76         4     30976   8773640     31.92   3220136   4326464       100       124
04:50:32 PM    133120     18932   7886888     99.76        16     31152   8773640     31.92   3220140   4326588        20       124
04:50:37 PM    133384     10032   7895788     99.87         4     12876   8773640     31.92   3337036   4202712        20       124
04:50:42 PM    173388     49948   7855872     99.37         4     12668   8773640     31.92   4252472   3257860       100       124
04:50:47 PM    173388     52104   7853716     99.34         4     16904   8773640     31.92   4256836   3257924       100       124
04:50:52 PM    170868     52248   7853572     99.34         4     22404   8773640     31.92   4262168   3257924       100       124
04:50:57 PM    163056     45908   7859912     99.42         4     25180   8773640     31.92   4265116   3257924       100       124
04:51:02 PM    163056     45908   7859912     99.42         4     25180   8773640     31.92   4265116   3257924       100       124
04:51:07 PM    122756      5696   7900124     99.93         4     25524   8773640     31.92   4303648   3257924       100       124
04:51:12 PM    168832     52056   7853764     99.34        16     25944   8773640     31.92   5130020   2387696         0       124
04:51:17 PM    157316     42744   7863076     99.46        16     30320   8773640     31.92   5135364   2387620        20       124
04:51:22 PM    157316     42744   7863076     99.46        16     30320   8773640     31.92   5135364   2387620        20       124
04:51:27 PM    155920     41364   7864456     99.48        16     30352   8773640     31.92   5135584   2387612        20       124
04:51:32 PM    155920     41364   7864456     99.48        16     30352   8773640     31.92   5135584   2387612        20       124
04:51:37 PM    124060     18564   7887256     99.77        16     48472   8773640     31.92   5285508   2268012        20       124
04:51:42 PM    184912     80476   7825344     98.98        16     50600   8773640     31.92   4645716   2843356         0       124
04:51:47 PM    177856     76180   7829640     99.04        16     56148   8773640     31.92   4651776   2843536       208       128
04:51:52 PM    177856     76196   7829624     99.04        16     56148   8773640     31.92   4651848   2843568       208       128
04:51:57 PM    177352     75816   7830004     99.04        16     56472   8773640     31.92   4651856   2843816       180       128
04:52:02 PM    177352     75852   7829968     99.04        16     56500   8773640     31.92   4651860   2843888       208       128
04:52:07 PM    176860     75596   7830224     99.04        16     56988   8773640     31.92   4652296   2843968       100       128
04:52:12 PM    119072      5128   7900692     99.94         4     31624   8773640     31.92   1643328   5912624         0       128
04:52:17 PM    128692     19264   7886556     99.76         4     40996   8773640     31.92   1735152   5824396        24       128
04:52:22 PM    128640     19432   7886388     99.75         4     41064   8773640     31.92   1735740   5824396       108       128
04:52:27 PM    128640     19432   7886388     99.75         4     41064   8773640     31.92   1735740   5824396       108       128
04:52:32 PM    128388     19364   7886456     99.76        16     41416   8773640     31.92   1735772   5824760        28       128
04:52:37 PM    128216     19200   7886620     99.76        16     41432   8773640     31.92   1735788   5824776        28       128
04:52:42 PM    128136     19304   7886516     99.76        16     41804   8773640     31.92   1736232   5824776        28       128
04:52:47 PM    128136     19304   7886516     99.76        16     41804   8773640     31.92   1736232   5824776        28       128
04:52:52 PM    128136     19348   7886472     99.76        16     41888   8773640     31.92   1736232   5824860        80       128
04:52:57 PM    128136     19348   7886472     99.76        16     41888   8773640     31.92   1736232   5824860       100       128
04:53:02 PM    127964     19176   7886644     99.76        16     41888   8773640     31.92   1736232   5824860       100       128
04:53:07 PM    153612     48844   7856976     99.38        16     50032   8773640     31.92   1790840   5742148        20       128
04:53:12 PM    119636     13872   7891948     99.82        16     47984   8773640     31.92   6077860   1494148        20       128
04:53:17 PM    119636     13872   7891948     99.82        16     47984   8773640     31.92   6077860   1494148        20       128
04:53:22 PM    186920     80308   7825512     98.98        16     46244   8773640     31.92   6287960   1221816        20       128
04:53:27 PM    186696     80084   7825736     98.99        16     46324   8773640     31.92   6287960   1221816        80       128
04:53:32 PM    180552     73980   7831840     99.06        16     46324   8773640     31.92   6288452   1221812       100       128
04:53:37 PM    180552     73980   7831840     99.06        16     46324   8773640     31.92   6288452   1221812       100       128
04:53:42 PM    152672     33664   7872156     99.57         4     21460   8773640     31.92   1223888   6318388       100       128
04:53:47 PM    152420     33648   7872172     99.57         4     22016   8773640     31.92   1224384   6318388       100       128
04:53:52 PM    122960     15060   7890760     99.81         4     43676   8773640     31.92   1248996   6318744       100       128
04:53:57 PM    122484     14708   7891112     99.81        16     43964   8773640     31.92   1248996   6318992        20       128
04:54:02 PM    121980     14268   7891552     99.82        16     44044   8773640     31.92   1249000   6319124        80       128
04:54:07 PM    118200     12452   7893368     99.84        16     47968   8773640     31.92   1252928   6319124       100       128
04:54:12 PM    131532     22008   7883812     99.72         4     40488   8773640     31.92   3193544   4368148       100       124
04:54:17 PM    117252     13788   7892032     99.83         4     52984   8773640     31.92   3205688   4368212       100       124
04:54:22 PM    136356     34204   7871616     99.57         4     55188   8773640     31.92   3233996   4324784       100       124
04:54:27 PM    136212     34068   7871752     99.57         4     55200   8773640     31.92   3234080   4324784        20       124
04:54:32 PM    135708     33728   7872092     99.57        16     55504   8773640     31.92   3234116   4325180        20       124
04:54:37 PM    135708     33728   7872092     99.57        16     55584   8773640     31.92   3234120   4325180        80       124
04:54:42 PM    111796     11620   7894200     99.85        16     59112   8773640     31.92   3248996   4325260       100       124
04:54:47 PM    111796     11620   7894200     99.85        16     59116   8773640     31.92   3248996   4325260       104       124
04:54:52 PM    111796     11624   7894196     99.85        16     59116   8773640     31.92   3249004   4325264       104       124
04:54:57 PM    111796     11624   7894196     99.85        16     59132   8773640     31.92   3249008   4325264       104       124
04:55:02 PM    111796     11632   7894188     99.85        16     59132   8773640     31.92   3249012   4325280        24       124
04:55:07 PM    111544     11504   7894316     99.85        16     59404   8773640     31.92   3249016   4325528        24       124
04:55:12 PM    214236    101844   7803976     98.71        16     34848   8773640     31.92    346380   7134004        80       124
04:55:17 PM    213824    101520   7804300     98.72        16     34992   8773640     31.92    346592   7134084       104       124
04:55:22 PM    213824    101588   7804232     98.72        16     34992   8773640     31.92    346728   7134100       104       124
04:55:27 PM    213824    101588   7804232     98.72        16     34992   8773640     31.92    346728   7134100       104       124
04:55:32 PM    213824    101588   7804232     98.72        16     34992   8773640     31.92    346728   7134100       104       124
04:55:37 PM    213824    101588   7804232     98.72        16     34992   8773640     31.92    346728   7134100       104       124
04:55:42 PM    198976     76628   7829192     99.03        16     15156   8773640     31.92   1583700   5912728        24       124
04:55:47 PM    197968     75820   7830000     99.04        16     15264   8773640     31.92   1584060   5912892        96       124
04:55:52 PM    197968     75820   7830000     99.04        16     15264   8773640     31.92   1584068   5912892       116       124
04:55:57 PM    197968     75868   7829952     99.04        16     15264   8773640     31.92   1584064   5912992       116       124
04:56:02 PM    197968     75868   7829952     99.04        16     15264   8773640     31.92   1584064   5912992       116       124
04:56:07 PM    180328     63628   7842192     99.20        16     26172   8773640     31.92   1594840   5913016       124       124
04:56:12 PM    180132     66200   7839620     99.16        16     31724   8773640     31.92   2152844   5360336        80       124
04:56:17 PM    179880     66072   7839748     99.16        16     31948   8773640     31.92   2152976   5360588        20       124
04:56:22 PM    179880     66072   7839748     99.16        16     31948   8773640     31.92   2152980   5360588        20       124
04:56:27 PM    179656     65900   7839920     99.17        16     31948   8773640     31.92   2152988   5360688        20       124
04:56:32 PM    179656     65900   7839920     99.17        16     31948   8773640     31.92   2152988   5360688        20       124
04:56:37 PM    162308     55812   7850008     99.29        16     46564   8773640     31.92   2168152   5360708        20       124
04:56:42 PM    193580     87472   7818348     98.89         4     47292   8773640     31.92   5366528   2129624        20       124
04:56:47 PM    182492     81868   7823952     98.96         4     58364   8773640     31.92   5377872   2129788       272       128
04:56:52 PM    182492     81868   7823952     98.96         4     58364   8773640     31.92   5377920   2129788       292       128
04:56:57 PM    182492     81936   7823884     98.96         4     58368   8773640     31.92   5377976   2129884       296       128
04:57:02 PM    182492     81936   7823884     98.96         4     58364   8773640     31.92   5378012   2129884       292       128
04:57:07 PM    182252     81940   7823880     98.96         8     58852   8773640     31.92   5378440   2129984       180       128
04:57:12 PM    192168     77812   7828008     99.02         4     30880   8773640     31.92    150580   7349816        96       128
04:57:17 PM    189068     78184   7827636     99.01        16     37884   8773640     31.92    157372   7350384        20       128
04:57:22 PM    189004     78304   7827516     99.01        16     38104   8773640     31.92    157904   7350384        24       128
04:57:27 PM    189004     78324   7827496     99.01        16     38104   8773640     31.92    158032   7350388        24       128
04:57:32 PM    189004     78324   7827496     99.01        16     38104   8773640     31.92    158032   7350388        24       128
04:57:37 PM    189004     78336   7827484     99.01        16     38128   8773640     31.92    158076   7350388        24       128
04:57:42 PM    180436     70468   7835352     99.11        16     39724   8773640     31.92    167940   7350388        24       128
04:57:47 PM    180184     70352   7835468     99.11        16     39804   8773640     31.92    168204   7350468         0       128
04:57:52 PM    180184     70352   7835468     99.11        16     39804   8773640     31.92    168228   7350468        20       128
04:57:57 PM    180184     70352   7835468     99.11        16     39804   8773640     31.92    168228   7350468        20       128
04:58:02 PM    180184     70352   7835468     99.11        16     39804   8773640     31.92    168228   7350468        20       128
04:58:07 PM    174152     68828   7836992     99.13        16     48900   8773640     31.92    178228   7350504        20       128
04:58:12 PM    193428     80008   7825812     98.99         4     32632   8773640     31.92   4906000   2603928        20       124
04:58:17 PM    177076     68000   7837820     99.14        16     41396   8773640     31.92   4914556   2604156        20       124
04:58:22 PM    171784     64920   7840900     99.18        16     45988   8773640     31.92   4918904   2604248        80       124
04:58:27 PM    171784     64960   7840860     99.18        16     45988   8773640     31.92   4918904   2604328       100       124
04:58:32 PM    171784     65048   7840772     99.18        16     45988   8773640     31.92   4919076   2604328       100       124
04:58:37 PM    171784     65048   7840772     99.18        16     45988   8773640     31.92   4919084   2604328       100       124
04:58:42 PM    122500       388   7905432    100.00         4     15300   8773640     31.92   2386944   5179268       100       124
04:58:47 PM    122500       388   7905432    100.00         4     15300   8773640     31.92   2386944   5179268        20       124
04:58:52 PM    130544     20656   7885164     99.74         4     39728   8773640     31.92   2409584   5156252        20       124
04:58:57 PM    130544     20676   7885144     99.74         4     39824   8773640     31.92   2409684   5156268        80       124
04:59:02 PM    130544     20720   7885100     99.74         4     39824   8773640     31.92   2409684   5156352       100       124
04:59:07 PM    122480     14204   7891616     99.82         4     43040   8773640     31.92   2412784   5156352       100       124
04:59:12 PM    197184     88844   7816976     98.88         4     42860   8773640     31.92   4253360   3241344       100       124
04:59:17 PM    196708     88616   7817204     98.88         4     43408   8773640     31.92   4253856   3241344       100       124
04:59:22 PM    196456     88424   7817396     98.88         4     43408   8773640     31.92   4254096   3241344        20       124
04:59:27 PM    196204     88228   7817592     98.88        16     43652   8773640     31.92   4254104   3241460        24       124
04:59:32 PM    196204     88300   7817520     98.88        16     43732   8773640     31.92   4254104   3241600        80       124
04:59:37 PM    180328     80812   7825008     98.98        16     60432   8773640     31.92   4273464   3241920       300       128
04:59:42 PM    126576     13080   7892740     99.83         4     32544   8773640     31.92   2750492   4818052       300       128
04:59:47 PM    126576     13080   7892740     99.83         4     32552   8773640     31.92   2750492   4818052       308       128
04:59:52 PM    126328     12868   7892952     99.84         4     32552   8773640     31.92   2750600   4818124       308       128
04:59:57 PM    126328     12868   7892952     99.84         4     32556   8773640     31.92   2750600   4818124       152       128
05:00:02 PM    126076     12740   7893080     99.84        16     32940   8773640     31.92   2750600   4818376       152       128
05:00:07 PM    125572     12368   7893452     99.84        16     33084   8773640     31.92   2750612   4818636        80       128
05:00:12 PM    210608     96800   7809020     98.78         4     31860   8773640     31.92   3201972   4282692       100       128
05:00:17 PM    207080     94444   7811376     98.81         4     34320   8773640     31.92   3204328   4282692       100       128
05:00:22 PM    205316     93112   7812708     98.82         4     35096   8773532     31.92   3205316   4282692       100       128
05:00:27 PM    205316     93112   7812708     98.82         4     35096   8773532     31.92   3205316   4282692       100       128
Average:      2186654   2139179   5766641     72.94      1252    137404   8773347     31.92   3562985   1941777       105      2934
