Linux 7.0.11-arch1-1 (archlinux) 	06/05/2026 	_x86_64_	(4 CPU)

12:34:48 PM kbmemfree   kbavail kbmemused  %memused kbbuffers  kbcached  kbcommit   %commit  kbactive   kbinact   kbdirty   kbshmem
12:34:53 PM   3997616   4023632   3882196     49.11      2556    240096   8769640     31.91   3625100     77984       752      5372
12:34:58 PM   3997616   4023632   3882196     49.11      2556    240112   8769640     31.91   3624952     77984       808      5372
12:35:03 PM   3997616   4023652   3882176     49.11      2556    240132   8769640     31.91   3625064     78004       800      5372
12:35:08 PM   3996860   4024032   3881796     49.10      2556    241360   8769640     31.91   3625064     79116       460      5372
12:35:13 PM   3996860   4024164   3881664     49.10      2556    241364   8769640     31.91   3625064     79248       464      5372
12:35:18 PM   3996860   4024260   3881568     49.10      2556    241552   8769640     31.91   3625064     79344       404      5372
12:35:23 PM   3996860   4024404   3881424     49.10      2556    241600   8769640     31.91   3625068     79488       420      5372
12:35:28 PM   3996860   4024404   3881424     49.10      2556    241600   8769640     31.91   3625068     79488       260      5372
12:35:33 PM   3996860   4024404   3881424     49.10      2556    241600   8769640     31.91   3625068     79488       260      5372
12:35:38 PM   3996860   4024404   3881424     49.10      2556    241604   8769640     31.91   3625068     79488        24      5372
12:35:43 PM   3997200   4024792   3881036     49.09      2556    241648   8769640     31.91   3625072     79536        68      5372
12:35:48 PM   3996948   4024912   3880916     49.09      2556    242100   8769640     31.91   3625072     79908       184      5372
12:35:53 PM   3996948   4025020   3880808     49.09      2556    242128   8769640     31.91   3625076     80016       216      5372
12:35:58 PM   3996948   4025100   3880728     49.09      2556    242208   8769640     31.91   3625076     80096       260      5372
12:36:03 PM   3996948   4025100   3880728     49.09      2556    242208   8769640     31.91   3625076     80096       280      5372
12:36:08 PM   3996948   4025100   3880728     49.09      2556    242208   8769640     31.91   3625076     80096       136      5372
12:36:13 PM   3996948   4025100   3880728     49.09      2556    242208   8769640     31.91   3625076     80096       136      5372
12:36:18 PM   3996192   4024592   3881236     49.09      2556    242544   8769640     31.91   3625076     80344        20      5372
12:36:23 PM   3995940   4024476   3881352     49.09      2556    242592   8769640     31.91   3625076     80480        68      5372
12:36:28 PM   3995940   4024476   3881352     49.09      2556    242592   8769640     31.91   3625076     80480        68      5372
12:36:33 PM   3995940   4024524   3881304     49.09      2556    242640   8769640     31.91   3625076     80528        96      5372
12:36:38 PM   3995940   4024524   3881304     49.09      2556    242640   8769640     31.91   3625076     80528       116      5372
12:36:43 PM   3995940   4024524   3881304     49.09      2556    242640   8769640     31.91   3625076     80528       116      5372
12:36:48 PM   3995940   4024648   3881180     49.09      2556    242896   8769640     31.91   3625076     80652        20      5372
12:36:53 PM   3995940   4024648   3881180     49.09      2556    242896   8769640     31.91   3625076     80652        20      5372
12:36:58 PM   3995940   4024780   3881048     49.09      2556    242976   8769640     31.91   3625076     80784       208      5372
12:37:03 PM   3995940   4024780   3881048     49.09      2556    242976   8769640     31.91   3625076     80784       208      5372
12:37:08 PM   3995940   4024908   3880920     49.09      2556    243028   8769640     31.91   3625076     80912       240      5372
12:37:13 PM   3995940   4024908   3880920     49.09      2556    243024   8769640     31.91   3625084     80912       256      5372
12:37:18 PM   3995940   4024908   3880920     49.09      2556    243024   8769640     31.91   3625084     80912       132      5372
12:37:23 PM   3995940   4024908   3880920     49.09      2556    243028   8769640     31.91   3625084     80912       136      5372
12:37:28 PM   3995688   4024964   3880864     49.09      2556    243448   8769640     31.91   3625084     81220        76      5372
12:37:33 PM   3995688   4024964   3880864     49.09      2556    243476   8769640     31.91   3625084     81220       104      5372
12:37:38 PM   3995688   4025108   3880720     49.09      2556    243476   8769640     31.91   3625084     81364       104      5372
12:37:43 PM   3995688   4025204   3880624     49.09      2556    243588   8769640     31.91   3625084     81460       192      5372
12:37:48 PM   3995688   4025220   3880608     49.09      2556    243588   8769640     31.91   3625084     81476       212      5372
12:37:53 PM   3995688   4025224   3880604     49.09      2556    243592   8769640     31.91   3625084     81480       216      5372
12:37:58 PM   3995436   4025220   3880608     49.09      2556    243880   8769640     31.91   3625092     81728        24      5372
12:38:03 PM   3995436   4025220   3880608     49.09      2556    243880   8769640     31.91   3625092     81728        24      5372
12:38:08 PM   3995436   4025260   3880568     49.08      2556    243880   8769640     31.91   3625092     81768        24      5372
12:38:13 PM   3995436   4025260   3880568     49.08      2556    243884   8769640     31.91   3625092     81768        28      5372
12:38:18 PM   3995436   4025420   3880408     49.08      2556    244040   8769640     31.91   3625092     81928       160      5372
12:38:23 PM   3995436   4025420   3880408     49.08      2556    244040   8769640     31.91   3625092     81928       180      5372
12:38:28 PM   3995436   4025428   3880400     49.08      2556    244048   8769640     31.91   3625096     81936       188      5372
12:38:33 PM   3995436   4025428   3880400     49.08      2556    244048   8769640     31.91   3625096     81936       188      5372
12:38:38 PM   3995184   4025176   3880652     49.09      2556    244052   8768972     31.91   3624932     81936       192      5372
12:38:43 PM   3995184   4025176   3880652     49.09      2556    244048   8768972     31.91   3624932     81936       188      5372
12:38:48 PM   3995184   4025560   3880268     49.08      2556    244432   8768972     31.91   3624936     82320        28      5372
12:38:53 PM   3995184   4025608   3880220     49.08      2556    244560   8768972     31.91   3624936     82368       128      5372
12:38:58 PM   3995184   4025688   3880140     49.08      2556    244560   8768972     31.91   3624936     82448       148      5372
12:39:03 PM   3995184   4025720   3880108     49.08      2556    244612   8777168     31.94   3624936     82480       168      5372
12:39:08 PM   3995184   4025800   3880028     49.08      2556    244672   8777168     31.94   3624944     82560       196      5372
12:39:13 PM   3995184   4025800   3880028     49.08      2556    244672   8777168     31.94   3624944     82560       196      5372
12:39:18 PM   3995184   4025800   3880028     49.08      2556    244672   8777168     31.94   3624944     82560        20      5372
12:39:23 PM   3995184   4026172   3879656     49.07      2556    245104   8777168     31.94   3624944     82932        20      5372
12:39:28 PM   3995184   4026344   3879484     49.07      2556    245216   8777168     31.94   3624944     83104       112      5372
12:39:33 PM   3995184   4026344   3879484     49.07      2556    245216   8777168     31.94   3624944     83104       132      5372
12:39:38 PM   3994932   4026092   3879736     49.07      2556    245216   8777168     31.94   3624944     83104       132      5372
12:39:43 PM   3994932   4026092   3879736     49.07      2556    245216   8777168     31.94   3624944     83104       132      5372
12:39:48 PM   3994932   4026092   3879736     49.07      2556    245216   8777168     31.94   3624944     83104       132      5372
12:39:53 PM   3994932   4026092   3879736     49.07      2556    245216   8777168     31.94   3624944     83104        20      5372
12:39:58 PM   3994932   4026448   3879380     49.07      2556    245572   8777168     31.94   3624944     83460        24      5372
12:40:03 PM   3994932   4026496   3879332     49.07      2556    245684   8777168     31.94   3624944     83508       112      5372
12:40:08 PM   3994932   4026560   3879268     49.07      2556    245684   8777168     31.94   3624944     83572       132      5372
12:40:13 PM   3994932   4026560   3879268     49.07      2556    245684   8777168     31.94   3624944     83572       132      5372
12:40:18 PM   3994932   4026560   3879268     49.07      2556    245684   8777168     31.94   3624944     83572       132      5372
12:40:23 PM   3994932   4026560   3879268     49.07      2556    245684   8777168     31.94   3624944     83572       132      5372
12:40:28 PM   3994932   4026560   3879268     49.07      2556    245684   8777168     31.94   3624944     83572        20      5372
12:40:33 PM   3994932   4026808   3879020     49.07      2556    245972   8777168     31.94   3624944     83820        20      5372
12:40:38 PM   3994932   4026896   3878932     49.06      2556    246084   8777168     31.94   3624944     83908       112      5372
12:40:43 PM   3994932   4026960   3878868     49.06      2556    246084   8777168     31.94   3624944     83972       132      5372
12:40:48 PM   3994932   4026960   3878868     49.06      2556    246084   8777168     31.94   3624944     83972       132      5372
12:40:53 PM   3994932   4026960   3878868     49.06      2556    246088   8777168     31.94   3624944     83972       136      5372
12:40:58 PM   3994932   4026960   3878868     49.06      2556    246088   8777168     31.94   3624944     83972       136      5372
12:41:03 PM   3994932   4026964   3878864     49.06      2556    246088   8777168     31.94   3624944     83976        24      5372
12:41:08 PM   3994680   4026968   3878860     49.06      2556    246424   8777168     31.94   3624944     84224        24      5372
12:41:13 PM   3994680   4027104   3878724     49.06      2556    246536   8777168     31.94   3624944     84360       112      5372
12:41:18 PM   3994680   4027104   3878724     49.06      2556    246540   8777168     31.94   3624944     84360       136      5372
12:41:23 PM   3994680   4027172   3878656     49.06      2556    246540   8777168     31.94   3624944     84428       136      5372
12:41:28 PM   3994680   4027172   3878656     49.06      2556    246540   8777168     31.94   3624944     84428       136      5372
12:41:33 PM   3994680   4027172   3878656     49.06      2556    246540   8777168     31.94   3624944     84428       136      5372
12:41:38 PM   3994680   4027172   3878656     49.06      2556    246540   8777168     31.94   3624944     84428        24      5372
12:41:43 PM   3994680   4027460   3878368     49.06      2556    246828   8777168     31.94   3624944     84716        24      5372
12:41:48 PM   3994336   4027240   3878588     49.06      2556    246956   8777168     31.94   3624944     84840       128      5372
12:41:53 PM   3994176   4027084   3878744     49.06      2556    246956   8777168     31.94   3624944     84844       148      5372
12:41:58 PM   3994176   4027084   3878744     49.06      2556    247068   8777168     31.94   3624944     84844       336      5372
12:42:03 PM   3994176   4027196   3878632     49.06      2556    247068   8777168     31.94   3624948     84956       336      5372
12:42:08 PM   3994176   4027196   3878632     49.06      2556    247068   8777168     31.94   3624948     84956       336      5372
12:42:13 PM   3994176   4027204   3878624     49.06      2556    247076   8777168     31.94   3624948     84964       136      5372
12:42:18 PM   3993420   4026828   3879000     49.07      2556    247588   8777168     31.94   3624948     85336       184      5372
12:42:23 PM   3993420   4027080   3878748     49.06      2556    247700   8777168     31.94   3624948     85588       268      5372
12:42:28 PM   3993420   4027080   3878748     49.06      2556    247700   8777168     31.94   3624948     85588       180      5372
12:42:33 PM   3993420   4027084   3878744     49.06      2556    247704   8777168     31.94   3624948     85592       184      5372
12:42:38 PM   3993420   4027084   3878744     49.06      2556    247704   8777168     31.94   3624948     85592       184      5372
12:42:43 PM   3993420   4027084   3878744     49.06      2556    247704   8777168     31.94   3624948     85592       184      5372
12:42:48 PM   3993248   4027256   3878572     49.06      2556    248048   8777168     31.94   3624948     85936        24      5372
12:42:53 PM   3993168   4027216   3878612     49.06      2556    248088   8777168     31.94   3624948     85976        24      5372
12:42:58 PM   3992916   4026964   3878864     49.06      2556    248200   8777168     31.94   3624948     85976       112      5372
12:43:03 PM   3992916   4027076   3878752     49.06      2556    248200   8777168     31.94   3624948     86088       132      5372
12:43:08 PM   3992916   4027076   3878752     49.06      2556    248248   8777168     31.94   3624952     86088       180      5372
12:43:13 PM   3992916   4027124   3878704     49.06      2556    248248   8777168     31.94   3624952     86136       180      5372
12:43:18 PM   3992916   4027124   3878704     49.06      2556    248248   8777168     31.94   3624952     86136        20      5372
12:43:23 PM   3992916   4027124   3878704     49.06      2556    248248   8777168     31.94   3624952     86136        20      5372
12:43:28 PM   3992664   4027244   3878584     49.06      2556    248632   8777168     31.94   3624952     86508        20      5372
12:43:33 PM   3992160   4026864   3878964     49.06      2556    248744   8777168     31.94   3624952     86632       116      5372
12:43:38 PM   3991908   4026608   3879220     49.07      2556    248744   8777168     31.94   3624836     86632       132      5372
12:43:43 PM   3991908   4026612   3879216     49.07      2556    248744   8777168     31.94   3624892     86632       132      5372
12:43:48 PM   3991908   4026612   3879216     49.07      2556    248744   8777168     31.94   3624952     86632       132      5372
12:43:53 PM   3991908   4026612   3879216     49.07      2556    248744   8777168     31.94   3624952     86632       132      5372
12:43:58 PM   3991656   4026372   3879456     49.07      2556    248796   8777588     31.94   3624908     86636       192      5372
12:44:03 PM   3991656   4026756   3879072     49.07      2556    249132   8777588     31.94   3625044     87020       192      5372
12:44:08 PM   3991656   4026756   3879072     49.07      2556    249244   8777588     31.94   3625044     87020       280      5372
12:44:13 PM   3991656   4026868   3878960     49.06      2556    249244   8777588     31.94   3625044     87132       300      5372
12:44:18 PM   3991656   4026868   3878960     49.06      2556    249244   8777588     31.94   3625044     87132       300      5372
12:44:23 PM   3991656   4026868   3878960     49.06      2556    249244   8777588     31.94   3625044     87132       300      5372
12:44:28 PM   3991656   4026868   3878960     49.06      2556    249244   8777588     31.94   3625048     87132       132      5372
12:44:33 PM   3991656   4026868   3878960     49.06      2556    249244   8777588     31.94   3625048     87132        20      5372
12:44:38 PM   3992428   4028012   3877816     49.05      2556    249708   8777588     31.94   3625048     87504        20      5372
12:44:43 PM   3991924   4027592   3878236     49.06      2556    249820   8777588     31.94   3625048     87588       112      5372
12:44:48 PM   3991924   4027712   3878116     49.05      2556    249820   8777588     31.94   3625048     87708       132      5372
12:44:53 PM   3991924   4027712   3878116     49.05      2556    249820   8777588     31.94   3625048     87708       132      5372
12:44:58 PM   3991924   4027712   3878116     49.05      2556    249820   8777588     31.94   3625048     87708       132      5372
12:45:03 PM   3991924   4027712   3878116     49.05      2556    249820   8777588     31.94   3625048     87708       132      5372
12:45:08 PM   3991924   4027716   3878112     49.05      2556    249824   8777588     31.94   3625048     87712        24      5372
12:45:13 PM   3991924   4027964   3877864     49.05      2556    250144   8777588     31.94   3625048     87960        24      5372
12:45:18 PM   3991924   4028148   3877680     49.05      2556    250256   8777588     31.94   3625048     88144       112      5372
12:45:23 PM   3991924   4028148   3877680     49.05      2556    250256   8777588     31.94   3625048     88144       132      5372
12:45:28 PM   3991924   4028148   3877680     49.05      2556    250256   8777588     31.94   3625048     88144       132      5372
12:45:33 PM   3991924   4028148   3877680     49.05      2556    250256   8777588     31.94   3625048     88144       132      5372
12:45:38 PM   3991924   4028148   3877680     49.05      2556    250256   8777588     31.94   3625048     88144       132      5372
12:45:43 PM   3991924   4028148   3877680     49.05      2556    250256   8777588     31.94   3625048     88144        20      5372
12:45:48 PM   3991924   4028500   3877328     49.04      2556    250608   8777588     31.94   3625048     88496        20      5372
12:45:53 PM   3991924   4028516   3877312     49.04      2556    250728   8777588     31.94   3625048     88504       112      5372
12:45:58 PM   3991924   4028628   3877200     49.04      2556    250728   8777588     31.94   3625048     88616       132      5372
12:46:03 PM   3991924   4028628   3877200     49.04      2556    250728   8777588     31.94   3625048     88616       132      5372
12:46:08 PM   3991924   4028628   3877200     49.04      2556    250728   8777588     31.94   3625048     88616       132      5372
12:46:13 PM   3991924   4028628   3877200     49.04      2556    250728   8777588     31.94   3625048     88616       132      5372
12:46:18 PM   3991924   4028628   3877200     49.04      2556    250728   8777588     31.94   3625048     88616        20      5372
12:46:23 PM   3991924   4028876   3876952     49.04      2556    251032   8777588     31.94   3625048     88864        20      5372
12:46:28 PM   3991924   4029044   3876784     49.04      2556    251144   8777588     31.94   3625048     89032       112      5372
12:46:33 PM   3991924   4029044   3876784     49.04      2556    251144   8777588     31.94   3625048     89032       132      5372
12:46:38 PM   3991924   4029044   3876784     49.04      2556    251144   8777588     31.94   3625048     89032       132      5372
12:46:43 PM   3991924   4029044   3876784     49.04      2556    251144   8777588     31.94   3625048     89032       132      5372
12:46:48 PM   3991924   4029044   3876784     49.04      2556    251144   8777588     31.94   3625048     89032       132      5372
12:46:53 PM   3991684   4028804   3877024     49.04      2556    251144   8777588     31.94   3625048     89032        20      5372
12:46:58 PM   3990928   4028588   3877240     49.04      2556    251676   8777588     31.94   3625048     89564        72      5372
12:47:03 PM   3990928   4028716   3877112     49.04      2556    251852   8777588     31.94   3625048     89692       296      5372
12:47:08 PM   3990928   4028764   3877064     49.04      2556    251852   8777588     31.94   3625048     89740       316      5372
12:47:13 PM   3990928   4028764   3877064     49.04      2556    251852   8777588     31.94   3625048     89740       316      5372
12:47:18 PM   3990928   4028764   3877064     49.04      2556    251852   8777588     31.94   3625048     89740       316      5372
12:47:23 PM   3990928   4028764   3877064     49.04      2556    251852   8777588     31.94   3625048     89740       316      5372
12:47:28 PM   3990676   4028912   3876916     49.04      2556    252252   8777588     31.94   3625048     90140        20      5372
12:47:33 PM   3990676   4028912   3876916     49.04      2556    252252   8777588     31.94   3625048     90140        20      5372
12:47:38 PM   3990676   4029024   3876804     49.04      2556    252364   8777588     31.94   3625048     90252       112      5372
12:47:43 PM   3990676   4029024   3876804     49.04      2556    252368   8777588     31.94   3625048     90252       136      5372
12:47:48 PM   3990676   4029028   3876800     49.04      2556    252368   8777588     31.94   3625048     90256       136      5372
12:47:53 PM   3990676   4029028   3876800     49.04      2556    252372   8777588     31.94   3625048     90256       140      5372
12:47:58 PM   3990676   4029028   3876800     49.04      2556    252372   8777588     31.94   3625048     90256        28      5372
12:48:03 PM   3990676   4029032   3876796     49.04      2556    252372   8777588     31.94   3625048     90260        28      5372
12:48:08 PM   3990424   4029028   3876800     49.04      2556    252724   8777588     31.94   3625048     90508        28      5372
12:48:13 PM   3990424   4029132   3876696     49.04      2556    252836   8777588     31.94   3625048     90612       112      5372
12:48:18 PM   3990424   4029132   3876696     49.04      2556    252836   8777588     31.94   3625048     90612       132      5372
12:48:23 PM   3990424   4029244   3876584     49.03      2556    252836   8777588     31.94   3625048     90724       132      5372
12:48:28 PM   3990424   4029244   3876584     49.03      2556    252836   8777588     31.94   3625048     90724       132      5372
12:48:33 PM   3990424   4029244   3876584     49.03      2556    252836   8777588     31.94   3625048     90724       132      5372
12:48:38 PM   3990424   4029244   3876584     49.03      2556    252836   8777588     31.94   3625048     90724        20      5372
12:48:43 PM   3990172   4029240   3876588     49.03      2556    253140   8777588     31.94   3625048     90972        20      5372
12:48:48 PM   3990172   4029296   3876532     49.03      2556    253252   8777588     31.94   3625048     91028       112      5372
12:48:53 PM   3990172   4029408   3876420     49.03      2556    253252   8777588     31.94   3625048     91140       132      5372
12:48:58 PM   3989920   4029160   3876668     49.04      2556    253252   8777168     31.94   3624848     91140       132      5372
12:49:03 PM   3989920   4029164   3876664     49.04      2556    253252   8777168     31.94   3624956     91140       132      5372
12:49:08 PM   3989920   4029164   3876664     49.04      2556    253252   8777168     31.94   3624956     91140       132      5372
12:49:13 PM   3989920   4029164   3876664     49.04      2556    253252   8777168     31.94   3624956     91140        20      5372
12:49:18 PM   3989920   4029412   3876416     49.03      2556    253668   8777168     31.94   3624956     91388        20      5372
12:49:23 PM   3989920   4029692   3876136     49.03      2556    253780   8777168     31.94   3624956     91668       116      5372
12:49:28 PM   3989920   4029692   3876136     49.03      2556    253780   8777168     31.94   3624956     91668       132      5372
12:49:33 PM   3989920   4029692   3876136     49.03      2556    253780   8777168     31.94   3624956     91668       132      5372
12:49:38 PM   3989920   4029692   3876136     49.03      2556    253788   8777168     31.94   3624956     91668       140      5372
12:49:43 PM   3989920   4029700   3876128     49.03      2556    253788   8777168     31.94   3624956     91676       140      5372
12:49:48 PM   3989920   4029700   3876128     49.03      2556    253788   8777168     31.94   3624956     91676        28      5372
12:49:53 PM   3989920   4030020   3875808     49.02      2556    254108   8777168     31.94   3624956     91996        28      5372
12:49:58 PM   3989920   4030020   3875808     49.02      2556    254220   8777168     31.94   3624956     91996       116      5372
12:50:03 PM   3989920   4030136   3875692     49.02      2556    254224   8777168     31.94   3624956     92112       136      5372
12:50:08 PM   3989920   4030136   3875692     49.02      2556    254224   8777168     31.94   3624956     92112       136      5372
12:50:13 PM   3989920   4030136   3875692     49.02      2556    254224   8777168     31.94   3624956     92112       136      5372
12:50:18 PM   3989920   4030136   3875692     49.02      2556    254228   8777168     31.94   3624956     92112       140      5372
12:50:23 PM   3989920   4030140   3875688     49.02      2556    254228   8777168     31.94   3624956     92116        28      5372
12:50:28 PM   3989920   4030388   3875440     49.02      2556    254580   8777168     31.94   3624956     92364        28      5372
12:50:33 PM   3989920   4030604   3875224     49.02      2556    254692   8777168     31.94   3624956     92580       112      5372
12:50:38 PM   3989920   4030604   3875224     49.02      2556    254692   8777168     31.94   3624956     92580       132      5372
12:50:43 PM   3989920   4030604   3875224     49.02      2556    254692   8777168     31.94   3624956     92580       132      5372
12:50:48 PM   3989920   4030604   3875224     49.02      2556    254692   8777168     31.94   3624956     92580       132      5372
12:50:53 PM   3989920   4030604   3875224     49.02      2556    254692   8777168     31.94   3624956     92580       132      5372
12:50:58 PM   3989920   4030604   3875224     49.02      2556    254692   8777168     31.94   3624956     92580        20      5372
12:51:03 PM   3989668   4030656   3875172     49.02      2556    254996   8777168     31.94   3624956     92884        20      5372
12:51:08 PM   3989668   4030656   3875172     49.02      2556    255108   8777168     31.94   3624956     92884       112      5372
12:51:13 PM   3989668   4030768   3875060     49.02      2556    255108   8777168     31.94   3624956     92996       132      5372
12:51:18 PM   3989668   4030768   3875060     49.02      2556    255108   8777168     31.94   3624956     92996       132      5372
12:51:23 PM   3989668   4030768   3875060     49.02      2556    255108   8777168     31.94   3624956     92996       132      5372
12:51:28 PM   3989668   4030768   3875060     49.02      2556    255108   8777168     31.94   3624956     92996       132      5372
12:51:33 PM   3989668   4030768   3875060     49.02      2556    255108   8777168     31.94   3624956     92996        20      5372
12:51:38 PM   3989416   4030764   3875064     49.02      2556    255460   8777168     31.94   3624956     93244        20      5372
12:51:43 PM   3989416   4030764   3875064     49.02      2556    255572   8777168     31.94   3624956     93244       116      5372
12:51:48 PM   3989416   4030980   3874848     49.01      2556    255572   8777168     31.94   3624956     93460       132      5372
12:51:53 PM   3989416   4030980   3874848     49.01      2556    255572   8777168     31.94   3624956     93460       132      5372
12:51:58 PM   3989416   4030980   3874848     49.01      2556    255652   8777168     31.94   3624956     93460       324      5372
12:52:03 PM   3989164   4030808   3875020     49.01      2556    255716   8777168     31.94   3624956     93540       212      5372
12:52:08 PM   3989164   4030872   3874956     49.01      2556    255828   8777168     31.94   3624956     93604       204      5372
12:52:13 PM   3988912   4030864   3874964     49.01      2556    256164   8777168     31.94   3624956     93848       124      5372
12:52:18 PM   3988660   4030960   3874868     49.01      2556    256356   8777168     31.94   3624956     94196       296      5372
12:52:23 PM   3988660   4030960   3874868     49.01      2556    256356   8777168     31.94   3624956     94196       316      5372
12:52:28 PM   3988660   4031008   3874820     49.01      2556    256356   8777168     31.94   3624956     94244       212      5372
12:52:33 PM   3988408   4030756   3875072     49.02      2556    256356   8777168     31.94   3624956     94244       212      5372
12:52:38 PM   3988408   4030756   3875072     49.02      2556    256356   8777168     31.94   3624956     94244        20      5372
12:52:43 PM   3988408   4030756   3875072     49.02      2556    256356   8777168     31.94   3624956     94244        20      5372
12:52:48 PM   3988156   4030904   3874924     49.01      2556    256756   8777168     31.94   3624956     94644        20      5372
12:52:53 PM   3987904   4030656   3875172     49.02      2556    256872   8777168     31.94   3624956     94648       112      5372
12:52:58 PM   3987904   4030768   3875060     49.02      2556    256872   8777168     31.94   3624956     94760       132      5372
12:53:03 PM   3987904   4030768   3875060     49.02      2556    256876   8777168     31.94   3624956     94760       136      5372
12:53:08 PM   3983808   4026676   3879152     49.07      2556    256876   8777168     31.94   3627000     94764       136      5372
12:53:13 PM   3983808   4026676   3879152     49.07      2556    256876   8777168     31.94   3627000     94764       136      5372
12:53:18 PM   3983808   4026684   3879144     49.07      2556    256884   8777168     31.94   3627000     94772        32      5372
12:53:23 PM   3983808   4026932   3878896     49.06      2556    257188   8777168     31.94   3627000     95020        32      5372
12:53:28 PM   3983556   4026848   3878980     49.06      2556    257300   8777168     31.94   3627000     95188       112      5372
12:53:33 PM   3983556   4026848   3878980     49.06      2556    257300   8777168     31.94   3627000     95188       132      5372
12:53:38 PM   3983556   4026848   3878980     49.06      2556    257300   8777168     31.94   3627000     95188       132      5372
12:53:43 PM   3983556   4026848   3878980     49.06      2556    257300   8777168     31.94   3627000     95188       132      5372
12:53:48 PM   3983556   4026848   3878980     49.06      2556    257300   8777168     31.94   3627000     95188       132      5372
12:53:53 PM   3983556   4026848   3878980     49.06      2556    257300   8777168     31.94   3627000     95188        20      5372
12:53:58 PM   3984112   4027756   3878072     49.05      2556    257652   8777168     31.94   3627008     95540        20      5372
12:54:03 PM   3984112   4027756   3878072     49.05      2556    257764   8777168     31.94   3627008     95540       112      5372
12:54:08 PM   3984112   4027868   3877960     49.05      2556    257764   8777168     31.94   3627008     95652       132      5372
12:54:13 PM   3984112   4027868   3877960     49.05      2556    257764   8777168     31.94   3627008     95652       132      5372
12:54:18 PM   3984112   4027868   3877960     49.05      2556    257764   8777168     31.94   3627008     95652       132      5372
12:54:23 PM   3984112   4027868   3877960     49.05      2556    257764   8777168     31.94   3627008     95652       132      5372
12:54:28 PM   3984112   4027872   3877956     49.05      2556    257768   8777168     31.94   3627008     95656        24      5372
12:54:33 PM   3983860   4027868   3877960     49.05      2556    258072   8777168     31.94   3627008     95904        24      5372
12:54:38 PM   3983860   4028036   3877792     49.05      2556    258184   8777168     31.94   3627008     96072       112      5372
12:54:43 PM   3983860   4028036   3877792     49.05      2556    258184   8777168     31.94   3627008     96072       132      5372
12:54:48 PM   3983860   4028036   3877792     49.05      2556    258184   8777168     31.94   3627008     96072       132      5372
12:54:53 PM   3983860   4028036   3877792     49.05      2556    258184   8777168     31.94   3627008     96072       132      5372
12:54:58 PM   3983860   4028036   3877792     49.05      2556    258184   8777168     31.94   3627008     96072       132      5372
12:55:03 PM   3983860   4028036   3877792     49.05      2556    258184   8777168     31.94   3627008     96072        20      5372
12:55:08 PM   3983104   4027528   3878300     49.06      2556    258536   8777168     31.94   3627008     96320        20      5372
12:55:13 PM   3983104   4027632   3878196     49.05      2556    258648   8777168     31.94   3627008     96424       112      5372
12:55:18 PM   3983104   4027632   3878196     49.05      2556    258648   8777168     31.94   3627008     96424       132      5372
12:55:23 PM   3983104   4027744   3878084     49.05      2556    258648   8777168     31.94   3627008     96536       132      5372
12:55:28 PM   3983104   4027744   3878084     49.05      2556    258652   8777168     31.94   3627008     96536       136      5372
12:55:33 PM   3983104   4027748   3878080     49.05      2556    258652   8777168     31.94   3627008     96540       136      5372
12:55:38 PM   3983104   4027748   3878080     49.05      2556    258652   8777168     31.94   3627008     96540        24      5372
12:55:43 PM   3982852   4027868   3877960     49.05      2556    259084   8777168     31.94   3627008     96912        24      5372
12:55:48 PM   3982348   4027424   3878404     49.06      2556    259196   8777168     31.94   3627008     96972       112      5372
12:55:53 PM   3982348   4027536   3878292     49.06      2556    259196   8777168     31.94   3627008     97084       132      5372
12:55:58 PM   3982348   4027536   3878292     49.06      2556    259196   8777168     31.94   3627008     97084       132      5372
12:56:03 PM   3982348   4027536   3878292     49.06      2556    259196   8777168     31.94   3627008     97084       132      5372
12:56:08 PM   3982348   4027536   3878292     49.06      2556    259200   8777168     31.94   3627008     97084       136      5372
12:56:13 PM   3982348   4027540   3878288     49.06      2556    259200   8777168     31.94   3627008     97088        24      5372
12:56:18 PM   3981592   4027032   3878796     49.06      2556    259568   8777168     31.94   3627008     97336        24      5372
12:56:23 PM   3981592   4027264   3878564     49.06      2556    259680   8777168     31.94   3627008     97568       112      5372
12:56:28 PM   3981592   4027264   3878564     49.06      2556    259680   8777168     31.94   3627008     97568       132      5372
12:56:33 PM   3981592   4027264   3878564     49.06      2556    259680   8777168     31.94   3627008     97568       132      5372
12:56:38 PM   3981592   4027264   3878564     49.06      2556    259680   8777168     31.94   3627008     97568       132      5372
12:56:43 PM   3981592   4027264   3878564     49.06      2556    259680   8777168     31.94   3627008     97568       132      5372
12:56:48 PM   3981592   4027264   3878564     49.06      2556    259680   8777168     31.94   3627008     97568        20      5372
12:56:53 PM   3981592   4027584   3878244     49.06      2556    260000   8777168     31.94   3627008     97888        20      5372
12:56:58 PM   3981340   4027476   3878352     49.06      2556    260192   8777168     31.94   3627008     98032       300      5372
12:57:03 PM   3981340   4027532   3878296     49.06      2556    260200   8777168     31.94   3627008     98088       332      5372
12:57:08 PM   3981340   4027532   3878296     49.06      2556    260232   8777168     31.94   3627008     98088       328      5372
12:57:13 PM   3981340   4027564   3878264     49.06      2556    260232   8777168     31.94   3627008     98120       328      5372
12:57:18 PM   3981340   4027564   3878264     49.06      2556    260232   8777168     31.94   3627008     98120       328      5372
12:57:23 PM   3981340   4027564   3878264     49.06      2556    260232   8777168     31.94   3627008     98120       136      5372
12:57:28 PM   3981088   4027728   3878100     49.05      2556    260696   8777168     31.94   3627008     98536        76      5372
12:57:33 PM   3980584   4027384   3878444     49.06      2556    260808   8777168     31.94   3627008     98696       160      5372
12:57:38 PM   3980584   4027384   3878444     49.06      2556    260808   8777168     31.94   3627008     98696       180      5372
12:57:43 PM   3980584   4027384   3878444     49.06      2556    260808   8777168     31.94   3627008     98696       180      5372
12:57:48 PM   3980584   4027384   3878444     49.06      2556    260808   8777168     31.94   3627008     98696       180      5372
12:57:53 PM   3980584   4027384   3878444     49.06      2556    260808   8777168     31.94   3627008     98696       180      5372
12:57:58 PM   3980584   4027384   3878444     49.06      2556    260808   8777168     31.94   3627008     98696        20      5372
12:58:03 PM   3980332   4027568   3878260     49.06      2556    261244   8777168     31.94   3627008     99132        24      5372
12:58:08 PM   3980332   4027568   3878260     49.06      2556    261356   8777168     31.94   3627008     99132       112      5372
12:58:13 PM   3980332   4027680   3878148     49.05      2556    261356   8777168     31.94   3627008     99244       132      5372
12:58:18 PM   3980332   4027680   3878148     49.05      2556    261356   8777168     31.94   3627008     99244       132      5372
12:58:23 PM   3980332   4027680   3878148     49.05      2556    261356   8777168     31.94   3627008     99244       132      5372
12:58:28 PM   3980332   4027680   3878148     49.05      2556    261356   8777168     31.94   3627008     99244       132      5372
12:58:33 PM   3980332   4027680   3878148     49.05      2556    261356   8777168     31.94   3627008     99244        20      5372
12:58:38 PM   3980080   4027800   3878028     49.05      2556    261740   8777168     31.94   3627008     99616        20      5372
12:58:43 PM   3979828   4027548   3878280     49.06      2556    261852   8777168     31.94   3627008     99616       112      5372
12:58:48 PM   3979828   4027672   3878156     49.05      2556    261852   8777168     31.94   3627008     99740       132      5372
12:58:53 PM   3979828   4027672   3878156     49.05      2556    261852   8777168     31.94   3627008     99740       132      5372
12:58:58 PM   3979576   4027416   3878412     49.06      2556    261852   8777168     31.94   3626892     99740       132      5372
12:59:03 PM   3979576   4027416   3878412     49.06      2556    261852   8777168     31.94   3626892     99740       132      5372
12:59:08 PM   3979576   4027420   3878408     49.06      2556    261852   8777168     31.94   3627004     99740        20      5372
12:59:13 PM   3979324   4027416   3878412     49.06      2556    262176   8777168     31.94   3627004     99988        24      5372
12:59:18 PM   3978820   4026988   3878840     49.06      2556    262288   8777168     31.94   3627004    100064       112      5372
12:59:23 PM   3978820   4026988   3878840     49.06      2556    262288   8777168     31.94   3627004    100064       132      5372
12:59:28 PM   3978820   4027100   3878728     49.06      2556    262288   8777168     31.94   3627004    100176       132      5372
12:59:33 PM   3978820   4027100   3878728     49.06      2556    262288   8777168     31.94   3627004    100176       132      5372
12:59:38 PM   3978820   4027100   3878728     49.06      2556    262288   8777168     31.94   3627004    100176       132      5372
12:59:43 PM   3978820   4027100   3878728     49.06      2556    262288   8777168     31.94   3627004    100176        20      5372
12:59:48 PM   3978820   4027348   3878480     49.06      2556    262656   8777168     31.94   3627004    100424        20      5372
12:59:53 PM   3978820   4027356   3878472     49.06      2556    262768   8777168     31.94   3627004    100424       112      5372
12:59:58 PM   3978820   4027588   3878240     49.06      2556    262768   8777168     31.94   3627004    100656       132      5372
01:00:03 PM   3978820   4027588   3878240     49.06      2556    262768   8777168     31.94   3627004    100656       132      5372
01:00:08 PM   3978820   4027588   3878240     49.06      2556    262768   8777168     31.94   3627004    100656       132      5372
01:00:13 PM   3978820   4027588   3878240     49.06      2556    262768   8777168     31.94   3627004    100656       132      5372
01:00:18 PM   3978820   4027588   3878240     49.06      2556    262768   8777168     31.94   3627008    100656        20      5372
01:00:23 PM   3978568   4027584   3878244     49.06      2556    263088   8777168     31.94   3627008    100904        20      5372
01:00:28 PM   3978568   4027768   3878060     49.05      2556    263200   8777168     31.94   3627008    101088       112      5372
01:00:33 PM   3978568   4027768   3878060     49.05      2556    263200   8777168     31.94   3627008    101088       132      5372
01:00:38 PM   3978568   4027772   3878056     49.05      2556    263204   8777168     31.94   3627008    101092       136      5372
01:00:43 PM   3978568   4027772   3878056     49.05      2556    263212   8777168     31.94   3627008    101092       144      5372
01:00:48 PM   3978568   4027780   3878048     49.05      2556    263212   8777168     31.94   3627008    101100       144      5372
01:00:53 PM   3978396   4027608   3878220     49.06      2556    263212   8777168     31.94   3627008    101100        32      5372
01:00:58 PM   3978064   4027648   3878180     49.05      2556    263584   8777168     31.94   3627008    101472        36      5372
01:01:03 PM   3978064   4027648   3878180     49.05      2556    263696   8777168     31.94   3627008    101472       112      5372
01:01:08 PM   3978064   4027760   3878068     49.05      2556    263696   8777168     31.94   3627008    101584       132      5372
01:01:13 PM   3978064   4027760   3878068     49.05      2556    263696   8777168     31.94   3627008    101584       132      5372
01:01:18 PM   3978064   4027760   3878068     49.05      2556    263696   8777168     31.94   3627008    101584       132      5372
01:01:23 PM   3978064   4027760   3878068     49.05      2556    263696   8777168     31.94   3627008    101584       132      5372
01:01:28 PM   3978064   4027760   3878068     49.05      2556    263696   8777168     31.94   3627008    101584        20      5372
01:01:33 PM   3977308   4027252   3878576     49.06      2556    264016   8777168     31.94   3627008    101832        20      5372
01:01:38 PM   3977056   4027184   3878644     49.06      2556    264128   8777168     31.94   3627008    102016       116      5372
01:01:43 PM   3977056   4027184   3878644     49.06      2556    264128   8777168     31.94   3627008    102016       132      5372
01:01:48 PM   3977056   4027184   3878644     49.06      2556    264128   8777168     31.94   3627008    102016       132      5372
01:01:53 PM   3977056   4027184   3878644     49.06      2556    264128   8777168     31.94   3627008    102016       132      5372
01:01:58 PM   3977056   4027264   3878564     49.06      2556    264208   8777168     31.94   3627008    102096       320      5372
01:02:03 PM   3977056   4027264   3878564     49.06      2556    264256   8777168     31.94   3627008    102096       176      5372
01:02:08 PM   3976804   4027536   3878292     49.06      2556    264864   8777168     31.94   3627008    102620       100      5372
01:02:13 PM   3976804   4027668   3878160     49.05      2556    264980   8777168     31.94   3627008    102752       192      5372
01:02:18 PM   3976804   4027716   3878112     49.05      2556    265012   8777168     31.94   3627008    102800       316      5372
01:02:23 PM   3976804   4027816   3878012     49.05      2556    265012   8777168     31.94   3627008    102900       316      5372
01:02:28 PM   3976804   4027816   3878012     49.05      2556    265012   8777168     31.94   3627008    102900       212      5372
01:02:33 PM   3976804   4027816   3878012     49.05      2556    265012   8777168     31.94   3627008    102900        20      5372
01:02:38 PM   3976048   4027432   3878396     49.06      2556    265492   8777168     31.94   3627008    103272        20      5372
01:02:43 PM   3976048   4027540   3878288     49.06      2556    265492   8777168     31.94   3627008    103380        20      5372
01:02:48 PM   3975796   4027288   3878540     49.06      2556    265604   8777168     31.94   3627008    103380       112      5372
01:02:53 PM   3975796   4027400   3878428     49.06      2556    265604   8777168     31.94   3627008    103492       132      5372
01:02:58 PM   3975796   4027400   3878428     49.06      2556    265604   8777168     31.94   3627008    103492       132      5372
01:03:03 PM   3975796   4027400   3878428     49.06      2556    265604   8777168     31.94   3627008    103492       132      5372
01:03:08 PM   3975796   4027400   3878428     49.06      2556    265604   8777168     31.94   3627008    103492        20      5372
01:03:13 PM   3975796   4027404   3878424     49.06      2556    265608   8777168     31.94   3627008    103496        24      5372
01:03:18 PM   3975544   4027524   3878304     49.06      2556    266072   8777168     31.94   3627008    103868        24      5372
01:03:23 PM   3975544   4027728   3878100     49.05      2556    266184   8777168     31.94   3627008    104072       112      5372
01:03:28 PM   3975544   4027728   3878100     49.05      2556    266184   8777168     31.94   3627008    104072       132      5372
01:03:33 PM   3975544   4027728   3878100     49.05      2556    266184   8777168     31.94   3627008    104072       132      5372
01:03:38 PM   3975544   4027728   3878100     49.05      2556    266184   8777168     31.94   3627008    104072       132      5372
01:03:43 PM   3975544   4027728   3878100     49.05      2556    266184   8777168     31.94   3627008    104072       132      5372
01:03:48 PM   3975544   4027728   3878100     49.05      2556    266184   8777168     31.94   3627008    104072        20      5372
01:03:53 PM   3974788   4027292   3878536     49.06      2556    266504   8777168     31.94   3627008    104392        20      5372
01:03:58 PM   3974788   4027292   3878536     49.06      2556    266616   8777168     31.94   3627008    104392       112      5372
01:04:03 PM   3974284   4026900   3878928     49.06      2556    266616   8777168     31.94   3627016    104504       132      5372
01:04:08 PM   3974284   4026900   3878928     49.06      2556    266616   8777168     31.94   3627016    104504       132      5372
01:04:13 PM   3974284   4026900   3878928     49.06      2556    266616   8777168     31.94   3627016    104504       132      5372
01:04:18 PM   3974284   4026900   3878928     49.06      2556    266616   8777168     31.94   3627016    104504       132      5372
01:04:23 PM   3974284   4026900   3878928     49.06      2556    266620   8777168     31.94   3627016    104504        24      5372
01:04:28 PM   3974284   4027272   3878556     49.06      2556    266992   8777168     31.94   3627016    104876        28      5372
01:04:33 PM   3974032   4027136   3878692     49.06      2556    267104   8777168     31.94   3627016    104992       112      5372
01:04:38 PM   3974032   4027136   3878692     49.06      2556    267104   8777168     31.94   3627016    104992       132      5372
01:04:43 PM   3974032   4027136   3878692     49.06      2556    267104   8777168     31.94   3627016    104992       132      5372
01:04:48 PM   3974032   4027136   3878692     49.06      2556    267104   8777168     31.94   3627016    104992       132      5372
01:04:53 PM   3974032   4027136   3878692     49.06      2556    267104   8777168     31.94   3627016    104992       132      5372
01:04:58 PM   3974032   4027136   3878692     49.06      2556    267104   8777168     31.94   3627016    104992        20      5372
01:05:03 PM   3973780   4027268   3878560     49.06      2556    267488   8777168     31.94   3627016    105376        20      5372
01:05:08 PM   3973780   4027268   3878560     49.06      2556    267600   8777168     31.94   3627016    105376       112      5372
01:05:13 PM   3973780   4027268   3878560     49.06      2556    267600   8777168     31.94   3627016    105376       132      5372
01:05:18 PM   3973780   4027380   3878448     49.06      2556    267604   8777168     31.94   3627016    105488       136      5372
01:05:23 PM   3973780   4027380   3878448     49.06      2556    267604   8777168     31.94   3627016    105488       136      5372
01:05:28 PM   2289472   2343076   5562752     70.36      2556    267604   8777168     31.94   5304408    105492       136      5372
01:05:33 PM   2289472   2343076   5562752     70.36      2556    267604   8777168     31.94   5304448    105492        24      5372
01:05:38 PM   2289220   2343196   5562632     70.36      2556    267988   8777168     31.94   5304448    105864        24      5372
01:05:43 PM   2288716   2342704   5563124     70.37      2556    268100   8777168     31.94   5304448    105876       112      5372
01:05:48 PM   2288464   2342568   5563260     70.37      2556    268104   8777168     31.94   5304448    105992       136      5372
01:05:53 PM   2288464   2342568   5563260     70.37      2556    268104   8777168     31.94   5304448    105992       136      5372
01:05:58 PM    609420    663524   7242304     91.61      2556    268104   8777168     31.94   6980344    105992       136      5372
01:06:03 PM    609420    663524   7242304     91.61      2556    268104   8777168     31.94   6980344    105992       136      5372
01:06:08 PM    609420    663524   7242304     91.61      2556    268104   8777168     31.94   6980436    105992        24      5372
01:06:13 PM    609420    663772   7242056     91.60      2556    268424   8777168     31.94   6980436    106240        24      5372
01:06:18 PM    609168    663592   7242236     91.61      2556    268536   8777168     31.94   6980436    106312       112      5372
01:06:23 PM    609168    663592   7242236     91.61      2556    268536   8777168     31.94   6980436    106312       132      5372
01:06:28 PM    120520     48156   7857672     99.39        20    115632   8777168     31.94   5739964   1858072       132      5356
01:06:33 PM    221100    148172   7757656     98.13        20    114564   8777168     31.94   5740380   1741844       132      5356
01:06:38 PM    220876    148016   7757812     98.13        20    114564   8777168     31.94   5740540   1741844       132      5356
01:06:43 PM    219852    146992   7758836     98.14        20    114664   8777168     31.94   5740540   1741844        20      5356
01:06:48 PM    218380    145756   7760072     98.16        32    115144   8777168     31.94   5740604   1742252        20      5356
01:06:53 PM    218156    145584   7760244     98.16        32    115256   8777168     31.94   5740604   1742360       112      5356
01:06:58 PM    218156    145884   7759944     98.15        32    115776   8777168     31.94   5740996   1742564       320      5356
01:07:03 PM    218156    145884   7759944     98.15        32    115776   8777168     31.94   5740996   1742564       320      5356
01:07:08 PM    218156    145908   7759920     98.15        32    115776   8777168     31.94   5741004   1742612       320      5356
01:07:13 PM    218156    145908   7759920     98.15        32    115776   8777168     31.94   5741004   1742612       320      5356
01:07:18 PM    218156    145948   7759880     98.15        32    115856   8777168     31.94   5741004   1742692        20      5356
01:07:23 PM    218156    146072   7759756     98.15        32    116304   8777168     31.94   5741004   1742940        20      5356
01:07:28 PM    161228     88824   7817004     98.88        32    115464   8777168     31.94   6534816   1004936       112      5356
01:07:33 PM    161228     88824   7817004     98.88        32    115468   8777168     31.94   6534816   1004936       136      5356
01:07:38 PM    161228     88824   7817004     98.88        32    115468   8777168     31.94   6534816   1004940       136      5356
01:07:43 PM    161228     88824   7817004     98.88        32    115468   8777168     31.94   6534816   1004940       136      5356
01:07:48 PM    161228     88824   7817004     98.88        32    115468   8777168     31.94   6534816   1004940       136      5356
01:07:53 PM    161228     88824   7817004     98.88        32    115468   8777168     31.94   6534816   1004940        24      5356
01:07:58 PM    134076     24100   7881728     99.70        32     39888   8777168     31.94   5082680   2486768         0      4336
01:08:03 PM    134076     24160   7881668     99.69        32     40004   8777168     31.94   5082800   2486772        20      4336
01:08:08 PM    124120     18220   7887608     99.77        32     47828   8777168     31.94   5092264   2486088        20      4336
01:08:13 PM    124120     18220   7887608     99.77        32     47836   8777168     31.94   5092264   2486088        28      4336
01:08:18 PM    201240    105356   7800472     98.67        32     68116   8777168     31.94   5114288   2383644       112      4336
01:08:23 PM    200444    105120   7800708     98.67        32     69128   8777168     31.94   5115404   2383696       136      4336
01:08:28 PM    118028     23004   7882824     99.71        32     69576   8777168     31.94   6069720   1512232       136      4336
01:08:33 PM    118028     23004   7882824     99.71        32     69576   8777168     31.94   6069720   1512232       136      4336
01:08:38 PM    209536    114512   7791316     98.55        32     69688   8777168     31.94   6106404   1393524       132      4336
01:08:43 PM    209312    114288   7791540     98.55        32     69688   8777168     31.94   6106404   1393524       132      4336
01:08:48 PM    204964    110116   7795712     98.61        32     69928   8777168     31.94   6106952   1393796        20      4336
01:08:53 PM    204712    110112   7795716     98.61        32     70476   8777168     31.94   6107448   1393796        20      4336
01:08:58 PM    200616    106040   7799788     98.66        32     70476   8777168     31.94   6108040   1393704        20      4336
01:09:03 PM    187536     98180   7807648     98.76        32     80940   8777168     31.94   6121164   1393016        20      4336
01:09:08 PM    183440     94136   7811692     98.81        32     81064   8777168     31.94   6121936   1393016        20      4336
01:09:13 PM    183188     93912   7811916     98.81        32     81176   8777168     31.94   6121980   1392940       112      4336
01:09:18 PM    183188     93912   7811916     98.81        32     81176   8777168     31.94   6121980   1392940       132      4336
01:09:23 PM    182368     93148   7812680     98.82        32     81176   8777168     31.94   6122520   1392976       132      4336
01:09:28 PM    129064     37912   7867916     99.52        32     77452   8777168     31.94   4964800   2614552       132      4336
01:09:33 PM    127804     36700   7869128     99.54        32     77548   8777168     31.94   4965008   2614552       132      4336
01:09:38 PM    127804     36700   7869128     99.54        32     77548   8777168     31.94   4965008   2614552       132      4336
01:09:43 PM    127804     36764   7869064     99.53        32     77868   8777168     31.94   4965008   2614676        20      4336
01:09:48 PM    127564     36648   7869180     99.54        32     77980   8777168     31.94   4965008   2614924       112      4336
01:09:53 PM    127564     36676   7869152     99.54        32     77980   8777168     31.94   4965008   2614984       132      4336
01:09:58 PM    190956    100164   7805664     98.73        32     78288   8777168     31.94   5746332   1773988       132      4336
01:10:03 PM    186608     95876   7809952     98.79        32     78288   8777168     31.94   5746888   1773800       132      4336
01:10:08 PM    186608     95876   7809952     98.79        32     78288   8777168     31.94   5746888   1773800       132      4336
01:10:13 PM    181348     90616   7815212     98.85        32     78288   8777168     31.94   5748852   1773188        20      4336
01:10:18 PM    181816     91208   7814620     98.85        32     78656   8777168     31.94   5748852   1773436        20      4336
01:10:23 PM    179644     89152   7816676     98.87        32     78768   8777168     31.94   5750524   1773108       112      4336
01:10:28 PM    169944     63848   7841980     99.19        20     44616   8777168     31.94   2607380   4934868       132       136
01:10:33 PM    157468     52980   7852848     99.33        20     47828   8777168     31.94   2616820   4929356       132       136
01:10:38 PM    157468     52980   7852848     99.33        20     47828   8777168     31.94   2616820   4929356       132       136
01:10:43 PM    157468     52980   7852848     99.33        20     47828   8777168     31.94   2618868   4927528       132       136
01:10:48 PM    157468     52980   7852848     99.33        20     47828   8777168     31.94   2618868   4927528        20       136
01:10:53 PM    156912     52652   7853176     99.33        32     48276   8777168     31.94   2619796   4927056        20       136
01:10:58 PM    156660     52620   7853208     99.33        32     48884   8777168     31.94   2620300   4927060       112       136
01:11:03 PM    156660     52708   7853120     99.33        32     48884   8777168     31.94   2620580   4927060       132       136
01:11:08 PM    156660     52708   7853120     99.33        32     48884   8777168     31.94   2620580   4927060       132       136
01:11:13 PM    156660     52708   7853120     99.33        32     48884   8777168     31.94   2620580   4927060       132       136
01:11:18 PM    156660     52708   7853120     99.33        32     48884   8777168     31.94   2620580   4927060       132       136
01:11:23 PM    156660     52708   7853120     99.33        32     48888   8777168     31.94   2620580   4927064        24       136
01:11:28 PM    167340     63596   7842232     99.20        32     49364   8777168     31.94   3559496   3978852       112       136
01:11:33 PM    164976     61268   7844560     99.23        32     49372   8777168     31.94   3561564   3977956       132       136
01:11:38 PM    164812     61104   7844724     99.23        32     49372   8777168     31.94   3561564   3977956       132       136
01:11:43 PM    152420     56056   7849772     99.29        32     64068   8777168     31.94   3578432   3976956       132       136
01:11:48 PM    152196     55836   7849992     99.29        32     64068   8777168     31.94   3578464   3976956       132       136
01:11:53 PM    147588     51260   7854568     99.35        32     64132   8777168     31.94   3580140   3976212       140       136
01:11:58 PM    124272     32424   7873404     99.59        32     73160   8777168     31.94   5988992   1594756         0       136
01:12:03 PM    124272     32584   7873244     99.59        32     73452   8777168     31.94   5989368   1594896       172       136
01:12:08 PM    124020     32472   7873356     99.59        32     73748   8777168     31.94   5989636   1594928       204       136
01:12:13 PM    124020     32480   7873348     99.59        32     73748   8777168     31.94   5989648   1594928       204       136
01:12:18 PM    124020     32512   7873316     99.59        32     73812   8777168     31.94   5989684   1594992       100       136
01:12:23 PM    121500     29992   7875836     99.62        32     73812   8777168     31.94   5991780   1594992       100       136
01:12:28 PM    152848     61432   7844396     99.22        32     74108   8777168     31.94   6591456    963620        32       136
01:12:33 PM    152596     61416   7844412     99.22        32     74472   8777168     31.94   6591472    964104        20       136
01:12:38 PM    152596     61416   7844412     99.22        32     74472   8777168     31.94   6591472    964104        20       136
01:12:43 PM    152596     61416   7844412     99.22        32     74472   8777168     31.94   6591472    964104        20       136
01:12:48 PM    152596     61416   7844412     99.22        32     74472   8777168     31.94   6591476    964104        20       136
01:12:53 PM    152596     61416   7844412     99.22        32     74472   8777168     31.94   6591476    964104        20       136
01:12:58 PM    152596     61416   7844412     99.22        32     74472   8777168     31.94   6591476    964104        20       136
01:13:03 PM    152092     60912   7844916     99.23        32     74584   8777168     31.94   6591476    964104       112       136
01:13:08 PM    152092     60968   7844860     99.23        32     74584   8777168     31.94   6591516    964216       132       136
01:13:13 PM    152092     60968   7844860     99.23        32     74584   8777168     31.94   6591516    964216       132       136
01:13:18 PM    151084     60268   7845560     99.24        32     75200   8777168     31.94   6592144    964216       132       136
01:13:23 PM    151084     60268   7845560     99.24        32     75200   8777168     31.94   6592144    964216       132       136
01:13:28 PM    190032     92192   7813636     98.83        32     61324   8777168     31.94   1978304   5542948         0       132
01:13:33 PM    189024     91364   7814464     98.84        32     61708   8777168     31.94   1978316   5543308        24       132
01:13:38 PM    180580     82980   7822848     98.95        32     61708   8777168     31.94   1979928   5542596        24       132
01:13:43 PM    180076     82476   7823352     98.96        32     61708   8777168     31.94   1979928   5542596        24       132
01:13:48 PM    176924     79324   7826504     99.00        32     61708   8777168     31.94   1981856   5541568        24       132
01:13:53 PM    176924     79324   7826504     99.00        32     61708   8777168     31.94   1981856   5541568        24       132
01:13:58 PM    176408     72348   7833480     99.08        32     48784   8777168     31.94   2046360   5476328       112       132
01:14:03 PM    171612     68156   7837672     99.14        32     50000   8777168     31.94   2050732   5473084       132       132
01:14:08 PM    210168    106716   7799112     98.65        32     50004   8777168     31.94   2061344   5423072       136       132
01:14:13 PM    247444    143992   7761836     98.18        32     50004   8777168     31.94   2061344   5380064       136       132
01:14:18 PM    269324    165900   7739928     97.90        32     50056   8777168     31.94   2060396   5357444       136       132
01:14:23 PM    265728    168044   7737784     97.87        32     61592   8777168     31.94   2074608   5345160       140       132
01:14:28 PM    195832     96432   7809396     98.78        32     58332   8777168     31.94   2661936   4834784        28       132
01:14:33 PM    195832     95716   7810112     98.79        32     56784   8777168     31.94   2661940   4829256       112       132
01:14:38 PM    183544     83484   7822344     98.94        32     56784   8777168     31.94   2668920   4823412       132       132
01:14:43 PM    183544     83484   7822344     98.94        32     56784   8777168     31.94   2668920   4823412       132       132
01:14:48 PM    187492     87432   7818396     98.89        32     56784   8777168     31.94   2672056   4820700       132       132
01:14:53 PM    187492     87432   7818396     98.89        32     56784   8777168     31.94   2672056   4820700       132       132
01:14:58 PM    208448     92348   7813480     98.83        32     24724   8777168     31.94   5700044   1794964       132       132
01:15:03 PM    192572     78332   7827496     99.01        32     28608   8777168     31.94   5703624   1795104        20       132
01:15:08 PM    192348     78248   7827580     99.01        32     28720   8777168     31.94   5703768   1795284       112       132
01:15:13 PM    192348     78248   7827580     99.01        32     28720   8777168     31.94   5703768   1795284       132       132
01:15:18 PM    183024     73448   7832380     99.07        32     37984   8777168     31.94   5712824   1795284       132       132
01:15:23 PM    183024     73448   7832380     99.07        32     37984   8777168     31.94   5712824   1795284       132       132
01:15:28 PM    182876     71924   7833904     99.09        32     35020   8777168     31.94   4284188   3229356       132       132
01:15:33 PM    182876     71924   7833904     99.09        32     35032   8777168     31.94   4284192   3229356       132       132
01:15:38 PM    187156     76448   7829380     99.03        32     35624   8777168     31.94   4288912   3224196       112       132
01:15:43 PM    186932     76224   7829604     99.04        32     35624   8777168     31.94   4288912   3224196       132       132
01:15:48 PM    203704     92996   7812832     98.82        32     35624   8777168     31.94   4291768   3216628       132       132
01:15:53 PM    203116     92452   7813376     98.83        32     35600   8777168     31.94   4291864   3216620       132       132
01:15:58 PM    113404      2772   7903056     99.96        32     35660   8777168     31.94   4380404   3216620       132       132
01:16:03 PM    113404      2772   7903056     99.96        32     35660   8777168     31.94   4380404   3216620       132       132
01:16:08 PM    113404      2832   7902996     99.96        32     35884   8777168     31.94   4380408   3216740        20       132
01:16:13 PM    112648      2136   7903692     99.97        32     36000   8777168     31.94   4380408   3216864       112       132
01:16:18 PM    112648      2136   7903692     99.97        32     36000   8777168     31.94   4380408   3216864       132       132
01:16:23 PM    145900     36556   7869272     99.54        32     38256   8777168     31.94   4510184   3052480       132       132
01:16:28 PM    115404    115404   7790424     98.54        32     23812   8777168     31.94   3419636   4163840       132       128
01:16:33 PM    115272      1188   7904640     99.98        32     28856   8777168     31.94   3424840   4163788       132       128
01:16:38 PM    115272      1188   7904640     99.98        32     28856   8777168     31.94   3424840   4163788       132       128
01:16:43 PM    213804    105836   7799992     98.66        32     40988   8777168     31.94   4483464   3003124        20       128
01:16:48 PM    213580    105612   7800216     98.66        32     41100   8777168     31.94   4483492   3003124       112       128
01:16:53 PM    212572    105820   7800008     98.66        32     43468   8777168     31.94   4485876   3003236       132       128
01:16:58 PM    195200     92764   7813064     98.83        32     52056   8777168     31.94   3350804   4162496       112       132
01:17:03 PM    194708     92444   7813384     98.83        32     52400   8777168     31.94   3351104   4162596       316       132
01:17:08 PM    194708     92444   7813384     98.83        32     52404   8777168     31.94   3351132   4162596       320       132
01:17:13 PM    194708     92444   7813384     98.83        32     52400   8777168     31.94   3351152   4162596       316       132
01:17:18 PM    193964     91892   7813936     98.84        32     52832   8777168     31.94   3351160   4162980       124       132
01:17:23 PM    194988     92940   7812888     98.82        32     52832   8777168     31.94   3351160   4163028       124       132
01:17:28 PM    178088     78484   7827344     99.01        32     57792   8777168     31.94   4257924   3271008       128       132
01:17:33 PM    165016     65500   7840328     99.17        32     57904   8777168     31.94   4259448   3270736       112       132
01:17:38 PM    165016     65500   7840328     99.17        32     57904   8777168     31.94   4259448   3270736       132       132
01:17:43 PM    162664     63148   7842680     99.20        32     57904   8777168     31.94   4265228   3266092       132       132
01:17:48 PM    162708     63316   7842512     99.20        32     58240   8777168     31.94   4265328   3266108        20       132
01:17:53 PM    160632     61240   7844588     99.23        32     58240   8777168     31.94   4278624   3253380        20       132
01:17:58 PM    185436     74740   7831088     99.05        32     35536   8777168     31.94   3307820   4212480        20       132
01:18:03 PM    185184     74488   7831340     99.06        32     35536   8777168     31.94   3308000   4212480        20       132
01:18:08 PM    184960     74264   7831564     99.06        32     35648   8777168     31.94   3308000   4212480       112       132
01:18:13 PM    184960     74264   7831564     99.06        32     35648   8777168     31.94   3308000   4212480       132       132
01:18:18 PM    160544     57704   7848124     99.27        32     51304   8777168     31.94   3323996   4212648       132       132
01:18:23 PM    159788     57088   7848740     99.28        32     51544   8777168     31.94   3327332   4212648       132       132
01:18:28 PM    179268     66112   7839716     99.16        32     30696   8777168     31.94   4560688   2967388       132       132
01:18:33 PM    170876     60768   7845060     99.23        32     36820   8777168     31.94   4567036   2967388       132       132
01:18:38 PM    169112     59552   7846276     99.25        32     37940   8777168     31.94   4567304   2968340        20       132
01:18:43 PM    169112     59572   7846256     99.25        32     38052   8777168     31.94   4567304   2968380       112       132
01:18:48 PM    169112     59676   7846152     99.25        32     38056   8777168     31.94   4567304   2968584       136       132
01:18:53 PM    169112     59676   7846152     99.25        32     38056   8777168     31.94   4567304   2968584       136       132
01:18:58 PM    128856     19420   7886408     99.75        32     38228   8777168     31.94   4603260   2968584       136       132
01:19:03 PM    154380     51452   7854376     99.35        32     51380   8777168     31.94   4660572   2884052       136       132
01:19:08 PM    154608     51828   7854000     99.34        32     51364   8777168     31.94   4661140   2883824       136       132
01:19:13 PM    154104     51448   7854380     99.35        32     51780   8777168     31.94   4661140   2884072        24       132
01:19:18 PM    154104     51536   7854292     99.35        32     51900   8777168     31.94   4661140   2884248       112       132
01:19:23 PM    154104     51536   7854292     99.35        32     51900   8777168     31.94   4661140   2884248       132       132
01:19:28 PM    221268    117288   7788540     98.52        32     48968   8777168     31.94   4860988   2626256       132       132
01:19:33 PM    219756    115776   7790052     98.54        32     48968   8777168     31.94   4861032   2626256       132       132
01:19:38 PM    215364    111384   7794444     98.59        32     48968   8777168     31.94   4862660   2623676       132       132
01:19:43 PM    210932    106952   7798876     98.65        32     48968   8777168     31.94   4862664   2623676        20       132
01:19:48 PM    221096    117492   7788336     98.51        32     49720   8777168     31.94   4866824   2614940        20       132
01:19:53 PM    216436    112888   7792940     98.57        32     49832   8777168     31.94   4866848   2615052       112       132
01:19:58 PM    198704     84928   7820900     98.93        20     30540   8777168     31.94   2402512   5109484       132       128
01:20:03 PM    190388     78344   7827484     99.01        20     34140   8777168     31.94   2405996   5109484       132       128
01:20:08 PM    190388     78344   7827484     99.01        20     34140   8777168     31.94   2405996   5109484       132       128
01:20:13 PM    190388     78344   7827484     99.01        20     34140   8777168     31.94   2405996   5109484       132       128
01:20:18 PM    189884     77848   7827980     99.02        20     34140   8777168     31.94   2406036   5109500        20       128
01:20:23 PM    172244     66380   7839448     99.16        32     46364   8777168     31.94   2421256   5109916        20       128
01:20:28 PM    175380     63620   7842208     99.20        32     34852   8777168     31.94   3053180   4480008       112       128
01:20:33 PM    158748     51520   7854308     99.35        32     44016   8777168     31.94   3062236   4480016       132       128
01:20:38 PM    158244     53496   7852332     99.32        32     48956   8777168     31.94   3067188   4480024       132       128
01:20:43 PM    158244     53496   7852332     99.32        32     48960   8777168     31.94   3067188   4480024       136       128
01:20:48 PM    149184     47004   7858824     99.41        32     54040   8777168     31.94   3072332   4480032       136       128
01:20:53 PM    149184     47004   7858824     99.41        32     54040   8777168     31.94   3072332   4480032        24       128
01:20:58 PM    176432     71484   7834344     99.10        32     48572   8777168     31.94   2907976   4620480       128       128
01:21:03 PM    176432     71556   7834272     99.09        32     48572   8777168     31.94   2908224   4620504       148       128
01:21:08 PM    176208     71332   7834496     99.10        32     48572   8777168     31.94   2908260   4620504       148       128
01:21:13 PM    176208     71332   7834496     99.10        32     48572   8777168     31.94   2908308   4620504       148       128
01:21:18 PM    176208     71332   7834496     99.10        32     48572   8777168     31.94   2908316   4620504       148       128
01:21:23 PM    176208     71336   7834492     99.10        32     48576   8777168     31.94   2908328   4620508       152       128
01:21:28 PM    122280     17752   7888076     99.78        32     49292   8777168     31.94   2961496   4620912        24       128
01:21:33 PM    127004     22544   7883284     99.71        32     49404   8777168     31.94   2967648   4613608       112       128
01:21:38 PM    126608     22148   7883680     99.72        32     49404   8777168     31.94   2967648   4613608       132       128
01:21:43 PM    116928     15220   7890608     99.81        32     54908   8777168     31.94   2983052   4602916       132       128
01:21:48 PM    116288     14772   7891056     99.81        32     55288   8777168     31.94   2983756   4602936       132       128
01:21:53 PM    128672     28308   7877520     99.64        32     57596   8777168     31.94   2994500   4587344       132       128
01:21:58 PM    161296     63764   7842064     99.19        32     63340   8777168     31.94   3239104   4304588       320       128
01:22:03 PM    156120     58876   7846952     99.26        32     63900   8777168     31.94   3260736   4284352       180       128
01:22:08 PM    155392     58156   7847672     99.26        32     64064   8777168     31.94   3260800   4284372       164       128
01:22:13 PM    162056     64940   7840888     99.18        32     64092   8777168     31.94   3269348   4276624       212       128
01:22:18 PM    161500     64384   7841444     99.19        32     64092   8777168     31.94   3269348   4276624       212       128
01:22:23 PM    164876     67760   7838068     99.14        32     64092   8777168     31.94   3270848   4276500       212       128
01:22:28 PM    158616     50320   7855508     99.36        24     41980   8777168     31.94   5144096   2402844       100       128
01:22:33 PM    152484     45064   7860764     99.43        32     43752   8777168     31.94   5147280   2403316        20       128
01:22:38 PM    152260     44840   7860988     99.43        32     43752   8777168     31.94   5147280   2403316        20       128
01:22:43 PM    152260     44840   7860988     99.43        32     43864   8777168     31.94   5147288   2403316       112       128
01:22:48 PM    150496     43764   7862064     99.45        32     45276   8777168     31.94   5148660   2403332       132       128
01:22:53 PM    150496     43764   7862064     99.45        32     45276   8777168     31.94   5148660   2403332       132       128
01:22:58 PM    140332     24152   7881676     99.69        32     26360   8777168     31.94   2409776   5157148       132       128
01:23:03 PM    140332     24260   7881568     99.69        32     26492   8777168     31.94   2409884   5157288       140       128
01:23:08 PM    140332     24260   7881568     99.69        32     26492   8777168     31.94   2409884   5157288       140       128
01:23:13 PM    140080     24128   7881700     99.69        32     26876   8777168     31.94   2409924   5157496        28       128
01:23:18 PM    206580    104392   7801436     98.68        32     54508   8777168     31.94   2438236   5055272       112       128
01:23:23 PM    206356    104168   7801660     98.68        32     54516   8777168     31.94   2438236   5055272       132       128
01:23:28 PM    128696     25048   7880780     99.68        32     51592   8777168     31.94   4248160   3323484       132       128
01:23:33 PM    128856     25364   7880464     99.68        32     51720   8777168     31.94   4248592   3323460       136       128
01:23:38 PM    122488     19052   7886776     99.76        32     51720   8777168     31.94   4250224   3322488       136       128
01:23:43 PM    122488     19052   7886776     99.76        32     51720   8777168     31.94   4250224   3322488       136       128
01:23:48 PM    133792     30472   7875356     99.61        32     52064   8777168     31.94   4254192   3317904       112       128
01:23:53 PM    133792     30472   7875356     99.61        32     52064   8777168     31.94   4254192   3317904       132       128
01:23:58 PM    122868     17428   7888400     99.78        32     47832   8777168     31.94   5360056   2211092        24       128
01:24:03 PM    183332     83304   7822524     98.95        32     58776   8777168     31.94   5417888   2093508        20       128
01:24:08 PM    182796     82996   7822832     98.95        32     58992   8777168     31.94   5418724   2093432        20       128
01:24:13 PM    182796     82996   7822832     98.95        32     58992   8777168     31.94   5418724   2093432        20       128
01:24:18 PM    182796     83140   7822688     98.95        32     59280   8777168     31.94   5418724   2093720        20       128
01:24:23 PM    179772     80996   7824832     98.98        32     61044   8777168     31.94   5423520   2093720        20       128
01:24:28 PM    109092      7984   7897844     99.90        24     56500   8777168     31.94   2696564   4892852       112       128
01:24:33 PM    197344     94756   7811072     98.80        24     53484   8777168     31.94   1256512   6253792       132       128
01:24:38 PM    197120     94560   7811268     98.80        24     53484   8777168     31.94   1256632   6253792       132       128
01:24:43 PM    197120     94560   7811268     98.80        24     53484   8777168     31.94   1256632   6253792       132       128
01:24:48 PM    197120     94560   7811268     98.80        24     53484   8777168     31.94   1256688   6253792       132       128
01:24:53 PM    197120     94560   7811268     98.80        24     53484   8777168     31.94   1256688   6253792       132       128
01:24:58 PM    148920     45924   7859904     99.42        24     52804   8777168     31.94   1752208   5806956       132       128
01:25:03 PM    148532     45760   7860068     99.42        32     53220   8777168     31.94   1752436   5807212         0       128
01:25:08 PM    148532     45844   7859984     99.42        32     53220   8777168     31.94   1752552   5807380        20       128
01:25:13 PM    148532     45844   7859984     99.42        32     53220   8777168     31.94   1752552   5807380        20       128
01:25:18 PM    148532     45844   7859984     99.42        32     53220   8777168     31.94   1752644   5807380        20       128
01:25:23 PM    148532     45844   7859984     99.42        32     53220   8777168     31.94   1752668   5807380        20       128
01:25:28 PM    129928      9900   7895928     99.87        20     18636   8777168     31.94   3394292   4186952        20       128
01:25:33 PM    192340     72780   7833048     99.08        20     19564   8777168     31.94   3722760   3791024        20       128
01:25:38 PM    179892     60448   7845380     99.24        20     19724   8777168     31.94   3725192   3789400       112       128
01:25:43 PM    181836     62396   7843432     99.21        20     19724   8777168     31.94   3725192   3789404       132       128
01:25:48 PM    163592     48064   7857764     99.39        20     27552   8777168     31.94   3737140   3786012       132       128
01:25:53 PM    164096     48568   7857260     99.39        20     27552   8777168     31.94   3737140   3786012       132       128
01:25:58 PM    113688    113688   7792140     98.56        20     25940   8777168     31.94   2463660   5125960       132       128
01:26:03 PM    182568     64620   7841208     99.18        20     22832   8777168     31.94   1817808   5700004       132       128
01:26:08 PM    181484     63848   7841980     99.19        32     23456   8777168     31.94   1817924   5700520        20       128
01:26:13 PM    173420     57972   7847856     99.27        32     27712   8777168     31.94   1822184   5700752       112       128
01:26:18 PM    173420     57972   7847856     99.27        32     27712   8777168     31.94   1822192   5700752       132       128
01:26:23 PM    172664     58576   7847252     99.26        32     30488   8777168     31.94   1828604   5700752       132       128
01:26:28 PM    136716     22700   7883128     99.71        32     30564   8777168     31.94   3540016   4021680       132       128
01:26:33 PM    153008     38024   7867804     99.52        32     28640   8777168     31.94   2875860   4668700       136       128
01:26:38 PM    152784     37800   7868028     99.52        32     28644   8777168     31.94   2875860   4668700        28       128
01:26:43 PM    140448     30616   7875212     99.61        32     38988   8777168     31.94   2886944   4669084        36       128
01:26:48 PM    140448     30708   7875120     99.61        32     39132   8777168     31.94   2887080   4669232       136       128
01:26:53 PM    136668     28112   7877716     99.64        32     41500   8777168     31.94   2889556   4669232       148       128
01:26:58 PM    133452     23680   7882148     99.70        20     38992   8777168     31.94   4100972   3459344       228       128
01:27:03 PM    159968     57036   7848792     99.28        24     52816   8777168     31.94   2841160   4698848       332       128
01:27:08 PM    159744     56844   7848984     99.28        24     52816   8777168     31.94   2841268   4698848       332       128
01:27:13 PM    159744     56844   7848984     99.28        24     52820   8777168     31.94   2841308   4698852       128       128
01:27:18 PM    159492     56852   7848976     99.28        32     53396   8777168     31.94   2841412   4699368       128       128
01:27:23 PM    159492     56940   7848888     99.28        32     53508   8777168     31.94   2841412   4699548       216       128
01:27:28 PM    124332     22832   7882996     99.71        20     55804   8777168     31.94   2873836   4689336       180       128
01:27:33 PM    127572     18404   7887424     99.77        20     40284   8777168     31.94   3128480   4424132        48       128
01:27:38 PM    127572     18404   7887424     99.77        20     40284   8777168     31.94   3128492   4424132        68       128
01:27:43 PM    123212     14044   7891784     99.82        20     40284   8777168     31.94   3135972   4417368        68       128
01:27:48 PM    123212     14044   7891784     99.82        20     40284   8777168     31.94   3136008   4417368        68       128
01:27:53 PM    125420     16528   7889300     99.79        32     40824   8777168     31.94   3147188   4407812        20       128
01:27:58 PM    128452     19472   7886356     99.75        32     40652   8777168     31.94   3164216   4404220        20       128
01:28:03 PM    127920     12460   7893368     99.84        32     27692   8777168     31.94   5808216   1768792        20       128
01:28:08 PM    127340     11880   7893948     99.85        32     27792   8777168     31.94   5808224   1768792       104       128
01:28:13 PM    123244      7836   7897992     99.90        32     27792   8777168     31.94   5809716   1767644       116       128
01:28:18 PM    211184    104684   7801144     98.68        20     45620   8777168     31.94   5831120   1662344       116       128
01:28:23 PM    209180    102680   7803148     98.70        20     45620   8777168     31.94   5834636   1662344       116       128
01:28:28 PM    209180    102680   7803148     98.70        20     45620   8777168     31.94   5834636   1662344       116       128
01:28:33 PM    145896     36148   7869680     99.54        20     39196   8777168     31.94   1226280   6320336         0       128
01:28:38 PM    144916     35472   7870356     99.55        32     39832   8777168     31.94   1226436   6320828        20       128
01:28:43 PM    144664     35372   7870456     99.55        32     40028   8777168     31.94   1226832   6320848        20       128
01:28:48 PM    144664     35372   7870456     99.55        32     40028   8777168     31.94   1226840   6320848        20       128
01:28:53 PM    144516     35276   7870552     99.55        32     40132   8777168     31.94   1227000   6320848        20       128
01:28:58 PM    143656     38104   7867724     99.52        32     47588   8777168     31.94   1234412   6320848        20       128
01:29:03 PM    188996     81312   7824516     98.97        32     43308   8777168     31.94   3824276   3687128        20       128
01:29:08 PM    175672     75128   7830700     99.05        32     57624   8777168     31.94   3841116   3687632         0       128
01:29:13 PM    175672     75180   7830648     99.05        32     57624   8777168     31.94   3841244   3687728        20       128
01:29:18 PM    175672     75180   7830648     99.05        32     57624   8777168     31.94   3841256   3687728        20       128
01:29:23 PM    175672     75180   7830648     99.05        32     57624   8777168     31.94   3841256   3687728        20       128
01:29:28 PM    175672     75180   7830648     99.05        32     57624   8777168     31.94   3841260   3687728        20       128
01:29:33 PM    139792     38968   7866860     99.51        32     56964   8777168     31.94   4685824   2878580        20       128
01:29:38 PM    137700     37000   7868828     99.53        32     57304   8777168     31.94   4685760   2878688        24       128
01:29:43 PM    150448     49800   7856028     99.37        32     57400   8777168     31.94   4693684   2866060        96       128
01:29:48 PM    149764     49156   7856672     99.38        32     57400   8777168     31.94   4693768   2866020       116       128
01:29:53 PM    149764     49156   7856672     99.38        32     57400   8777168     31.94   4693768   2866020       116       128
01:29:58 PM    149764     49156   7856672     99.38        32     57400   8777168     31.94   4693768   2866020       116       128
01:30:03 PM    117220    117220   7788608     98.52        20     15000   8777168     31.94   1142368   6447808        96       128
01:30:08 PM    157712     35988   7869840     99.54        20     15256   8777168     31.94   1142868   6408212       116       128
01:30:13 PM    157236     35624   7870204     99.55        32     15448   8777168     31.94   1142976   6408352        20       128
01:30:18 PM    156984     35396   7870432     99.55        32     15448   8777168     31.94   1143060   6408420        20       128
01:30:23 PM    135564     20540   7885288     99.74        32     28588   8777168     31.94   1159900   6408432        20       128
01:30:28 PM    135564     20540   7885288     99.74        32     28596   8777168     31.94   1159900   6408432        28       128
01:30:33 PM    192360     74924   7830904     99.05        20     23864   8777168     31.94   1986336   5521564        28       124
01:30:38 PM    192108     74800   7831028     99.05        20     24136   8777168     31.94   1986600   5521564       112       124
01:30:43 PM    192108     74804   7831024     99.05        20     24136   8777168     31.94   1986620   5521568       132       124
01:30:48 PM    192108     74804   7831024     99.05        20     24136   8777168     31.94   1986624   5521568       132       124
01:30:53 PM    192108     74804   7831024     99.05        20     24136   8777168     31.94   1986624   5521568       132       124
01:30:58 PM    192108     74868   7830960     99.05        20     24136   8777168     31.94   1986692   5521700       132       124
01:31:03 PM    134652     17412   7888416     99.78        20     24232   8777168     31.94   2044228   5521700       132       124
01:31:08 PM    134652     17568   7888260     99.78        32     24536   8777168     31.94   2044360   5522016        20       124
01:31:13 PM    134652     17928   7887900     99.77        32     25264   8777168     31.94   2045076   5522016        96       124
01:31:18 PM    134652     17928   7887900     99.77        32     25264   8777168     31.94   2045080   5522016       116       124
01:31:23 PM    134652     17980   7887848     99.77        32     25264   8777168     31.94   2045096   5522112       116       124
01:31:28 PM    134652     17980   7887848     99.77        32     25264   8777168     31.94   2045096   5522112       116       124
01:31:33 PM    139076     13892   7891936     99.82        20      8436   8777168     31.94   1192020   6368136       116       124
01:31:38 PM    145720     20648   7885180     99.74        20      8648   8777168     31.94   1202984   6356784       116       124
01:31:43 PM    208108     99356   7806472     98.74        32     41120   8777168     31.94   1347856   6135852       104       124
01:31:48 PM    201848     93184   7812644     98.82        32     41276   8777168     31.94   1357252   6127832       116       124
01:31:53 PM    199608     92060   7813768     98.84        32     43584   8777168     31.94   1359580   6127832       116       124
01:31:58 PM    171696     70196   7835632     99.11        32     55612   8777168     31.94   1376056   6125192       304       128
01:32:03 PM    145424     44024   7861804     99.44        32     55824   8777168     31.94   2673064   4884948       196       128
01:32:08 PM    144948     43564   7862264     99.45        32     55856   8777168     31.94   2673248   4884980       300       128
01:32:13 PM    144776     43400   7862428     99.45        32     56028   8777168     31.94   2673292   4884996       128       128
01:32:18 PM    144696     43492   7862336     99.45        32     56272   8777168     31.94   2673300   4885340       280       128
01:32:23 PM    138900     38284   7867544     99.52        32     57376   8777168     31.94   2677692   4885412       300       128
01:32:28 PM    135116     36220   7869608     99.54        32     61160   8777168     31.94   2681136   4885412       196       128
01:32:33 PM    154816     47260   7858568     99.40        32     43592   8777168     31.94    891380   6655508        96       128
01:32:38 PM    154272     46776   7859052     99.41        32     43744   8777168     31.94    891408   6655604       116       128
01:32:43 PM    154272     46840   7858988     99.41        32     43748   8777168     31.94    891600   6655628       120       128
01:32:48 PM    154272     46904   7858924     99.41        32     43988   8777168     31.94    891600   6655752        24       128
01:32:53 PM    154272     46960   7858868     99.41        32     43988   8777168     31.94    891600   6655868        24       128
01:32:58 PM    154272     46960   7858868     99.41        32     43988   8777168     31.94    891600   6655868        24       128
01:33:03 PM    122816     14604   7891224     99.82        32     42184   8777168     31.94   1257288   6321824        24       128
01:33:08 PM    122592     14380   7891448     99.82        32     42280   8777168     31.94   1257296   6321824        96       128
01:33:13 PM    122592     14428   7891400     99.82        32     42280   8777168     31.94   1257392   6321920       116       128
01:33:18 PM    130952     26960   7878868     99.66        24     50736   8777168     31.94   3755080   3812128       116       128
01:33:23 PM    130728     26788   7879040     99.66        24     50736   8777168     31.94   3755180   3812128       116       128
01:33:28 PM    130224     26344   7879484     99.67        32     50960   8777168     31.94   3755180   3812252        20       128
01:33:33 PM    196000     78448   7827380     99.01        20     23516   8777168     31.94   4043432   3449252        20       128
01:33:38 PM    196000     78448   7827380     99.01        20     23548   8777168     31.94   4043432   3449252        20       128
01:33:43 PM    195524     78080   7827748     99.01        20     23732   8777168     31.94   4043492   3449412        96       128
01:33:48 PM    195524     78080   7827748     99.01        20     23736   8777168     31.94   4043492   3449412       120       128
01:33:53 PM    195524     78080   7827748     99.01        20     23736   8777168     31.94   4043492   3449416       120       128
01:33:58 PM    195524     78080   7827748     99.01        20     23736   8777168     31.94   4043492   3449416       120       128
01:34:03 PM    137156     16696   7889132     99.79        20     17700   8777168     31.94   1774892   5781948       120       128
01:34:08 PM    118300      6600   7899228     99.92        20     35248   8777168     31.94   1795052   5782564       128       128
01:34:13 PM    117320      5904   7899924     99.93        32     35776   8777168     31.94   1795612   5782992        32       128
01:34:18 PM    117320      5904   7899924     99.93        32     35876   8777168     31.94   1795612   5782992        96       128
01:34:23 PM    142488     33292   7872536     99.58        32     40216   8777168     31.94   1822004   5738068       116       128
01:34:28 PM    142488     33292   7872536     99.58        32     40216   8777168     31.94   1822028   5738068       116       128
01:34:33 PM    118080      7716   7898112     99.90        28     37888   8777168     31.94   2174012   5405656       116       128
01:34:38 PM    118080      7716   7898112     99.90        28     37888   8777168     31.94   2174012   5405656       116       128
01:34:43 PM    117828      7588   7898240     99.90        28     38168   8777060     31.94   2174276   5405656        20       128
01:34:48 PM    117576      7516   7898312     99.90        28     38504   8777060     31.94   2174384   5405920        20       128
Average:      2134060   2106980   5798848     73.35      1360    158436   8776675     31.94   3699528   1869762       117      3195
