Linux 7.0.10-arch1-1 (archlinux) 	05/28/2026 	_x86_64_	(4 CPU)

07:54:15 AM  pgpgin/s pgpgout/s   fault/s  majflt/s  pgfree/s pgscank/s pgscand/s pgsteal/s  pgprom/s   pgdem/s
07:54:20 AM      0.00      0.00   1149.00      0.00     48.60      0.00      0.00      0.00      0.00      0.00
07:54:25 AM      0.00      0.00    333.60      0.00    382.40      0.00      0.00      0.00      0.00      0.00
07:54:30 AM      0.00      0.00      0.00      0.00      4.00      0.00      0.00      0.00      0.00      0.00
07:54:35 AM      0.00    131.20      0.00      0.00    212.40      0.00      0.00      0.00      0.00      0.00
07:54:40 AM      0.00      0.00      0.00      0.00      3.80      0.00      0.00      0.00      0.00      0.00
07:54:45 AM      3.20    309.60      0.00      0.00    106.40      0.00      0.00      0.00      0.00      0.00
07:54:50 AM      0.00     52.80      3.40      0.00      5.00      0.00      0.00      0.00      0.00      0.00
07:54:55 AM      0.00      0.80      1.40      0.00      1.00      0.00      0.00      0.00      0.00      0.00
07:55:00 AM      0.00      0.00      6.20      0.00      4.20      0.00      0.00      0.00      0.00      0.00
07:55:05 AM      0.00      0.00      0.20      0.00     58.40      0.00      0.00      0.00      0.00      0.00
07:55:10 AM      0.00     34.40      0.00      0.00     23.60      0.00      0.00      0.00      0.00      0.00
07:55:15 AM      0.00      0.00      1.20      0.00      5.60      0.00      0.00      0.00      0.00      0.00
07:55:20 AM      6.40    220.00      0.00      0.00      5.60      0.00      0.00      0.00      0.00      0.00
07:55:25 AM     48.80     21.60      0.60      0.20     13.80      0.00      0.00      0.00      0.00      0.00
07:55:30 AM      0.00      0.00      2.20      0.00      4.00      0.00      0.00      0.00      0.00      0.00
07:55:35 AM      9.60     26.40      0.00      0.00      4.20      0.00      0.00      0.00      0.00      0.00
07:55:40 AM     87.20      0.00      1.40      0.40      4.20      0.00      0.00      0.00      0.00      0.00
07:55:45 AM      0.00      0.00      1.00      0.00      3.80      0.00      0.00      0.00      0.00      0.00
07:55:50 AM      0.00     51.20      0.20      0.00      4.20      0.00      0.00      0.00      0.00      0.00
07:55:55 AM      0.80     85.60      0.20      0.20      2.20      0.00      0.00      0.00      0.00      0.00
07:56:00 AM     16.00     76.80      0.20      0.20    277.80      0.00      0.00      0.00      0.00      0.00
07:56:05 AM      0.00      0.00      0.00      0.00      4.00      0.00      0.00      0.00      0.00      0.00
07:56:10 AM      0.00      0.00      0.00      0.00      4.00      0.00      0.00      0.00      0.00      0.00
07:56:15 AM    167.20      0.00      7.40      0.60      5.00      0.00      0.00      0.00      0.00      0.00
07:56:20 AM    120.80      0.00      0.40      0.20      4.40      0.00      0.00      0.00      0.00      0.00
07:56:25 AM     20.80    440.80      2.80      0.60    948.60      0.00      0.00      0.00      0.00      0.00
07:56:30 AM      0.00      0.00      0.00      0.00      3.80      0.00      0.00      0.00      0.00      0.00
07:56:35 AM      0.00      7.20      0.00      0.00     27.20      0.00      0.00      0.00      0.00      0.00
07:56:40 AM      0.00      0.00      0.00      0.00      3.80      0.00      0.00      0.00      0.00      0.00
07:56:45 AM    307.20      0.00      1.00      0.40     21.00      0.00      0.00      0.00      0.00      0.00
07:56:50 AM    212.80     30.40      2.60      1.40    237.20      0.00      0.00      0.00      0.00      0.00
07:56:55 AM     18.40     59.20      1.80      0.20     52.60      0.00      0.00      0.00      0.00      0.00
07:57:00 AM   1304.80      0.00     16.00      5.00     12.80      0.00      0.00      0.00      0.00      0.00
07:57:05 AM     86.40     98.40      0.80      0.40      5.00      0.00      0.00      0.00      0.00      0.00
07:57:10 AM    112.80      0.80     11.40      1.20      5.60      0.00      0.00      0.00      0.00      0.00
07:57:15 AM     64.80      0.80      5.00      0.20      5.80      0.00      0.00      0.00      0.00      0.00
07:57:20 AM     18.40      0.00      2.80      0.60      5.00      0.00      0.00      0.00      0.00      0.00
07:57:25 AM    462.28      6.39      3.99      1.00    231.34      0.00      0.00      0.00      0.00      0.00
07:57:30 AM    320.64      2.40     14.83      1.80     22.24      0.00      0.00      0.00      0.00      0.00
07:57:35 AM    162.40     65.60      2.00      0.40     12.20      0.00      0.00      0.00      0.00      0.00
07:57:40 AM     41.60    129.60      4.40      0.00     95.80      0.00      0.00      0.00      0.00      0.00
07:57:45 AM   1088.80     59.20     20.60      4.60     33.20      0.00      0.00      0.00      0.00      0.00
07:57:50 AM    440.00     10.40     11.00      2.00    170.80      0.00      0.00      0.00      0.00      0.00
07:57:55 AM     12.00      0.00     15.40      0.00      0.60      0.00      0.00      0.00      0.00      0.00
07:58:00 AM      0.00      0.00      0.40      0.00      3.80      0.00      0.00      0.00      0.00      0.00
07:58:05 AM   1608.00      0.00    315.00      6.20    315.40      0.00      0.00      0.00      0.00      0.00
07:58:10 AM     25.60    200.80      0.00      0.00      8.40      0.00      0.00      0.00      0.00      0.00
07:58:15 AM     12.80     30.40      0.00      0.00     22.00      0.00      0.00      0.00      0.00      0.00
07:58:20 AM      4.00      3.20      3.00      0.20      5.20      0.00      0.00      0.00      0.00      0.00
07:58:25 AM     63.20      0.00      8.00      1.60      1.20      0.00      0.00      0.00      0.00      0.00
07:58:30 AM    186.40    245.60      6.20      5.80    197.80      0.00      0.00      0.00      0.00      0.00
07:58:35 AM     45.60      0.80      0.40      0.20      7.80      0.00      0.00      0.00      0.00      0.00
07:58:40 AM    322.40      4.80      1.80      0.20     52.40      0.00      0.00      0.00      0.00      0.00
07:58:45 AM    306.40    168.00      3.00      0.80     24.00      0.00      0.00      0.00      0.00      0.00
07:58:50 AM     19.20      1.60      6.60      1.80    124.40      0.00      0.00      0.00      0.00      0.00
07:58:55 AM    251.20      3.20      5.80      2.80      1.00      0.00      0.00      0.00      0.00      0.00
07:59:00 AM      0.80      0.00      0.20      0.20      3.80      0.00      0.00      0.00      0.00      0.00
07:59:05 AM      0.00      0.00      0.00      0.00      4.00      0.00      0.00      0.00      0.00      0.00
07:59:10 AM      0.00      0.00      0.00      0.00      4.00      0.00      0.00      0.00      0.00      0.00
07:59:15 AM    775.25     32.73      9.58      2.20     65.67      0.00      0.00      0.00      0.00      0.00
07:59:20 AM     16.03      0.00      7.62      0.40     47.09      0.00      0.00      0.00      0.00      0.00
07:59:25 AM   1014.77    130.94      9.98      3.39     52.50      0.00      0.00      0.00      0.00      0.00
07:59:30 AM     67.33      5.61     10.02      0.80     10.62      0.00      0.00      0.00      0.00      0.00
07:59:35 AM    170.86      3.99      7.19      1.00    295.81      0.00      0.00      0.00      0.00      0.00
07:59:40 AM      0.00      0.00      2.81      0.00      3.81      0.00      0.00      0.00      0.00      0.00
07:59:45 AM    316.00      0.00      3.40      0.60     25.20      0.00      0.00      0.00      0.00      0.00
07:59:50 AM    488.62      0.80      7.19      1.40     66.87      0.00      0.00      0.00      0.00      0.00
07:59:55 AM     89.60     32.00     12.40      0.40     10.40      0.00      0.00      0.00      0.00      0.00
08:00:00 AM     22.44    105.01      3.01      0.00     11.62      0.00      0.00      0.00      0.00      0.00
08:00:05 AM      0.00      3.20      0.00      0.00      3.80      0.00      0.00      0.00      0.00      0.00
08:00:10 AM    272.80      0.00      2.00      0.60     14.80      0.00      0.00      0.00      0.00      0.00
08:00:15 AM    167.20      0.80      9.40      2.40      4.40      0.00      0.00      0.00      0.00      0.00
08:00:20 AM      0.80      0.00      2.40      0.20      4.00      0.00      0.00      0.00      0.00      0.00
08:00:25 AM     61.60      0.00     12.40      2.00      5.80      0.00      0.00      0.00      0.00      0.00
08:00:30 AM      0.00     32.00      0.00      0.00      3.80      0.00      0.00      0.00      0.00      0.00
08:00:35 AM      6.40    111.20      0.60      0.00      4.00      0.00      0.00      0.00      0.00      0.00
08:00:40 AM      0.00      4.00      0.00      0.00      3.80      0.00      0.00      0.00      0.00      0.00
08:00:45 AM      0.00      0.00      0.00      0.00      4.00      0.00      0.00      0.00      0.00      0.00
08:00:50 AM    128.00      0.00      0.40      0.40      7.00      0.00      0.00      0.00      0.00      0.00
08:00:55 AM      0.00      4.00      0.00      0.00     20.00      0.00      0.00      0.00      0.00      0.00
08:01:00 AM      0.00      7.20      0.00      0.00     51.20      0.00      0.00      0.00      0.00      0.00
08:01:05 AM      0.00     32.00      0.00      0.00      3.80      0.00      0.00      0.00      0.00      0.00
08:01:10 AM    212.38     86.23      2.20      0.60     15.17      0.00      0.00      0.00      0.00      0.00
08:01:15 AM     20.00      4.80     12.60      0.60     16.80      0.00      0.00      0.00      0.00      0.00
08:01:20 AM    476.80      0.00     10.60      2.40      8.20      0.00      0.00      0.00      0.00      0.00
08:01:25 AM    114.40      0.80     13.40      0.80      3.80      0.00      0.00      0.00      0.00      0.00
08:01:30 AM    430.40      3.20      4.20      2.40     42.20      0.00      0.00      0.00      0.00      0.00
08:01:35 AM      0.00      0.00      1.60      0.00      4.40      0.00      0.00      0.00      0.00      0.00
08:01:40 AM    128.80     71.20      1.20      0.40     30.40      0.00      0.00      0.00      0.00      0.00
08:01:45 AM    337.60    149.60      9.40      1.80      8.80      0.00      0.00      0.00      0.00      0.00
08:01:50 AM      1.60      5.60      0.60      0.40      5.60      0.00      0.00      0.00      0.00      0.00
08:01:55 AM     16.00     23.20      0.00      0.00      1.20      0.00      0.00      0.00      0.00      0.00
08:02:00 AM      0.00      0.00      0.00      0.00      3.80      0.00      0.00      0.00      0.00      0.00
08:02:05 AM    174.40      0.80      1.60      0.40     29.20      0.00      0.00      0.00      0.00      0.00
08:02:10 AM      0.00      0.80      0.00      0.00     17.20      0.00      0.00      0.00      0.00      0.00
08:02:15 AM    195.20    131.20      0.80      0.80     37.60      0.00      0.00      0.00      0.00      0.00
08:02:20 AM    128.00      0.80      1.40      0.60     13.20      0.00      0.00      0.00      0.00      0.00
08:02:25 AM    428.00      4.80     16.80      4.40      1.20      0.00      0.00      0.00      0.00      0.00
08:02:30 AM      0.00      0.00      0.00      0.00      3.80      0.00      0.00      0.00      0.00      0.00
08:02:35 AM      0.00      0.80      0.20      0.00      4.80      0.00      0.00      0.00      0.00      0.00
08:02:40 AM      0.80      0.00      0.80      0.20      4.00      0.00      0.00      0.00      0.00      0.00
08:02:45 AM    127.20     14.40      5.20      1.20      3.40      0.00      0.00      0.00      0.00      0.00
08:02:50 AM     31.20      0.00      3.20      0.40     10.00      0.00      0.00      0.00      0.00      0.00
08:02:55 AM      0.00    151.20      0.00      0.00      1.60      0.00      0.00      0.00      0.00      0.00
08:03:00 AM      0.00      4.00      0.00      0.00      4.00      0.00      0.00      0.00      0.00      0.00
08:03:05 AM    674.40      2.40    305.00     13.80    194.00      0.00      0.00      0.00      0.00      0.00
08:03:10 AM    183.20    153.60      1.60      0.40    120.20      0.00      0.00      0.00      0.00      0.00
08:03:15 AM     15.20      0.00      9.20      0.20      4.20      0.00      0.00      0.00      0.00      0.00
08:03:20 AM     14.40      0.00      2.00      0.40      4.00      0.00      0.00      0.00      0.00      0.00
08:03:25 AM    435.20     32.00      5.00      2.40      1.20      0.00      0.00      0.00      0.00      0.00
08:03:30 AM    133.60     85.60      4.00      3.00     27.00      0.00      0.00      0.00      0.00      0.00
08:03:35 AM      0.00      4.80      0.00      0.00    107.20      0.00      0.00      0.00      0.00      0.00
08:03:40 AM     84.80     10.40      1.20      0.20     33.20      0.00      0.00      0.00      0.00      0.00
08:03:45 AM     14.40      0.00      5.00      0.20      4.20      0.00      0.00      0.00      0.00      0.00
08:03:50 AM    103.20      6.40      2.80      0.60      9.20      0.00      0.00      0.00      0.00      0.00
08:03:55 AM    336.00      0.00      8.80      3.80      1.00      0.00      0.00      0.00      0.00      0.00
08:04:00 AM      0.00     36.00      0.00      0.00      6.80      0.00      0.00      0.00      0.00      0.00
08:04:05 AM     19.20    109.60      0.00      0.00      9.20      0.00      0.00      0.00      0.00      0.00
08:04:10 AM      0.00      4.00      0.00      0.00      4.00      0.00      0.00      0.00      0.00      0.00
08:04:15 AM     29.60      0.00      0.40      0.40      4.20      0.00      0.00      0.00      0.00      0.00
08:04:20 AM      0.80      0.80      0.80      0.20     15.60      0.00      0.00      0.00      0.00      0.00
08:04:25 AM    231.20      0.80      6.80      3.00     13.60      0.00      0.00      0.00      0.00      0.00
08:04:30 AM     57.60      2.40      0.60      0.20      8.00      0.00      0.00      0.00      0.00      0.00
08:04:35 AM     87.20     55.20      0.60      0.20     10.00      0.00      0.00      0.00      0.00      0.00
08:04:40 AM      3.20     98.40      0.40      0.00      4.20      0.00      0.00      0.00      0.00      0.00
08:04:45 AM     44.00      4.80      2.60      0.60     13.40      0.00      0.00      0.00      0.00      0.00
08:04:50 AM     19.20      1.60      3.60      0.60     10.20      0.00      0.00      0.00      0.00      0.00
08:04:55 AM      0.00      0.00      0.00      0.00      2.80      0.00      0.00      0.00      0.00      0.00
08:05:00 AM      0.00      0.00      0.00      0.00      3.80      0.00      0.00      0.00      0.00      0.00
08:05:05 AM    139.20      0.80      2.20      0.80      4.40      0.00      0.00      0.00      0.00      0.00
08:05:10 AM      0.80     32.00      0.20      0.20      3.80      0.00      0.00      0.00      0.00      0.00
08:05:15 AM     12.80    104.80      0.00      0.00      4.60      0.00      0.00      0.00      0.00      0.00
08:05:20 AM     58.40      6.40      0.20      0.20     13.60      0.00      0.00      0.00      0.00      0.00
08:05:25 AM     56.80      0.80      2.00      0.80     12.80      0.00      0.00      0.00      0.00      0.00
08:05:30 AM      0.00      0.00      0.00      0.00      8.80      0.00      0.00      0.00      0.00      0.00
08:05:35 AM     29.60      0.00      1.00      0.20      6.20      0.00      0.00      0.00      0.00      0.00
08:05:40 AM      0.00      1.60      0.00      0.00      5.40      0.00      0.00      0.00      0.00      0.00
08:05:45 AM      0.00     32.00      0.00      0.00      3.80      0.00      0.00      0.00      0.00      0.00
08:05:50 AM     30.40     85.60      0.40      0.40      8.80      0.00      0.00      0.00      0.00      0.00
08:05:55 AM      0.00      4.00      0.00      0.00      0.40      0.00      0.00      0.00      0.00      0.00
08:06:00 AM      0.00      0.00      0.00      0.00      4.00      0.00      0.00      0.00      0.00      0.00
08:06:05 AM      0.00      0.00      0.00      0.00      3.80      0.00      0.00      0.00      0.00      0.00
08:06:10 AM      0.00      0.80      0.00      0.00      6.60      0.00      0.00      0.00      0.00      0.00
08:06:15 AM    246.40      0.00      3.20      2.20      5.20      0.00      0.00      0.00      0.00      0.00
08:06:20 AM     14.40     32.00      0.60      0.40      4.60      0.00      0.00      0.00      0.00      0.00
08:06:25 AM    132.00    119.20     14.00      2.60      1.60      0.00      0.00      0.00      0.00      0.00
08:06:30 AM      6.40      4.80      0.00      0.00      4.20      0.00      0.00      0.00      0.00      0.00
08:06:35 AM      0.00      0.00      0.00      0.00      5.20      0.00      0.00      0.00      0.00      0.00
08:06:40 AM      0.00      0.00      0.00      0.00      6.00      0.00      0.00      0.00      0.00      0.00
08:06:45 AM    244.80      8.80      2.00      1.40     46.80      0.00      0.00      0.00      0.00      0.00
08:06:50 AM      2.40      0.80      0.80      0.60     26.40      0.00      0.00      0.00      0.00      0.00
08:06:55 AM     15.20    206.40      1.20      0.60     11.00      0.00      0.00      0.00      0.00      0.00
08:07:00 AM     56.80      0.00      2.20      0.20      4.00      0.00      0.00      0.00      0.00      0.00
08:07:05 AM     85.60      4.00      1.60      0.20      4.80      0.00      0.00      0.00      0.00      0.00
08:07:10 AM      0.00      0.00      0.00      0.00     16.80      0.00      0.00      0.00      0.00      0.00
08:07:15 AM      0.00      0.00      0.60      0.00      3.80      0.00      0.00      0.00      0.00      0.00
08:07:20 AM     59.20      0.00      1.00      0.40      4.40      0.00      0.00      0.00      0.00      0.00
08:07:25 AM    212.00      0.80      3.00      1.40      6.40      0.00      0.00      0.00      0.00      0.00
08:07:30 AM      0.00     32.00      0.00      0.00      3.80      0.00      0.00      0.00      0.00      0.00
08:07:35 AM     19.20    105.60      0.00      0.00     16.40      0.00      0.00      0.00      0.00      0.00
08:07:40 AM     10.40      5.60      0.20      0.20     23.20      0.00      0.00      0.00      0.00      0.00
08:07:45 AM     49.60      0.00      1.20      0.60      3.60      0.00      0.00      0.00      0.00      0.00
08:07:50 AM    110.40      0.80      2.40      0.60     10.80      0.00      0.00      0.00      0.00      0.00
08:07:55 AM      0.00      0.00      0.00      0.00      0.60      0.00      0.00      0.00      0.00      0.00
08:08:00 AM     14.40      0.00      0.20      0.20      5.00      0.00      0.00      0.00      0.00      0.00
08:08:05 AM    782.40     34.40    609.20     22.80    374.60      0.00      0.00      0.00      0.00      0.00
08:08:10 AM      6.40    113.60      0.00      0.00     15.00      0.00      0.00      0.00      0.00      0.00
08:08:15 AM      0.00      4.00      0.00      0.00      4.00      0.00      0.00      0.00      0.00      0.00
08:08:20 AM     28.80      0.00      0.40      0.40      4.20      0.00      0.00      0.00      0.00      0.00
08:08:25 AM     58.40      0.00      3.80      1.00      0.80      0.00      0.00      0.00      0.00      0.00
08:08:30 AM      1.60     11.20      0.40      0.40     22.80      0.00      0.00      0.00      0.00      0.00
08:08:35 AM      6.40    342.40      1.20      0.00    139.00      0.00      0.00      0.00      0.00      0.00
08:08:40 AM      0.00      8.80      0.00      0.00     13.40      0.00      0.00      0.00      0.00      0.00
08:08:45 AM     20.00    111.20      0.60      0.20     15.20      0.00      0.00      0.00      0.00      0.00
08:08:50 AM      1.60      4.80      2.80      0.40     17.20      0.00      0.00      0.00      0.00      0.00
08:08:55 AM     98.40      0.00      7.80      5.80      6.00      0.00      0.00      0.00      0.00      0.00
08:09:00 AM     12.00      0.00      3.80      0.20      3.80      0.00      0.00      0.00      0.00      0.00
08:09:05 AM      0.00      0.00      0.40      0.00    106.40      0.00      0.00      0.00      0.00      0.00
08:09:10 AM      0.00      4.00      0.00      0.00      4.80      0.00      0.00      0.00      0.00      0.00
08:09:15 AM      0.80     36.00      0.60      0.20      8.00      0.00      0.00      0.00      0.00      0.00
08:09:20 AM     94.40     86.40      6.20      2.40     13.20      0.00      0.00      0.00      0.00      0.00
08:09:25 AM    176.80      5.60      3.80      2.60     14.00      0.00      0.00      0.00      0.00      0.00
08:09:30 AM      0.00      0.00      0.20      0.00      3.80      0.00      0.00      0.00      0.00      0.00
08:09:35 AM      0.00      2.40      0.00      0.00      5.60      0.00      0.00      0.00      0.00      0.00
08:09:40 AM      0.00     22.40      0.00      0.00     21.00      0.00      0.00      0.00      0.00      0.00
08:09:45 AM    144.00      0.00      4.00      1.60      5.20      0.00      0.00      0.00      0.00      0.00
08:09:50 AM     30.40     32.00      1.40      0.20      8.40      0.00      0.00      0.00      0.00      0.00
08:09:55 AM     19.20    104.80      0.00      0.00      6.00      0.00      0.00      0.00      0.00      0.00
08:10:00 AM      0.00      5.60      0.00      0.00      4.00      0.00      0.00      0.00      0.00      0.00
08:10:05 AM      0.00      0.00      0.00      0.00      3.80      0.00      0.00      0.00      0.00      0.00
08:10:10 AM      0.00      0.00      0.00      0.00     17.00      0.00      0.00      0.00      0.00      0.00
08:10:15 AM     28.00      0.00      3.20      0.40      4.00      0.00      0.00      0.00      0.00      0.00
08:10:20 AM     56.80      0.80      0.40      0.20      8.00      0.00      0.00      0.00      0.00      0.00
08:10:25 AM      2.40     32.00      1.40      0.60      0.80      0.00      0.00      0.00      0.00      0.00
08:10:30 AM     12.80     87.20      0.00      0.00     18.80      0.00      0.00      0.00      0.00      0.00
08:10:35 AM     48.80      4.00      0.60      0.60     10.60      0.00      0.00      0.00      0.00      0.00
08:10:40 AM      2.40      4.00      0.00      0.00      7.60      0.00      0.00      0.00      0.00      0.00
08:10:45 AM      0.00      0.00      0.00      0.00      4.00      0.00      0.00      0.00      0.00      0.00
08:10:50 AM     72.80      0.00      0.20      0.20      9.40      0.00      0.00      0.00      0.00      0.00
08:10:55 AM    115.20      0.00      2.00      1.20      0.60      0.00      0.00      0.00      0.00      0.00
08:11:00 AM      4.80     37.60      1.20      1.20      7.40      0.00      0.00      0.00      0.00      0.00
08:11:05 AM     92.00    108.00      0.20      0.20     10.40      0.00      0.00      0.00      0.00      0.00
08:11:10 AM      0.00      4.00      0.00      0.00      4.00      0.00      0.00      0.00      0.00      0.00
08:11:15 AM      1.60      0.00      1.40      0.40      6.40      0.00      0.00      0.00      0.00      0.00
08:11:20 AM     28.80      0.00      0.20      0.20     16.40      0.00      0.00      0.00      0.00      0.00
08:11:25 AM    411.20     51.20     12.00      2.00      2.00      0.00      0.00      0.00      0.00      0.00
08:11:30 AM      7.20     16.80      6.00      0.20      6.80      0.00      0.00      0.00      0.00      0.00
08:11:35 AM      0.00     64.00      0.00      0.00      5.00      0.00      0.00      0.00      0.00      0.00
08:11:40 AM      3.20    115.20      0.00      0.00     15.60      0.00      0.00      0.00      0.00      0.00
08:11:45 AM      0.00      4.00      0.00      0.00      4.00      0.00      0.00      0.00      0.00      0.00
08:11:50 AM     32.80      2.40      1.40      1.20      7.40      0.00      0.00      0.00      0.00      0.00
08:11:55 AM      0.00     22.40      0.40      0.00      0.80      0.00      0.00      0.00      0.00      0.00
08:12:00 AM      0.00      0.00      0.00      0.00      3.80      0.00      0.00      0.00      0.00      0.00
08:12:05 AM    153.60      0.80      2.40      1.20      9.80      0.00      0.00      0.00      0.00      0.00
08:12:10 AM      0.00     64.00      0.00      0.00      4.00      0.00      0.00      0.00      0.00      0.00
08:12:15 AM     12.80    152.00      0.00      0.00      6.40      0.00      0.00      0.00      0.00      0.00
08:12:20 AM     44.00      4.80      0.20      0.20      4.00      0.00      0.00      0.00      0.00      0.00
08:12:25 AM     28.80      0.00      3.80      1.60      0.40      0.00      0.00      0.00      0.00      0.00
08:12:30 AM      0.00      0.80      0.00      0.00     32.80      0.00      0.00      0.00      0.00      0.00
08:12:35 AM      0.00      0.00      0.00      0.00      5.00      0.00      0.00      0.00      0.00      0.00
08:12:40 AM     74.40      1.60      0.60      0.60     55.20      0.00      0.00      0.00      0.00      0.00
08:12:45 AM      1.60     32.00      1.00      0.40      1.60      0.00      0.00      0.00      0.00      0.00
08:12:50 AM    126.40     96.00      1.80      0.60     22.00      0.00      0.00      0.00      0.00      0.00
08:12:55 AM      0.00      6.40      0.00      0.00      0.40      0.00      0.00      0.00      0.00      0.00
08:13:00 AM      0.00      0.80      0.00      0.00      5.60      0.00      0.00      0.00      0.00      0.00
08:13:05 AM    350.40      0.00    294.00     12.20    176.20      0.00      0.00      0.00      0.00      0.00
08:13:10 AM      0.00      4.80      0.00      0.00     17.80      0.00      0.00      0.00      0.00      0.00
08:13:15 AM     16.80      0.00      1.40      1.20      4.00      0.00      0.00      0.00      0.00      0.00
08:13:20 AM     58.40     91.20      0.60      0.20     19.40      0.00      0.00      0.00      0.00      0.00
08:13:25 AM     91.20    192.80      0.80      0.20     42.60      0.00      0.00      0.00      0.00      0.00
08:13:30 AM     12.80      4.00      3.20      3.20      4.00      0.00      0.00      0.00      0.00      0.00
08:13:35 AM      0.00     28.00      0.00      0.00     12.80      0.00      0.00      0.00      0.00      0.00
08:13:40 AM      0.00      0.00      0.00      0.00      3.80      0.00      0.00      0.00      0.00      0.00
08:13:45 AM      0.00      0.00      0.00      0.00      4.00      0.00      0.00      0.00      0.00      0.00
08:13:50 AM      0.00      2.40      0.00      0.00     13.60      0.00      0.00      0.00      0.00      0.00
08:13:55 AM    241.60     50.40      4.20      3.80     24.40      0.00      0.00      0.00      0.00      0.00
08:14:00 AM     19.20     85.60      0.00      0.00      6.60      0.00      0.00      0.00      0.00      0.00
08:14:05 AM      0.00      4.80      0.00      0.00      3.80      0.00      0.00      0.00      0.00      0.00
08:14:10 AM      0.00      0.00      0.00      0.00      3.99      0.00      0.00      0.00      0.00      0.00
08:14:15 AM      0.00      9.60      0.00      0.00     13.80      0.00      0.00      0.00      0.00      0.00
08:14:20 AM    115.20      4.00      3.60      3.60     17.20      0.00      0.00      0.00      0.00      0.00
08:14:25 AM    176.80     13.60     11.80      4.20      6.00      0.00      0.00      0.00      0.00      0.00
08:14:30 AM     59.20     36.80      0.20      0.20      9.40      0.00      0.00      0.00      0.00      0.00
08:14:35 AM     84.80    109.60      0.80      0.20     15.60      0.00      0.00      0.00      0.00      0.00
08:14:40 AM    101.60      4.00      0.20      0.20     18.60      0.00      0.00      0.00      0.00      0.00
08:14:45 AM     13.60      0.00      4.60      3.40      4.00      0.00      0.00      0.00      0.00      0.00
08:14:50 AM     73.60      0.00      0.60      0.40      7.00      0.00      0.00      0.00      0.00      0.00
08:14:55 AM    102.40     12.00      0.60      0.20      6.00      0.00      0.00      0.00      0.00      0.00
08:15:00 AM      0.00      0.00      1.80      0.00      3.80      0.00      0.00      0.00      0.00      0.00
08:15:05 AM      0.00     32.00      0.00      0.00      4.00      0.00      0.00      0.00      0.00      0.00
08:15:10 AM    126.40     85.60      3.80      3.20      7.60      0.00      0.00      0.00      0.00      0.00
08:15:15 AM      0.00      4.80      0.00      0.00      4.00      0.00      0.00      0.00      0.00      0.00
08:15:20 AM     15.20      0.00      0.60      0.20      5.80      0.00      0.00      0.00      0.00      0.00
08:15:25 AM    196.80      0.00      5.40      2.80      0.40      0.00      0.00      0.00      0.00      0.00
08:15:30 AM      0.00      0.80      0.60      0.00     14.20      0.00      0.00      0.00      0.00      0.00
08:15:35 AM      8.80      8.00      3.80      2.20     15.20      0.00      0.00      0.00      0.00      0.00
08:15:40 AM     59.20     39.20      0.40      0.20     11.80      0.00      0.00      0.00      0.00      0.00
08:15:45 AM     19.20    104.80      0.00      0.00      5.80      0.00      0.00      0.00      0.00      0.00
08:15:50 AM     56.00      4.80      0.80      0.20     14.00      0.00      0.00      0.00      0.00      0.00
08:15:55 AM      0.00      0.00      0.00      0.00      0.40      0.00      0.00      0.00      0.00      0.00
08:16:00 AM      0.80      0.00      0.80      0.20      3.80      0.00      0.00      0.00      0.00      0.00
08:16:05 AM     43.20      0.00      0.20      0.20     12.80      0.00      0.00      0.00      0.00      0.00
08:16:10 AM     15.20      2.40      0.20      0.20      9.80      0.00      0.00      0.00      0.00      0.00
08:16:15 AM     59.20     32.00      1.20      0.80      5.00      0.00      0.00      0.00      0.00      0.00
08:16:20 AM     81.60     98.40      0.80      0.20      8.20      0.00      0.00      0.00      0.00      0.00
08:16:25 AM    277.60      4.00     20.20      4.60      1.00      0.00      0.00      0.00      0.00      0.00
08:16:30 AM     76.80     51.20      1.00      0.20      6.20      0.00      0.00      0.00      0.00      0.00
08:16:35 AM      0.00     14.40      6.00      0.00      5.40      0.00      0.00      0.00      0.00      0.00
08:16:40 AM      0.00      0.00      0.00      0.00      4.20      0.00      0.00      0.00      0.00      0.00
08:16:45 AM      0.00      0.00      1.60      0.00      4.00      0.00      0.00      0.00      0.00      0.00
08:16:50 AM      0.00     64.00      0.00      0.00      4.20      0.00      0.00      0.00      0.00      0.00
08:16:55 AM     16.00    154.40      0.00      0.00     13.40      0.00      0.00      0.00      0.00      0.00
08:17:00 AM    116.00     17.60      0.80      0.40     63.80      0.00      0.00      0.00      0.00      0.00
08:17:05 AM     82.40      1.60      2.80      0.20      6.00      0.00      0.00      0.00      0.00      0.00
08:17:10 AM      0.00      0.00      0.00      0.00      4.00      0.00      0.00      0.00      0.00      0.00
08:17:15 AM      4.00      0.00      1.00      1.00      3.80      0.00      0.00      0.00      0.00      0.00
08:17:20 AM      0.00      0.00      0.80      0.00      4.20      0.00      0.00      0.00      0.00      0.00
08:17:25 AM      0.00     34.40      0.00      0.00      4.00      0.00      0.00      0.00      0.00      0.00
08:17:30 AM     23.20    124.00      0.20      0.20     23.60      0.00      0.00      0.00      0.00      0.00
08:17:35 AM    111.20      7.20      1.00      0.20     19.20      0.00      0.00      0.00      0.00      0.00
08:17:40 AM      0.00      0.00      0.00      0.00      3.80      0.00      0.00      0.00      0.00      0.00
08:17:45 AM      5.60      0.00      3.60      1.40      1.80      0.00      0.00      0.00      0.00      0.00
08:17:50 AM     27.20      0.00      1.80      0.20      9.60      0.00      0.00      0.00      0.00      0.00
08:17:55 AM    276.80      0.80      6.40      2.60      2.80      0.00      0.00      0.00      0.00      0.00
08:18:00 AM      0.00     32.00      0.00      0.00      3.80      0.00      0.00      0.00      0.00      0.00
08:18:05 AM     19.20    111.20      0.00      0.00      4.20      0.00      0.00      0.00      0.00      0.00
08:18:10 AM    193.60    382.40    293.80      8.40    329.00      0.00      0.00      0.00      0.00      0.00
08:18:15 AM    105.60      2.40      0.80      0.60      5.60      0.00      0.00      0.00      0.00      0.00
08:18:20 AM    101.60      6.40      2.80      0.20      8.40      0.00      0.00      0.00      0.00      0.00
08:18:25 AM    273.60      0.00      9.60      3.40      1.40      0.00      0.00      0.00      0.00      0.00
08:18:30 AM      0.00      9.60      1.00      0.00      7.60      0.00      0.00      0.00      0.00      0.00
08:18:35 AM     29.60     34.40      9.20      7.40      4.80      0.00      0.00      0.00      0.00      0.00
08:18:40 AM     29.60     93.60      0.20      0.20     14.20      0.00      0.00      0.00      0.00      0.00
08:18:45 AM      0.00     28.80      0.00      0.00     18.60      0.00      0.00      0.00      0.00      0.00
08:18:50 AM      0.80      0.00      0.20      0.20      4.00      0.00      0.00      0.00      0.00      0.00
08:18:55 AM      0.00     36.80      0.00      0.00     13.80      0.00      0.00      0.00      0.00      0.00
08:19:00 AM     26.40      0.00      6.60      6.60      3.80      0.00      0.00      0.00      0.00      0.00
08:19:05 AM    154.40      0.00      3.40      1.60      4.00      0.00      0.00      0.00      0.00      0.00
08:19:10 AM      0.00     32.00      0.00      0.00      3.80      0.00      0.00      0.00      0.00      0.00
08:19:15 AM     22.40    111.20      0.00      0.00      4.20      0.00      0.00      0.00      0.00      0.00
08:19:20 AM     13.60      6.40      0.20      0.20     16.00      0.00      0.00      0.00      0.00      0.00
08:19:25 AM      2.40      0.00      0.60      0.60      0.60      0.00      0.00      0.00      0.00      0.00
08:19:30 AM      0.00     12.80      0.00      0.00     20.00      0.00      0.00      0.00      0.00      0.00
08:19:35 AM      0.00      0.00      0.00      0.00      3.80      0.00      0.00      0.00      0.00      0.00
08:19:40 AM      0.00      0.00      0.00      0.00      4.20      0.00      0.00      0.00      0.00      0.00
08:19:45 AM     13.60     32.80      0.20      0.20      4.20      0.00      0.00      0.00      0.00      0.00
08:19:50 AM     35.20     92.00      3.20      3.20      7.20      0.00      0.00      0.00      0.00      0.00
08:19:55 AM     12.00     16.80      0.20      0.20     11.40      0.00      0.00      0.00      0.00      0.00
08:20:00 AM     13.60      0.00      0.20      0.20     15.80      0.00      0.00      0.00      0.00      0.00
08:20:05 AM      0.00      0.00      0.00      0.00      3.80      0.00      0.00      0.00      0.00      0.00
08:20:10 AM      0.00      0.00      0.00      0.00      4.00      0.00      0.00      0.00      0.00      0.00
08:20:15 AM     70.40      0.00      6.20      4.80      4.20      0.00      0.00      0.00      0.00      0.00
08:20:20 AM      0.00     32.00      0.00      0.00      3.80      0.00      0.00      0.00      0.00      0.00
08:20:25 AM     46.40    111.20      2.80      0.40      0.80      0.00      0.00      0.00      0.00      0.00
08:20:30 AM      0.00     19.20      0.00      0.00     17.40      0.00      0.00      0.00      0.00      0.00
08:20:35 AM     13.60      0.80      0.20      0.20     18.80      0.00      0.00      0.00      0.00      0.00
08:20:40 AM     12.00      0.00      3.00      3.00      4.80      0.00      0.00      0.00      0.00      0.00
08:20:45 AM      0.00      9.60      0.00      0.00      6.40      0.00      0.00      0.00      0.00      0.00
08:20:50 AM      0.80      0.00      0.20      0.20      3.80      0.00      0.00      0.00      0.00      0.00
08:20:55 AM     12.00     32.00      0.20      0.20      0.80      0.00      0.00      0.00      0.00      0.00
08:21:00 AM     29.60    120.00      0.20      0.20     21.80      0.00      0.00      0.00      0.00      0.00
08:21:05 AM    116.00      4.00      9.00      8.60     16.40      0.00      0.00      0.00      0.00      0.00
08:21:10 AM      0.00      2.40      0.00      0.00      6.60      0.00      0.00      0.00      0.00      0.00
08:21:15 AM     27.20      0.00      1.40      0.60      4.80      0.00      0.00      0.00      0.00      0.00
08:21:20 AM      0.00      0.00      0.00      0.00      4.40      0.00      0.00      0.00      0.00      0.00
08:21:25 AM     87.20      1.60     10.80      0.60      1.20      0.00      0.00      0.00      0.00      0.00
08:21:30 AM     10.40     64.00      1.00      1.00      4.40      0.00      0.00      0.00      0.00      0.00
08:21:35 AM    106.40    174.40      6.00      0.20      5.00      0.00      0.00      0.00      0.00      0.00
08:21:40 AM      0.00      4.80      0.40      0.00      4.40      0.00      0.00      0.00      0.00      0.00
08:21:45 AM      0.00      0.00      0.00      0.00     15.40      0.00      0.00      0.00      0.00      0.00
08:21:50 AM      0.00      0.00      0.00      0.00      4.00      0.00      0.00      0.00      0.00      0.00
08:21:55 AM     12.00     22.40      0.20      0.20      0.80      0.00      0.00      0.00      0.00      0.00
08:22:00 AM      0.00      0.00      0.00      0.00      3.80      0.00      0.00      0.00      0.00      0.00
08:22:05 AM     82.40     68.00      0.80      0.20      6.80      0.00      0.00      0.00      0.00      0.00
08:22:10 AM      0.00    124.00      0.00      0.00      3.80      0.00      0.00      0.00      0.00      0.00
08:22:15 AM      0.00      4.80      0.00      0.00     57.80      0.00      0.00      0.00      0.00      0.00
08:22:20 AM     17.60      0.00      1.20      1.20     15.80      0.00      0.00      0.00      0.00      0.00
08:22:25 AM     16.00      3.20      3.20      1.20      1.40      0.00      0.00      0.00      0.00      0.00
08:22:30 AM      0.00      0.00      0.00      0.00      4.20      0.00      0.00      0.00      0.00      0.00
08:22:35 AM      0.00      4.00      0.00      0.00      5.20      0.00      0.00      0.00      0.00      0.00
08:22:40 AM     25.60     36.80      0.20      0.20     10.40      0.00      0.00      0.00      0.00      0.00
08:22:45 AM     91.20    111.20      3.00      2.20      2.40      0.00      0.00      0.00      0.00      0.00
08:22:50 AM     27.20      4.80      1.40      0.20      9.60      0.00      0.00      0.00      0.00      0.00
08:22:55 AM      0.00      0.00      0.20      0.00      0.60      0.00      0.00      0.00      0.00      0.00
08:23:00 AM      0.00      0.00      0.00      0.00     13.60      0.00      0.00      0.00      0.00      0.00
08:23:05 AM     25.60      7.20      0.20      0.20     20.80      0.00      0.00      0.00      0.00      0.00
08:23:10 AM    234.40      0.00    306.20     21.40    143.80      0.00      0.00      0.00      0.00      0.00
08:23:15 AM      0.00     32.00      0.00      0.00      4.00      0.00      0.00      0.00      0.00      0.00
08:23:20 AM     16.00     92.00      0.00      0.00      3.80      0.00      0.00      0.00      0.00      0.00
08:23:25 AM     24.00     16.00      1.00      0.40     13.40      0.00      0.00      0.00      0.00      0.00
08:23:30 AM     25.60    308.80      0.20      0.20    101.00      0.00      0.00      0.00      0.00      0.00
08:23:35 AM     36.80      2.40      6.20      6.00      4.80      0.00      0.00      0.00      0.00      0.00
08:23:40 AM      0.00      2.40      0.00      0.00      5.60      0.00      0.00      0.00      0.00      0.00
08:23:45 AM     27.20      0.00      0.80      0.20      4.20      0.00      0.00      0.00      0.00      0.00
08:23:50 AM     25.60     50.40      0.20      0.20      9.60      0.00      0.00      0.00      0.00      0.00
08:23:55 AM     28.80    116.00      0.20      0.00      3.40      0.00      0.00      0.00      0.00      0.00
08:24:00 AM     45.60      5.60      5.20      5.20     30.00      0.00      0.00      0.00      0.00      0.00
08:24:05 AM      2.40      0.00      0.00      0.00      3.80      0.00      0.00      0.00      0.00      0.00
08:24:10 AM      0.00      4.80      0.00      0.00      5.20      0.00      0.00      0.00      0.00      0.00
08:24:15 AM      0.00      0.00      0.00      0.00      3.80      0.00      0.00      0.00      0.00      0.00
08:24:20 AM      0.00      0.00      0.00      0.00      4.00      0.00      0.00      0.00      0.00      0.00
08:24:25 AM     20.80     34.40      4.40      2.40      1.20      0.00      0.00      0.00      0.00      0.00
08:24:30 AM     16.00     92.00      0.00      0.00      9.20      0.00      0.00      0.00      0.00      0.00
08:24:35 AM     36.00    442.40      0.80      1.00    807.60      0.00      0.00      0.00      0.00      0.00
08:24:40 AM     64.80      4.00      5.40      4.60      9.00      0.00      0.00      0.00      0.00      0.00
08:24:45 AM    233.93   2356.09      6.79      6.19   3645.91      0.00      0.00      0.00      0.00      0.00
08:24:50 AM    280.56     16.03     72.95     71.94     20.04      0.00      0.00      0.00      0.00      0.00
08:24:55 AM    472.00      0.00    557.80     10.80      4.60      0.00      0.00      0.00      0.00      0.00
08:25:00 AM      0.80   1260.80    282.20      0.20      8.20      0.00      0.00      0.00      0.00      0.00
08:25:05 AM     22.40  78754.40      0.00      0.00  19664.80      0.00      0.00      0.00      0.00      0.00
08:25:10 AM      0.00 104455.20      0.20      0.00  26116.60      0.00      0.00      0.00      0.00      0.00
08:25:15 AM      3.20  77824.00      0.80      0.80  19459.80      0.00      0.00      0.00      0.00      0.00
08:25:20 AM      0.00  42598.40      0.00      0.00  10653.60      0.00      0.00      0.00      0.00      0.00
08:25:25 AM    321.60  26214.40    472.60     73.00   6605.40      0.00      0.00      0.00      0.00      0.00
08:25:30 AM      0.00      0.00      0.00      0.00      4.00      0.00      0.00      0.00      0.00      0.00
08:25:35 AM      0.00   1480.80      0.00      0.00    475.60      0.00      0.00      0.00      0.00      0.00
08:25:40 AM     28.00   1345.60      0.60      0.60    326.60      0.00      0.00      0.00      0.00      0.00
08:25:45 AM     71.20  26224.00      0.80      0.80   6577.80      0.00      0.00      0.00      0.00      0.00
08:25:50 AM      4.00  23347.20      0.60      0.60   5841.80      0.00      0.00      0.00      0.00      0.00
08:25:55 AM    230.40      0.00    348.80     19.40      1.80      0.00      0.00      0.00      0.00      0.00
08:26:00 AM      0.80    409.60     93.60      0.20      6.80      0.00      0.00      0.00      0.00      0.00
08:26:05 AM     40.80  78643.20      0.80      0.40  19664.80      0.00      0.00      0.00      0.00      0.00
08:26:10 AM      0.00  59833.60      0.00      0.00  14954.20      0.00      0.00      0.00      0.00      0.00
08:26:15 AM     45.60  29192.80      6.60      5.80   7275.40      0.00      0.00      0.00      0.00      0.00
08:26:20 AM      7.20  11063.20      1.80      1.80   2769.00      0.00      0.00      0.00      0.00      0.00
08:26:25 AM 289794.40   2048.00  72435.20  72426.80    938.20      0.00      0.00      0.00      0.00      0.00
08:26:30 AM     14.40      0.00      4.00      3.80      4.20      0.00      0.00      0.00      0.00      0.00
08:26:35 AM     88.00     51.20      0.60      0.40      7.40      0.00      0.00      0.00      0.00      0.00
08:26:40 AM      0.00      0.00      0.00      0.00      4.20      0.00      0.00      0.00      0.00      0.00
08:26:45 AM      0.00     78.40      5.80      0.00      4.00      0.00      0.00      0.00      0.00      0.00
08:26:50 AM      4.00    124.00      1.00      1.00      5.00      0.00      0.00      0.00      0.00      0.00
08:26:55 AM  47538.40     26.40  11865.00  11864.20    141.80      0.00      0.00      0.00      0.00      0.00
08:27:00 AM      0.00      0.00      0.00      0.00      4.00      0.00      0.00      0.00      0.00      0.00
08:27:05 AM      0.00      0.00      0.00      0.00      4.60      0.00      0.00      0.00      0.00      0.00
08:27:10 AM      0.00      0.00      0.00      0.00      4.00      0.00      0.00      0.00      0.00      0.00
08:27:15 AM      0.00     32.00      0.00      0.00      3.80      0.00      0.00      0.00      0.00      0.00
08:27:20 AM      0.00      0.00      0.00      0.00      4.00      0.00      0.00      0.00      0.00      0.00
08:27:25 AM  85632.73  68079.84  21399.20  21397.60  20768.66 142771.26      0.00  20078.04      0.00      0.00
08:27:30 AM     73.60      4.80      3.60      2.20      3.80      0.00      0.00      0.00      0.00      0.00
08:27:35 AM     30.40      0.00      0.60      0.40      4.20      0.00      0.00      0.00      0.00      0.00
08:27:40 AM      0.00      0.00      0.00      0.00      3.80      0.00      0.00      0.00      0.00      0.00
08:27:45 AM    132.00      0.00      2.80      2.20      2.60      0.00      0.00      0.00      0.00      0.00
08:27:50 AM    112.00      0.00      0.80     28.00    317.40      0.00      0.00      0.00      0.00      0.00
08:27:55 AM     96.00     32.00      1.80      1.60      2.20      0.00      0.00      0.00      0.00      0.00
08:28:00 AM    160.00     92.00      0.00     40.00    414.40      0.00      0.00      0.00      0.00      0.00
08:28:05 AM      0.00      7.20      0.00      0.00      3.80      0.00      0.00      0.00      0.00      0.00
08:28:10 AM   1526.40      0.00    300.60     53.20    515.20      0.00      0.00      0.00      0.00      0.00
08:28:15 AM      0.00      0.00      0.00      0.00      3.80      0.00      0.00      0.00      0.00      0.00
08:28:20 AM     90.40      0.00      0.00     22.60    209.20      0.00      0.00      0.00      0.00      0.00
08:28:25 AM 108501.60 120488.00  27120.60  27120.40  30614.40  38498.20      0.00  30449.80      0.00      0.00
08:28:30 AM     45.60     32.00      0.00     11.40    106.60      0.00      0.00      0.00      0.00      0.00
08:28:35 AM      0.00    111.20      0.00      0.00      3.80      0.00      0.00      0.00      0.00      0.00
08:28:40 AM     48.00      4.00      0.00     12.00    106.60      0.00      0.00      0.00      0.00      0.00
08:28:45 AM      0.00      0.00      0.00      0.00      3.80      0.00      0.00      0.00      0.00      0.00
08:28:50 AM     50.40      0.00      0.20     12.60    106.60      0.00      0.00      0.00      0.00      0.00
08:28:55 AM 101264.80  89744.00  24261.00  24254.40  26487.40 199882.40     70.20  26190.80      0.00      0.00
08:29:00 AM   1000.80      0.00     12.20      2.80      3.80      0.00      0.00      0.00      0.00      0.00
08:29:05 AM     88.00     32.00      1.60      0.60      4.00      0.00      0.00      0.00      0.00      0.00
08:29:10 AM     16.00     92.00      0.00      0.00      3.80      0.00      0.00      0.00      0.00      0.00
08:29:15 AM    778.40      4.00      6.00      1.20      4.40      0.00      0.00      0.00      0.00      0.00
08:29:20 AM      0.00      0.00      0.00      0.00      3.80      0.00      0.00      0.00      0.00      0.00
08:29:25 AM  70739.20  66863.20  17680.60  17680.60  16932.60  20779.20      0.00  16848.80      0.00      0.00
08:29:30 AM      0.80      0.00      0.20      0.20      3.80      0.00      0.00      0.00      0.00      0.00
08:29:35 AM    190.40      0.00      1.40     43.20    504.40      0.00      0.00      0.00      0.00      0.00
08:29:40 AM      0.00     32.00      0.00      0.00      4.00      0.00      0.00      0.00      0.00      0.00
08:29:45 AM      0.00    111.20      0.40      0.00      3.80      0.00      0.00      0.00      0.00      0.00
08:29:50 AM      0.00      4.00      0.00      0.00      5.60      0.00      0.00      0.00      0.00      0.00
08:29:55 AM    336.00      0.00     84.00     84.00      1.20      0.00      0.00      0.00      0.00      0.00
08:30:00 AM      0.00      0.00      0.00      0.00      4.00      0.00      0.00      0.00      0.00      0.00
08:30:05 AM     39.20      0.00      0.00      9.80    106.40      0.00      0.00      0.00      0.00      0.00
08:30:10 AM      0.00      0.00      0.00      0.00      4.00      0.00      0.00      0.00      0.00      0.00
08:30:15 AM      0.80     32.00      0.80      0.20      3.80      0.00      0.00      0.00      0.00      0.00
08:30:20 AM      0.00     92.00      0.00      0.00      3.80      0.00      0.00      0.00      0.00      0.00
08:30:25 AM  70286.40  56168.80  17553.40  17564.80  16028.80  19727.40      0.00  15679.40      0.00      0.00
08:30:30 AM     69.60      0.00      2.40      2.20      3.80      0.00      0.00      0.00      0.00      0.00
08:30:35 AM      0.00      0.00      0.00      0.00      4.00      0.00      0.00      0.00      0.00      0.00
08:30:40 AM      0.00      0.00      0.00      0.00      3.80      0.00      0.00      0.00      0.00      0.00
08:30:45 AM      8.00      0.00      0.40      0.40      4.00      0.00      0.00      0.00      0.00      0.00
08:30:50 AM    545.60      0.00    145.40    132.20      9.60      0.00      0.00      0.00      0.00      0.00
08:30:55 AM  61398.40  60235.20  15358.40  15358.00  15407.00  23705.00    218.60  15361.20      0.00      0.00
08:31:00 AM      0.00      4.80      0.00      0.00      4.00      0.00      0.00      0.00      0.00      0.00
08:31:05 AM    192.80      0.00      1.00     48.20    516.80      0.00      0.00      0.00      0.00      0.00
08:31:10 AM      1.60      0.00      0.40      0.40      4.40      0.00      0.00      0.00      0.00      0.00
08:31:15 AM   2210.40      0.00     52.00     48.40    109.40      0.00      0.00      0.00      0.00      0.00
08:31:20 AM     12.00      0.00      5.60      4.40      6.00      0.00      0.00      0.00      0.00      0.00
08:31:25 AM  52264.80  47346.40  12076.00  12057.00  12371.20  28594.00     13.20  12299.40      0.00      0.00
08:31:30 AM    360.00  20621.60     24.20     21.80   5142.00   5167.40      0.00   5136.60      0.00      0.00
08:31:35 AM    249.60      5.60      1.00      0.80     10.60      0.00      0.00      0.00      0.00      0.00
08:31:40 AM     11.20      0.00      2.80      2.80      4.20      0.00      0.00      0.00      0.00      0.00
08:31:45 AM    153.60     43.20     10.20      3.20      5.00      0.00      0.00      0.00      0.00      0.00
08:31:50 AM      6.40      0.00      1.60      1.60      4.00      0.00      0.00      0.00      0.00      0.00
08:31:55 AM  50735.20  39710.40  12460.20  12453.60  10532.20  72323.80     13.00  10417.20      0.00      0.00
08:32:00 AM      0.80      0.00      0.20      0.20      3.80      0.00      0.00      0.00      0.00      0.00
08:32:05 AM     16.00    143.20      1.60      1.60      4.40      0.00      0.00      0.00      0.00      0.00
08:32:10 AM      0.00      4.00      0.00      0.00      3.80      0.00      0.00      0.00      0.00      0.00
08:32:15 AM      0.00      0.00      0.00      0.00      4.00      0.00      0.00      0.00      0.00      0.00
08:32:20 AM      0.00      0.00      0.00      0.00      3.80      0.00      0.00      0.00      0.00      0.00
08:32:25 AM  44625.60  38996.00  11149.20  11149.00  10460.00  77327.20      0.00  10397.20      0.00      0.00
08:32:30 AM      0.80      0.00      0.20      0.20      4.00      0.00      0.00      0.00      0.00      0.00
08:32:35 AM      0.00     32.00      0.00      0.00      4.60      0.00      0.00      0.00      0.00      0.00
08:32:40 AM      7.20     98.40      0.20      0.20      4.00      0.00      0.00      0.00      0.00      0.00
08:32:45 AM   2770.40      4.00     40.40     36.60     29.60      0.00      0.00      0.00      0.00      0.00
08:32:50 AM    654.40      0.00    131.60    127.80     14.80      0.00      0.00      0.00      0.00      0.00
08:32:55 AM  54516.80  44612.80  13653.00  13651.80  12428.80  32112.80     19.60  12362.60      0.00      0.00
08:33:00 AM     40.80      0.00      0.20     10.20    106.80      0.00      0.00      0.00      0.00      0.00
08:33:05 AM     15.20      0.00      0.20      0.20      3.80      0.00      0.00      0.00      0.00      0.00
08:33:10 AM   3252.00  20088.80    334.80     61.60   5807.20   8597.60      0.00   5225.20      0.00      0.00
08:33:15 AM    531.20    117.60      0.20      0.20      4.00      0.00      0.00      0.00      0.00      0.00
08:33:20 AM     36.00      0.00      0.20      9.00    106.40      0.00      0.00      0.00      0.00      0.00
08:33:25 AM  36758.40  32014.40   8821.00   8820.80   9543.00  16184.60      0.00   9451.20      0.00      0.00
08:33:30 AM     11.20      0.00      0.80      0.40      3.80      0.00      0.00      0.00      0.00      0.00
08:33:35 AM      0.00      0.00      0.00      0.00      4.00      0.00      0.00      0.00      0.00      0.00
08:33:40 AM      0.80      0.00      0.20      0.20      3.80      0.00      0.00      0.00      0.00      0.00
08:33:45 AM    650.40      4.80      0.40      0.40      3.80      0.00      0.00      0.00      0.00      0.00
08:33:50 AM      0.00      0.00      0.00      0.00      4.00      0.00      0.00      0.00      0.00      0.00
08:33:55 AM  22139.20   7732.00   5544.60   5544.60   1996.60   5908.60      0.00   1948.80      0.00      0.00
08:34:00 AM      1.60      0.00      0.40      0.40      4.20      0.00      0.00      0.00      0.00      0.00
08:34:05 AM      0.00      0.00      0.00      0.00      3.80      0.00      0.00      0.00      0.00      0.00
08:34:10 AM      0.00      0.00      0.00      0.00      4.00      0.00      0.00      0.00      0.00      0.00
08:34:15 AM      9.60     98.40      0.00      0.00      3.80      0.00      0.00      0.00      0.00      0.00
08:34:20 AM      0.00      4.80      0.00      0.00     99.40      0.00      0.00      0.00      0.00      0.00
08:34:25 AM  90660.00  88300.00  22631.40  22629.60  23002.40 110472.40      0.00  22842.20      0.00      0.00
08:34:30 AM     36.80      0.00      5.40      1.60      4.60      0.00      0.00      0.00      0.00      0.00
08:34:35 AM      0.00      0.00      0.00      0.00      4.00      0.00      0.00      0.00      0.00      0.00
08:34:40 AM      0.00      0.00      0.00      0.00      3.80      0.00      0.00      0.00      0.00      0.00
08:34:45 AM     20.80    117.60      0.40      0.40      4.00      0.00      0.00      0.00      0.00      0.00
08:34:50 AM   1240.00      0.00    175.60    160.40     17.80      0.00      0.00      0.00      0.00      0.00
08:34:55 AM   3543.20   3312.00    879.20    878.80    881.80   1022.80      0.00    879.40      0.00      0.00
08:35:00 AM    206.40      4.00      1.20     32.00    414.40      0.00      0.00      0.00      0.00      0.00
08:35:05 AM      0.00      0.00      0.00      0.00      4.00      0.00      0.00      0.00      0.00      0.00
08:35:10 AM    143.20      0.00      1.80     35.80    621.40      0.00      0.00      0.00      0.00      0.00
08:35:15 AM      0.00      0.00      0.00      0.00      3.80      0.00      0.00      0.00      0.00      0.00
08:35:20 AM    126.40      0.00      0.80     31.60    395.40      0.00      0.00      0.00      0.00      0.00
08:35:25 AM   9443.20  25820.00   1937.20   1937.00   7394.40   8568.80      0.00   7343.80      0.00      0.00
08:35:30 AM     32.80    149.60      0.20      0.20      4.20      0.00      0.00      0.00      0.00      0.00
08:35:35 AM      0.00      5.59      0.00      0.00      3.79      0.00      0.00      0.00      0.00      0.00
08:35:40 AM    699.20      0.00      0.80      0.60      4.00      0.00      0.00      0.00      0.00      0.00
08:35:45 AM      0.00      0.00      0.00      0.00      3.80      0.00      0.00      0.00      0.00      0.00
08:35:50 AM      0.00      0.00      0.00      0.00      5.60      0.00      0.00      0.00      0.00      0.00
08:35:55 AM  43060.80  25360.00  10784.40  10784.40   6834.80  73063.60      0.00   6755.20      0.00      0.00
08:36:00 AM      0.80     32.00      0.20      0.20      4.00      0.00      0.00      0.00      0.00      0.00
08:36:05 AM      9.60     98.40      0.00      0.00      4.00      0.00      0.00      0.00      0.00      0.00
08:36:10 AM      0.00      4.00      0.00      0.00      3.80      0.00      0.00      0.00      0.00      0.00
08:36:15 AM   5784.80   8093.60     73.80     47.20   2075.80   2072.80      0.00   2043.00      0.00      0.00
08:36:20 AM    474.40      0.00      9.20      8.20      6.40      0.00      0.00      0.00      0.00      0.00
08:36:25 AM  35823.20  45070.40   7939.80   7917.20  11644.80  78865.60     51.20  11493.80      0.00      0.00
08:36:30 AM    333.60      0.00     26.40     19.00      4.60      0.00      0.00      0.00      0.00      0.00
08:36:35 AM     89.60     64.00      2.40      1.80      4.40      0.00      0.00      0.00      0.00      0.00
08:36:40 AM    390.40    143.20      1.20      0.80     11.60      0.00      0.00      0.00      0.00      0.00
08:36:45 AM     80.00     41.60      4.40      2.40      5.00      0.00      0.00      0.00      0.00      0.00
08:36:50 AM    470.40      0.00    137.80    123.60     14.40      0.00      0.00      0.00      0.00      0.00
08:36:55 AM  37436.80  29245.60   9067.40   9058.40   8304.60  15771.00    273.20   8232.20      0.00      0.00
08:37:00 AM      1.60      0.00      0.20      0.00      4.00      0.00      0.00      0.00      0.00      0.00
08:37:05 AM    152.00      0.00      0.80     38.00    414.40      0.00      0.00      0.00      0.00      0.00
08:37:10 AM      0.00     32.00      0.00      0.00      4.00      0.00      0.00      0.00      0.00      0.00
08:37:15 AM     84.00    130.40      0.40     17.80    209.40      0.00      0.00      0.00      0.00      0.00
08:37:20 AM      0.00      0.00      0.00      0.00      3.80      0.00      0.00      0.00      0.00      0.00
08:37:25 AM  41609.60  37658.40   9675.80   9703.80  11204.80  36263.60      0.00  10625.80      0.00      0.00
08:37:30 AM   1829.60      0.00      9.00      3.40      3.80      0.00      0.00      0.00      0.00      0.00
08:37:35 AM      8.00      0.00      3.40      2.00      4.00      0.00      0.00      0.00      0.00      0.00
08:37:40 AM      0.00      0.00      0.20      0.00      3.80      0.00      0.00      0.00      0.00      0.00
08:37:45 AM   2004.80      0.00     72.20     46.60     27.20      0.00      0.00      0.00      0.00      0.00
08:37:50 AM     94.40      0.00     13.00      9.20     11.40      0.00      0.00      0.00      0.00      0.00
08:37:55 AM   6805.60   6204.00   1697.20   1697.00   1550.60   1973.60      0.00   1546.00      0.00      0.00
08:38:00 AM      0.00      4.00      0.20      0.00      3.80      0.00      0.00      0.00      0.00      0.00
08:38:05 AM      0.00      0.00      0.00      0.00      4.00      0.00      0.00      0.00      0.00      0.00
08:38:10 AM   2592.80  15235.20    328.00     36.20   4046.40   3973.80      0.00   3863.40      0.00      0.00
08:38:15 AM      0.80      0.00      0.20      0.20      3.80      0.00      0.00      0.00      0.00      0.00
08:38:20 AM      0.80      0.00      0.20      0.20      4.00      0.00      0.00      0.00      0.00      0.00
08:38:25 AM  21487.20  16652.00   5372.20   5372.00   5714.40   6916.80      0.00   5619.00      0.00      0.00
08:38:30 AM      4.00    124.00      0.20      0.20      4.00      0.00      0.00      0.00      0.00      0.00
08:38:35 AM      0.00      4.80      0.00      0.00      3.80      0.00      0.00      0.00      0.00      0.00
08:38:40 AM      0.00      0.00      0.00      0.00      4.00      0.00      0.00      0.00      0.00      0.00
08:38:45 AM      0.00      0.00      0.00      0.00      3.80      0.00      0.00      0.00      0.00      0.00
08:38:50 AM    415.20      0.00    118.60    108.60     11.80      0.00      0.00      0.00      0.00      0.00
08:38:55 AM  53104.00  40072.80  13186.60  13184.40  12121.60  85914.00     23.80  11973.60      0.00      0.00
08:39:00 AM   1409.60      0.00     19.80      5.40     49.40      0.00      0.00      0.00      0.00      0.00
08:39:05 AM    196.80    111.20      0.80     43.60    414.60      0.00      0.00      0.00      0.00      0.00
08:39:10 AM      0.80      0.00      0.40      0.20      3.80      0.00      0.00      0.00      0.00      0.00
08:39:15 AM      1.60      0.00      0.40      0.40      4.00      0.00      0.00      0.00      0.00      0.00
08:39:20 AM      0.80      0.00      0.20      0.20      3.80      0.00      0.00      0.00      0.00      0.00
08:39:25 AM  20879.20  20508.00   4781.80   4799.80   5341.40   5132.20      0.00   5127.60      0.00      0.00
08:39:30 AM      1.60      4.00      0.40      0.40      3.80      0.00      0.00      0.00      0.00      0.00
08:39:35 AM    133.60     32.00      0.00     33.40    311.60      0.00      0.00      0.00      0.00      0.00
08:39:40 AM      0.00      0.00      0.00      0.00      4.00      0.00      0.00      0.00      0.00      0.00
08:39:45 AM      0.00      0.00      0.00      0.00      3.80      0.00      0.00      0.00      0.00      0.00
08:39:50 AM    163.20      0.00      0.00     40.80    414.40      0.00      0.00      0.00      0.00      0.00
08:39:55 AM  34988.80  29545.60   8755.20   8754.40   7767.60  67994.20     38.40   7718.80      0.00      0.00
08:40:00 AM     16.00    124.00      0.00      0.00      4.00      0.00      0.00      0.00      0.00      0.00
08:40:05 AM      0.00      4.80      0.00      0.00      3.80      0.00      0.00      0.00      0.00      0.00
08:40:10 AM      0.00      0.00      0.00      0.00      4.00      0.00      0.00      0.00      0.00      0.00
08:40:15 AM    724.80      0.00      0.40      0.40      4.00      0.00      0.00      0.00      0.00      0.00
08:40:20 AM      0.00      0.00      0.00      0.00      3.80      0.00      0.00      0.00      0.00      0.00
08:40:25 AM  66106.40  67995.20  16526.80  16526.60  17337.00  85404.20      0.00  17193.00      0.00      0.00
08:40:30 AM   5115.20     32.00   1078.20   1078.00     16.80      0.00      0.00      0.00      0.00      0.00
08:40:35 AM     12.80    117.60      0.00      0.00      4.00      0.00      0.00      0.00      0.00      0.00
08:40:40 AM      0.00      4.80      0.00      0.00      3.80      0.00      0.00      0.00      0.00      0.00
08:40:45 AM      0.00      0.00      0.00      0.00      4.00      0.00      0.00      0.00      0.00      0.00
08:40:50 AM   1533.60   1328.00    120.80    101.20    473.60    436.40      0.00    426.00      0.00      0.00
08:40:55 AM  11417.60  20392.80   2856.20   2854.80   5445.40   5531.60      0.00   5190.80      0.00      0.00
08:41:00 AM    132.80      0.00      1.20     33.20    414.40      0.00      0.00      0.00      0.00      0.00
08:41:05 AM      0.00     32.00      0.00      0.00      3.80      0.00      0.00      0.00      0.00      0.00
08:41:10 AM    148.80     92.00      0.80     36.40    414.60      0.00      0.00      0.00      0.00      0.00
08:41:15 AM   2696.80      4.80     63.20     45.80      8.40      0.00      0.00      0.00      0.00      0.00
08:41:20 AM    593.60      0.00      9.20     37.60    312.20      0.00      0.00      0.00      0.00      0.00
08:41:25 AM  44819.96  45807.58  10172.06  10142.32  12376.05 120086.63     20.36  12339.12      0.00      0.00
08:41:30 AM   1727.45      0.00     59.12     36.67      8.42      0.00      0.00      0.00      0.00      0.00
08:41:35 AM     59.20      0.00      3.40      2.00      5.00      0.00      0.00      0.00      0.00      0.00
08:41:40 AM    280.80     64.00      0.80      0.40     16.80      0.00      0.00      0.00      0.00      0.00
08:41:45 AM    122.40    187.20      5.60      2.60      5.20      0.00      0.00      0.00      0.00      0.00
08:41:50 AM      0.00      4.00      0.00      0.00      4.00      0.00      0.00      0.00      0.00      0.00
08:41:55 AM  46992.00  45012.80  11754.80  11752.00  13380.80 142976.40      0.00  13317.20      0.00      0.00
08:42:00 AM   2310.40      0.00    231.40    221.80     14.80      0.00      0.00      0.00      0.00      0.00
08:42:05 AM      0.00      0.00      0.00      0.00      4.00      0.00      0.00      0.00      0.00      0.00
08:42:10 AM      0.00      0.00      0.00      0.00      4.00      0.00      0.00      0.00      0.00      0.00
08:42:15 AM      9.60    124.00      0.00      0.00      4.00      0.00      0.00      0.00      0.00      0.00
08:42:20 AM      0.00      0.00      0.00      0.00      3.80      0.00      0.00      0.00      0.00      0.00
08:42:25 AM     10.40      0.00      4.60      2.60      2.00      0.00      0.00      0.00      0.00      0.00
08:42:30 AM      0.00      5.60      0.00      0.00      4.00      0.00      0.00      0.00      0.00      0.00
08:42:35 AM      0.00      0.00      0.00      0.00      3.80      0.00      0.00      0.00      0.00      0.00
08:42:40 AM      0.00      0.00      0.00      0.00      4.00      0.00      0.00      0.00      0.00      0.00
08:42:45 AM   2992.80      0.00     35.40     21.60      1.60      0.00      0.00      0.00      0.00      0.00
08:42:50 AM    664.80      0.00    106.80     99.40     22.20      0.00      0.00      0.00      0.00      0.00
08:42:55 AM  34921.60  27327.20   8729.40   8728.80   7227.00  63902.40    134.00   7218.40      0.00      0.00
08:43:00 AM  30379.20  37273.60   6413.00   6411.40  10974.80  60823.80     12.80  10759.00      0.00      0.00
08:43:05 AM    682.40      4.80      7.80      0.60      3.80      0.00      0.00      0.00      0.00      0.00
08:43:10 AM    146.40      0.00      0.80     36.60    414.40      0.00      0.00      0.00      0.00      0.00
08:43:15 AM   2782.40      0.00    335.00     35.40    242.60      0.00      0.00      0.00      0.00      0.00
08:43:20 AM      0.00      0.00      0.00      0.00      3.80      0.00      0.00      0.00      0.00      0.00
08:43:25 AM  25655.20  18392.80   6361.60   6404.40   5398.40  10787.80      0.00   4882.80      0.00      0.00
08:43:30 AM  13197.60  11412.80   3304.60   3304.60   2890.80   3392.00      0.00   2858.20      0.00      0.00
08:43:35 AM     22.40    168.80      0.00      0.00      4.00      0.00      0.00      0.00      0.00      0.00
08:43:40 AM      0.00      4.80      0.00      0.00      3.80      0.00      0.00      0.00      0.00      0.00
08:43:45 AM      8.00      0.00      2.20      2.00      3.80      0.00      0.00      0.00      0.00      0.00
08:43:50 AM    126.40      0.00      4.00      3.00      4.00      0.00      0.00      0.00      0.00      0.00
08:43:55 AM   6505.60  11343.20   1633.00   1633.00   2847.60   4154.60      0.00   2841.20      0.00      0.00
08:44:00 AM   1310.40      0.00    328.20    328.20     19.20      0.00      0.00      0.00      0.00      0.00
08:44:05 AM    539.20     32.00      1.00      0.80     16.00      0.00      0.00      0.00      0.00      0.00
08:44:10 AM      0.00     98.40      0.00      0.00      4.00      0.00      0.00      0.00      0.00      0.00
08:44:15 AM      0.00      4.00      0.00      0.00      4.00      0.00      0.00      0.00      0.00      0.00
08:44:20 AM      0.80      0.00      0.20      0.20      4.00      0.00      0.00      0.00      0.00      0.00
08:44:25 AM   5525.60    914.40   1381.60   1381.60    230.20    623.00      0.00    229.20      0.00      0.00
08:44:30 AM  51495.41  57322.95  12867.86  12865.87  15517.17  74735.13     15.17  15337.72      0.00      0.00
08:44:35 AM    154.40      0.00     12.60      8.80      7.20      0.00      0.00      0.00      0.00      0.00
08:44:40 AM      0.80     32.00      0.20      0.20      3.80      0.00      0.00      0.00      0.00      0.00
08:44:45 AM     20.00    117.60      1.00      1.00      4.40      0.00      0.00      0.00      0.00      0.00
08:44:50 AM    828.00      4.00    217.80    203.40     13.60      0.00      0.00      0.00      0.00      0.00
08:44:55 AM      0.00      0.00      0.00      0.00      0.60      0.00      0.00      0.00      0.00      0.00
08:45:00 AM  12439.20      0.00   3104.40   3104.20     19.00      0.00      0.00      0.00      0.00      0.00
08:45:05 AM    166.40   4331.20      0.80     41.60   1531.00   1719.00      0.00   1116.60      0.00      0.00
08:45:10 AM      0.00      0.00      0.00      0.00      3.80      0.00      0.00      0.00      0.00      0.00
08:45:15 AM     76.80     32.00      0.60     19.20    209.20      0.00      0.00      0.00      0.00      0.00
08:45:20 AM      0.00     92.00      0.00      0.00      4.00      0.00      0.00      0.00      0.00      0.00
08:45:25 AM    861.60      4.00      0.60     18.40    212.00      0.00      0.00      0.00      0.00      0.00
08:45:30 AM  20718.40  19172.80   5198.60   5198.00   6150.00  28775.20    283.40   5903.00      0.00      0.00
08:45:35 AM      0.00      0.00      0.00      0.00      3.80      0.00      0.00      0.00      0.00      0.00
08:45:40 AM      0.00      0.00      0.00      0.00      4.80      0.00      0.00      0.00      0.00      0.00
08:45:45 AM      1.60      0.00      0.40      0.40      3.80      0.00      0.00      0.00      0.00      0.00
08:45:50 AM      0.00     32.00      0.00      0.00      4.00      0.00      0.00      0.00      0.00      0.00
08:45:55 AM      4.00    111.20      0.20      0.20      0.40      0.00      0.00      0.00      0.00      0.00
08:46:00 AM  36716.80  36884.00   9191.80   9189.20   9518.00  69701.00      0.00   9422.60      0.00      0.00
08:46:05 AM      0.00      0.00      0.00      0.00      4.00      0.00      0.00      0.00      0.00      0.00
08:46:10 AM      0.00      0.00      0.00      0.00      3.80      0.00      0.00      0.00      0.00      0.00
08:46:15 AM   5517.60      0.00     64.00     46.00     27.20      0.00      0.00      0.00      0.00      0.00
08:46:20 AM    259.20      0.00      9.80      8.40      4.20      0.00      0.00      0.00      0.00      0.00
08:46:25 AM   3948.00   4496.00     35.20     14.20   1319.20   1326.20      0.00   1314.40      0.00      0.00
08:46:30 AM  10848.80  20934.40   2431.60   2422.20   5724.60   9470.40      0.00   5502.80      0.00      0.00
08:46:35 AM     12.00      6.40      3.20      3.00      4.20      0.00      0.00      0.00      0.00      0.00
08:46:40 AM      0.00      0.00      0.00      0.00      4.20      0.00      0.00      0.00      0.00      0.00
08:46:45 AM     77.60     42.40      9.00      1.80      5.80      0.00      0.00      0.00      0.00      0.00
08:46:50 AM    644.00      0.00    141.20    126.60     13.80      0.00      0.00      0.00      0.00      0.00
08:46:55 AM      0.00     16.00      0.00      0.00      0.40      0.00      0.00      0.00      0.00      0.00
08:47:00 AM  38351.20  35232.80   9413.80   9404.40   9496.60  55159.40     81.20   9404.80      0.00      0.00
08:47:05 AM     85.60    136.80      0.80      0.20      3.80      0.00      0.00      0.00      0.00      0.00
08:47:10 AM     88.80      4.80      0.60     22.20    202.20      0.00      0.00      0.00      0.00      0.00
08:47:15 AM      0.00      0.00      0.00      0.00      3.80      0.00      0.00      0.00      0.00      0.00
08:47:20 AM      0.00      0.00      0.00      0.00      4.00      0.00      0.00      0.00      0.00      0.00
08:47:25 AM     15.20      0.00      3.80      3.80      0.60      0.00      0.00      0.00      0.00      0.00
08:47:30 AM  39544.80  29025.60   9893.80   9892.20   9955.20  74181.20      0.00   9897.80      0.00      0.00
08:47:35 AM     47.20    149.60      5.20      1.00      4.00      0.00      0.00      0.00      0.00      0.00
08:47:40 AM      0.80      0.00      0.20      0.20      3.80      0.00      0.00      0.00      0.00      0.00
08:47:45 AM   7013.60      4.00     67.40     44.60     25.00      0.00      0.00      0.00      0.00      0.00
08:47:50 AM    101.60      0.00     12.60      4.80      9.60      0.00      0.00      0.00      0.00      0.00
08:47:55 AM      0.00      0.00      0.00      0.00      0.60      0.00      0.00      0.00      0.00      0.00
08:48:00 AM   1741.60  22530.40    435.40    435.00   5655.60   5913.20      0.00   5649.00      0.00      0.00
08:48:05 AM      0.00     32.00      0.00      0.00      3.80      0.00      0.00      0.00      0.00      0.00
08:48:10 AM      0.00      0.00      0.00      0.00      4.00      0.00      0.00      0.00      0.00      0.00
08:48:15 AM   2416.80    111.20    335.20     43.60    264.60      0.00      0.00      0.00      0.00      0.00
08:48:20 AM      0.00      4.00      0.00      0.00      4.20      0.00      0.00      0.00      0.00      0.00
08:48:25 AM   1652.00      0.00      2.00      1.40      1.40      0.00      0.00      0.00      0.00      0.00
08:48:30 AM  32309.60  16692.00   8066.60   8066.20   5019.80   7289.20      0.00   4642.20      0.00      0.00
08:48:35 AM     59.20      0.00     12.60     12.60      7.00      0.00      0.00      0.00      0.00      0.00
08:48:40 AM    135.20      0.00     25.40     24.80      6.00      0.00      0.00      0.00      0.00      0.00
08:48:45 AM    663.20      0.00      8.20      6.80      3.80      0.00      0.00      0.00      0.00      0.00
08:48:50 AM   1104.80     85.60    295.80    278.20     16.40      0.00      0.00      0.00      0.00      0.00
08:48:55 AM      0.00      0.00      0.00      0.00      0.60      0.00      0.00      0.00      0.00      0.00
08:49:00 AM  26322.40  17936.00   5965.80   5964.80   6413.80  38191.40      0.00   6353.40      0.00      0.00
08:49:05 AM     20.00      5.60      1.40      1.40      4.00      0.00      0.00      0.00      0.00      0.00
08:49:10 AM      2.40      0.00      0.60      0.60      3.80      0.00      0.00      0.00      0.00      0.00
08:49:15 AM      0.00      0.00      0.00      0.00      4.00      0.00      0.00      0.00      0.00      0.00
08:49:20 AM      0.00      0.00      0.00      0.00      4.00      0.00      0.00      0.00      0.00      0.00
08:49:25 AM    220.00      0.00      1.00      0.60      0.40      0.00      0.00      0.00      0.00      0.00
08:49:30 AM  20836.80  26751.20   5125.20   5125.20   7326.20  64982.00      0.00   7013.60      0.00      0.00
08:49:35 AM      9.60    156.00      0.00      0.00      3.80      0.00      0.00      0.00      0.00      0.00
08:49:40 AM      4.80      4.00      1.20      1.20      4.00      0.00      0.00      0.00      0.00      0.00
08:49:45 AM      3.20      0.00      0.80      0.80      3.80      0.00      0.00      0.00      0.00      0.00
08:49:50 AM      0.00      0.00      0.00      0.00      4.00      0.00      0.00      0.00      0.00      0.00
08:49:55 AM      0.00      0.00      0.00      0.00      0.40      0.00      0.00      0.00      0.00      0.00
08:50:00 AM  17966.40   5578.40   4495.80   4491.00   2395.00   2528.00      0.00   2352.40      0.00      0.00
08:50:05 AM      3.20     32.00      0.20      0.20      4.60      0.00      0.00      0.00      0.00      0.00
08:50:10 AM      6.40     98.40      0.00      0.00      3.80      0.00      0.00      0.00      0.00      0.00
08:50:15 AM      0.80      5.60      0.20      0.20      4.00      0.00      0.00      0.00      0.00      0.00
08:50:20 AM      0.00      0.00      0.00      0.00      4.00      0.00      0.00      0.00      0.00      0.00
08:50:25 AM    182.40      0.00     14.20     13.20      2.00      0.00      0.00      0.00      0.00      0.00
08:50:30 AM   4726.40   4084.80    992.20    992.20   1534.60   1657.80      0.00   1528.20      0.00      0.00
08:50:35 AM      6.40      0.00      0.00      0.00      4.00      0.00      0.00      0.00      0.00      0.00
08:50:40 AM      0.00     32.00      0.00      0.00      3.80      0.00      0.00      0.00      0.00      0.00
08:50:45 AM     11.20    124.00      0.40      0.40      4.00      0.00      0.00      0.00      0.00      0.00
08:50:50 AM   1028.00      4.00     55.80     55.00      3.80      0.00      0.00      0.00      0.00      0.00
08:50:55 AM   2096.80  12317.60    131.40    112.60   3216.20  36954.80      0.00   3191.60      0.00      0.00
08:51:00 AM  12282.40      0.00   3016.40   3015.80     20.60      0.00      0.00      0.00      0.00      0.00
08:51:05 AM      0.80      0.00      0.20      0.20      3.80      0.00      0.00      0.00      0.00      0.00
08:51:10 AM      0.00      0.00      0.00      0.00      4.00      0.00      0.00      0.00      0.00      0.00
08:51:15 AM   3473.60  20348.80     71.40     50.00   5113.20  32144.20      0.00   5084.20      0.00      0.00
08:51:20 AM    498.40     98.40      7.60      6.60      4.60      0.00      0.00      0.00      0.00      0.00
08:51:25 AM   4078.40      0.00     34.00     13.80      2.20      0.00      0.00      0.00      0.00      0.00
08:51:30 AM  29896.21  28056.69   5867.86   5841.32   9689.82  12671.66     38.32   9591.82      0.00      0.00
08:51:35 AM   1461.32      0.00     63.53     45.49      8.82      0.00      0.00      0.00      0.00      0.00
08:51:40 AM    276.00      0.00      6.60      4.60      4.00      0.00      0.00      0.00      0.00      0.00
08:51:45 AM    266.40     56.80     19.00      9.60      5.80      0.00      0.00      0.00      0.00      0.00
08:51:50 AM     12.00      0.00      4.40      4.40      4.80      0.00      0.00      0.00      0.00      0.00
08:51:55 AM     16.00    136.80      0.00      0.00      0.60      0.00      0.00      0.00      0.00      0.00
08:52:00 AM   6661.60      0.00   1482.60   1472.60     11.60      0.00      0.00      0.00      0.00      0.00
08:52:05 AM      0.00      4.00      0.00      0.00      4.00      0.00      0.00      0.00      0.00      0.00
08:52:10 AM      8.00      0.00      2.00      2.00      3.80      0.00      0.00      0.00      0.00      0.00
08:52:15 AM      1.60      0.00      0.60      0.60      4.20      0.00      0.00      0.00      0.00      0.00
08:52:20 AM     18.40      0.00      4.60      4.60      5.20      0.00      0.00      0.00      0.00      0.00
08:52:25 AM     36.80      0.00     10.00      9.20      3.20      0.00      0.00      0.00      0.00      0.00
08:52:30 AM   7091.20   6939.20   1773.00   1772.80   1762.80   3721.60      0.00   1751.40      0.00      0.00
08:52:35 AM      1.60     92.00      0.40      0.40      3.80      0.00      0.00      0.00      0.00      0.00
08:52:40 AM      0.00      0.00      0.00      0.00      4.00      0.00      0.00      0.00      0.00      0.00
08:52:45 AM    796.00      0.00     49.20     38.80      5.60      0.00      0.00      0.00      0.00      0.00
08:52:50 AM     60.80      0.00      7.80      5.60      9.60      0.00      0.00      0.00      0.00      0.00
08:52:55 AM    861.60      0.00    227.80    220.20     28.40      0.00      0.00      0.00      0.00      0.00
08:53:00 AM  53403.59  52869.46  12004.19  11993.61  16383.23 187508.38      0.00  16312.57      0.00      0.00
08:53:05 AM     73.75      0.00     18.24     11.62      4.01      0.00      0.00      0.00      0.00      0.00
08:53:10 AM     49.60      0.00     18.00     12.40      3.80      0.00      0.00      0.00      0.00      0.00
08:53:15 AM   2828.80      0.00    344.40     40.40    211.00      0.00      0.00      0.00      0.00      0.00
08:53:20 AM      3.20      0.00      0.80      0.80      3.80      0.00      0.00      0.00      0.00      0.00
08:53:25 AM     24.00    111.20      1.00      0.40      0.80      0.00      0.00      0.00      0.00      0.00
08:53:30 AM   1644.80      0.00    350.00    347.00      4.00      0.00      0.00      0.00      0.00      0.00
08:53:35 AM      0.00      6.40      0.00      0.00      4.00      0.00      0.00      0.00      0.00      0.00
08:53:40 AM    387.20      0.00      2.40      2.20      9.60      0.00      0.00      0.00      0.00      0.00
08:53:45 AM      0.80      0.00      0.40      0.20      3.80      0.00      0.00      0.00      0.00      0.00
08:53:50 AM      0.00      0.00      0.00      0.00      4.80      0.00      0.00      0.00      0.00      0.00
08:53:55 AM      0.00     32.00      0.00      0.00      0.40      0.00      0.00      0.00      0.00      0.00
08:54:00 AM   8128.80      0.00   2034.40   2034.20     14.60      0.00      0.00      0.00      0.00      0.00
08:54:05 AM      0.80    111.20      1.40      0.20      3.80      0.00      0.00      0.00      0.00      0.00
08:54:10 AM      0.80      4.80      0.20      0.20      4.20      0.00      0.00      0.00      0.00      0.00
08:54:15 AM      0.80      0.00      0.20      0.20      3.80      0.00      0.00      0.00      0.00      0.00
Average:      3261.82   3330.07    769.75    759.58    931.18   3329.69      1.81    689.83      0.00      0.00
