Linux 7.0.10-arch1-1 (archlinux) 	05/28/2026 	_x86_64_	(4 CPU)

07:54:15 AM kbmemfree   kbavail kbmemused  %memused kbbuffers  kbcached  kbcommit   %commit  kbactive   kbinact   kbdirty   kbshmem
07:54:20 AM   3990660   4016200   3889616     49.20      2556    239952   8793516     32.00   3648680     67960       944      5372
07:54:25 AM   3990168   4015740   3890076     49.21      2556    239960   8786668     31.97   3644848     68000      1136      5372
07:54:30 AM   3990168   4015740   3890076     49.21      2556    239964   8786668     31.97   3644848     68000      1140      5372
07:54:35 AM   3990168   4015752   3890064     49.21      2556    240028   8786668     31.97   3644896     68012       856      5372
07:54:40 AM   3990168   4015828   3889988     49.20      2556    240040   8786668     31.97   3644896     68088       560      5372
07:54:45 AM   3989040   4015044   3890772     49.21      2556    240384   8786668     31.97   3644896     68432       216      5372
07:54:50 AM   3989040   4015276   3890540     49.21      2556    240616   8786924     31.97   3644896     68664       316      5372
07:54:55 AM   3989040   4015276   3890540     49.21      2556    240684   8786924     31.97   3644960     68664       136      5372
07:55:00 AM   3989040   4015276   3890540     49.21      2556    240728   8786924     31.97   3644960     68664       180      5372
07:55:05 AM   3989040   4014348   3891468     49.22      2512    239732   8786924     31.97   3644964     67740       328      5372
07:55:10 AM   3989040   4014128   3891688     49.23      2512    239508   8786924     31.97   3644652     67660       328      5368
07:55:15 AM   3989040   4014128   3891688     49.23      2512    239512   8786924     31.97   3644656     67660       348      5368
07:55:20 AM   3989040   4014508   3891308     49.22      2516    239920   8786924     31.97   3644660     68032       204      5368
07:55:25 AM   3989040   4014476   3891340     49.22      2516    239844   8786924     31.97   3644440     68112       260      5368
07:55:30 AM   3988788   4014224   3891592     49.22      2516    239900   8786924     31.97   3644440     68112       280      5368
07:55:35 AM   3988788   4014320   3891496     49.22      2516    239940   8786924     31.97   3644492     68156       148      5368
07:55:40 AM   3988788   4014316   3891500     49.22      2516    239976   8786924     31.97   3644488     68156       148      5368
07:55:45 AM   3988788   4014360   3891456     49.22      2516    239980   8786924     31.97   3644532     68156       148      5368
07:55:50 AM   3988788   4014360   3891456     49.22      2516    239980   8786924     31.97   3644532     68156        20      5368
07:55:55 AM   3988788   4014564   3891252     49.22      2516    240184   8786924     31.97   3644532     68364        20      5368
07:56:00 AM   3992400   4013172   3892644     49.24      2120    235532   8786924     31.97   3642784     64720        64      5324
07:56:05 AM   3992400   4013172   3892644     49.24      2120    235532   8786924     31.97   3642784     64720        84      5324
07:56:10 AM   3992400   4013172   3892644     49.24      2120    235536   8786924     31.97   3642784     64720        88      5324
07:56:15 AM   3992400   4013256   3892560     49.24      2120    235720   8786924     31.97   3642820     64768       284      5324
07:56:20 AM   3992400   4013248   3892568     49.24      2120    235708   8786924     31.97   3642812     64768       280      5324
07:56:25 AM   4003776   4007512   3898304     49.31      1348    219096   8786924     31.97   3635924     53176       136      5152
07:56:30 AM   4003776   4007512   3898304     49.31      1348    219096   8786924     31.97   3635924     53176       136      5152
07:56:35 AM   4003776   4007132   3898684     49.31      1348    218716   8786924     31.97   3635512     53172       164      5152
07:56:40 AM   4003776   4007132   3898684     49.31      1348    218716   8786924     31.97   3635512     53172       184      5152
07:56:45 AM   4003776   4007708   3898108     49.31      1348    219340   8786924     31.97   3636012     53252       268      5152
07:56:50 AM   4003776   4007464   3898352     49.31      1348    219172   8786924     31.97   3631988     52928       152      5152
07:56:55 AM   4004476   4007320   3898496     49.31      1348    218264   8786924     31.97   3631364     52668        24      5152
07:57:00 AM   4004252   4010008   3895808     49.28      1348    221368   8786924     31.97   3634164     52792        24      5152
07:57:05 AM   4004252   4010380   3895436     49.27      1356    221700   8786924     31.97   3634340     52988        24      5152
07:57:10 AM   4004252   4011068   3894748     49.26      1356    222308   8786924     31.97   3634812     53216       276      5152
07:57:15 AM   4004252   4011120   3894696     49.26      1356    222312   8786924     31.97   3634864     53216       296      5152
07:57:20 AM   4004252   4011212   3894604     49.26      1356    222328   8786924     31.97   3634872     53300       304      5152
07:57:25 AM   4005384   4008952   3896864     49.29      1348    219040   8786924     31.97   3632064     52692       300      5152
07:57:30 AM   4004984   4009628   3896188     49.28      1348    220160   8786924     31.97   3633136     52692       300      5152
07:57:35 AM   4004984   4009628   3896188     49.28      1348    220180   8786924     31.97   3633012     52816       140      5152
07:57:40 AM   4004984   4008320   3897496     49.30      1356    218744   8786924     31.97   3631364     53140        24      5152
07:57:45 AM   4004984   4010932   3894884     49.27      1356    221304   8795120     32.00   3633828     53328       296      5152
07:57:50 AM   4007488   4010744   3895072     49.27      1348    218724   8795120     32.00   3631760     52660       316      5152
07:57:55 AM   4007488   4010892   3894924     49.27      1348    218904   8795120     32.00   3631912     52660       324      5152
07:58:00 AM   4007488   4011032   3894784     49.26      1348    218904   8795120     32.00   3632044     52668       324      5152
07:58:05 AM   4006228   4013732   3892084     49.23      1348    222928   8794184     32.00   3635800     52752       324      5152
07:58:10 AM   4006228   4014140   3891676     49.23      1356    223264   8794184     32.00   3635856     53220       148      5152
07:58:15 AM   4006228   4013876   3891940     49.23      1356    223100   8794184     32.00   3635528     53244        28      5152
07:58:20 AM   4006228   4014092   3891724     49.23      1356    223208   8794184     32.00   3635580     53412        96      5152
07:58:25 AM   4006228   4014092   3891724     49.23      1356    223228   8794184     32.00   3635580     53412       116      5152
07:58:30 AM   4006228   4011860   3893956     49.25      1356    220980   8794184     32.00   3632804     52868       116      5152
07:58:35 AM   4006228   4011792   3894024     49.26      1356    220912   8794184     32.00   3632732     52868       116      5152
07:58:40 AM   4006228   4011240   3894576     49.26      1348    220372   8794184     32.00   3632268     52756       116      5152
07:58:45 AM   4006480   4011620   3894196     49.26      1356    220756   8794184     32.00   3631956     53136        20      5152
07:58:50 AM   4006480   4011656   3894160     49.26      1356    220524   8794184     32.00   3629816     53260        20      5152
07:58:55 AM   4006480   4012372   3893444     49.25      1356    221280   8794184     32.00   3630520     53340        80      5152
07:59:00 AM   4006480   4012412   3893404     49.25      1356    221280   8794184     32.00   3630576     53340       100      5152
07:59:05 AM   4006480   4012412   3893404     49.25      1356    221280   8794184     32.00   3630576     53340       100      5152
07:59:10 AM   4006480   4012412   3893404     49.25      1356    221280   8794184     32.00   3630576     53340       100      5152
07:59:15 AM   4006228   4011668   3894148     49.26      1348    220948   8794184     32.00   3630656     52764        20      5152
07:59:20 AM   4006228   4011132   3894684     49.26      1348    220260   8794184     32.00   3630124     52764        20      5152
07:59:25 AM   4006056   4011964   3893852     49.25      1356    221488   8794184     32.00   3630608     53284        24      5152
07:59:30 AM   4005976   4012256   3893560     49.25      1356    221644   8794184     32.00   3630896     53360        80      5152
07:59:35 AM   4011088   4011584   3894232     49.26      1328    215912   8794184     32.00   3628116     50336       100      5152
07:59:40 AM   4011088   4011744   3894072     49.26      1328    216032   8794184     32.00   3628276     50336       100      5152
07:59:45 AM   4011088   4011992   3893824     49.25      1328    216524   8794184     32.00   3628528     50336       100      5152
07:59:50 AM   4011940   4012484   3893332     49.25      1328    216008   8794184     32.00   3628248     50256       100      5152
07:59:55 AM   4011940   4012384   3893432     49.25      1328    216080   8794184     32.00   3628100     50304        20      5152
08:00:00 AM   4011940   4012936   3892880     49.24      1336    216364   8794184     32.00   3628248     50708        20      5152
08:00:05 AM   4011940   4012984   3892832     49.24      1336    216444   8794184     32.00   3628248     50756        80      5152
08:00:10 AM   4011940   4013384   3892432     49.24      1336    216812   8794184     32.00   3628620     50788       100      5152
08:00:15 AM   4011940   4013748   3892068     49.23      1336    217228   8794184     32.00   3628996     50788       100      5152
08:00:20 AM   4011940   4013804   3892012     49.23      1336    217232   8794184     32.00   3629064     50792       104      5152
08:00:25 AM   4011688   4013448   3892368     49.23      1336    217228   8794184     32.00   3628960     50792       104      5152
08:00:30 AM   4011688   4013448   3892368     49.23      1336    217228   8794184     32.00   3628960     50792       104      5152
08:00:35 AM   4011688   4013796   3892020     49.23      1336    217532   8794184     32.00   3629088     51040        24      5152
08:00:40 AM   4011688   4013900   3891916     49.23      1336    217612   8794184     32.00   3629096     51144        80      5152
08:00:45 AM   4011688   4013936   3891880     49.23      1336    217616   8794184     32.00   3629096     51180       104      5152
08:00:50 AM   4011688   4014008   3891808     49.23      1336    217740   8794184     32.00   3629172     51180       104      5152
08:00:55 AM   4011688   4013840   3891976     49.23      1336    217520   8794184     32.00   3628992     51180       104      5152
08:01:00 AM   4011688   4012736   3893080     49.24      1328    216468   8794184     32.00   3628592     50432       104      5152
08:01:05 AM   4011688   4012780   3893036     49.24      1328    216468   8794184     32.00   3628636     50432        24      5152
08:01:10 AM   4011688   4013044   3892772     49.24      1336    216752   8794184     32.00   3628584     50744        24      5152
08:01:15 AM   4011688   4012940   3892876     49.24      1328    216744   8794184     32.00   3628652     50580        96      5152
08:01:20 AM   4011688   4013200   3892616     49.24      1328    217040   8794184     32.00   3629008     50484       116      5152
08:01:25 AM   4011436   4013420   3892396     49.23      1328    217596   8794184     32.00   3629456     50520       284      5152
08:01:30 AM   4010428   4012344   3893472     49.25      1328    217552   8794184     32.00   3629364     50528       316      5152
08:01:35 AM   4010428   4012600   3893216     49.24      1328    217548   8794184     32.00   3629592     50556       312      5152
08:01:40 AM   4010428   4012052   3893764     49.25      1328    217100   8794184     32.00   3629100     50496       144      5152
08:01:45 AM   4010428   4012912   3892904     49.24      1336    218012   8794184     32.00   3629364     51096       196      5152
08:01:50 AM   4010428   4013040   3892776     49.24      1336    218092   8794184     32.00   3629432     51164       276      5152
08:01:55 AM   4010428   4013152   3892664     49.24      1336    218092   8794184     32.00   3629424     51284       296      5152
08:02:00 AM   4010428   4013220   3892596     49.24      1336    218164   8794184     32.00   3629424     51352       184      5152
08:02:05 AM   4010428   4012744   3893072     49.24      1336    217748   8794184     32.00   3628944     51352       184      5152
08:02:10 AM   4010428   4012452   3893364     49.25      1336    217484   8794184     32.00   3628796     51204       184      5152
08:02:15 AM   4010680   4012416   3893400     49.25      1336    217188   8794184     32.00   3628652     51056        24      5152
08:02:20 AM   4010932   4012596   3893220     49.25      1336    217080   8794184     32.00   3628584     51048        24      5152
08:02:25 AM   4010932   4013380   3892436     49.24      1336    217816   8794184     32.00   3629288     51180        80      5152
08:02:30 AM   4010932   4013380   3892436     49.24      1336    217816   8794184     32.00   3629288     51180       100      5152
08:02:35 AM   4010932   4013364   3892452     49.24      1336    217800   8794184     32.00   3629268     51180       100      5152
08:02:40 AM   4010932   4013364   3892452     49.24      1336    217800   8794184     32.00   3629268     51180       100      5152
08:02:45 AM   4010932   4013672   3892144     49.23      1336    218108   8794184     32.00   3629528     51244       100      5152
08:02:50 AM   4010932   4013700   3892116     49.23      1336    218136   8794184     32.00   3629560     51244       100      5152
08:02:55 AM   4010932   4013972   3891844     49.23      1336    218408   8794184     32.00   3629536     51532        20      5152
08:03:00 AM   4010932   4013972   3891844     49.23      1336    218488   8794184     32.00   3629536     51532        80      5152
08:03:05 AM   4011040   4014996   3890820     49.21      1336    219320   8794184     32.00   3631460     51652       100      5152
08:03:10 AM   4012900   4015224   3890592     49.21      1336    217784   8794184     32.00   3629568     51144       100      5152
08:03:15 AM   4012900   4015456   3890360     49.21      1336    217920   8794184     32.00   3629800     51144       100      5152
08:03:20 AM   4012900   4015456   3890360     49.21      1336    217924   8794184     32.00   3629800     51144       100      5152
08:03:25 AM   4012900   4016160   3889656     49.20      1336    218624   8794184     32.00   3630432     51228        24      5152
08:03:30 AM   4012900   4016036   3889780     49.20      1336    218572   8794184     32.00   3630144     51396        24      5152
08:03:35 AM   4022124   4025260   3880556     49.08      1336    218652   8794184     32.00   3630184     51396        80      5152
08:03:40 AM   4022136   4024824   3880992     49.09      1336    218116   8794184     32.00   3629928     51164       100      5152
08:03:45 AM   4022136   4024876   3880940     49.09      1336    218180   8794184     32.00   3629980     51164       100      5152
08:03:50 AM   4022136   4024792   3881024     49.09      1336    218160   8794184     32.00   3629864     51164       100      5152
08:03:55 AM   4022136   4025276   3880540     49.08      1336    218504   8794184     32.00   3630396     51164       100      5152
08:04:00 AM   4022136   4025240   3880576     49.09      1336    218468   8794184     32.00   3630340     51164        20      5152
08:04:05 AM   4022136   4025404   3880412     49.08      1336    218736   8794184     32.00   3630232     51412        20      5152
08:04:10 AM   4022136   4025508   3880308     49.08      1336    218816   8794184     32.00   3630164     51584        80      5152
08:04:15 AM   4022136   4025504   3880312     49.08      1336    218812   8794184     32.00   3630160     51584       100      5152
08:04:20 AM   4022136   4025368   3880448     49.08      1336    218612   8794184     32.00   3630012     51596       100      5152
08:04:25 AM   4022136   4025192   3880624     49.09      1336    218592   8794184     32.00   3629884     51556       148      5152
08:04:30 AM   4022136   4025280   3880536     49.08      1336    218556   8794184     32.00   3629940     51604       148      5152
08:04:35 AM   4022136   4025168   3880648     49.09      1336    218512   8794184     32.00   3629856     51556        24      5152
08:04:40 AM   4022136   4025408   3880408     49.08      1336    218760   8794184     32.00   3629968     51684        24      5152
08:04:45 AM   4022136   4025340   3880476     49.08      1336    218708   8794184     32.00   3629816     51768        80      5152
08:04:50 AM   4022136   4025376   3880440     49.08      1336    218616   8794184     32.00   3629948     51664       100      5152
08:04:55 AM   4022136   4025252   3880564     49.08      1336    218572   8794184     32.00   3629904     51584       100      5152
08:05:00 AM   4022136   4025344   3880472     49.08      1336    218572   8794184     32.00   3630004     51584       100      5152
08:05:05 AM   4022136   4025400   3880416     49.08      1336    218828   8794184     32.00   3630056     51584       100      5152
08:05:10 AM   4022136   4025600   3880216     49.08      1336    218828   8794184     32.00   3630260     51584        20      5152
08:05:15 AM   4022136   4025848   3879968     49.08      1336    219136   8794184     32.00   3630260     51832        20      5152
08:05:20 AM   4022136   4025996   3879820     49.08      1336    219104   8794184     32.00   3630184     52060        80      5152
08:05:25 AM   4021884   4025304   3880512     49.08      1336    218948   8794184     32.00   3629924     51872       100      5152
08:05:30 AM   4021884   4025372   3880444     49.08      1336    218852   8794184     32.00   3629996     51872       100      5152
08:05:35 AM   4021884   4025324   3880492     49.08      1336    218848   8794184     32.00   3629948     51872       100      5152
08:05:40 AM   4021884   4025368   3880448     49.08      1336    218848   8794184     32.00   3629992     51872       100      5152
08:05:45 AM   4021884   4025348   3880468     49.08      1336    218828   8794184     32.00   3629964     51872        20      5152
08:05:50 AM   4021884   4025444   3880372     49.08      1336    218956   8794184     32.00   3629856     52080        20      5152
08:05:55 AM   4021884   4025444   3880372     49.08      1336    219036   8794184     32.00   3629856     52080        80      5152
08:06:00 AM   4021884   4025556   3880260     49.08      1336    219036   8794184     32.00   3629888     52160       100      5152
08:06:05 AM   4021884   4025556   3880260     49.08      1336    219036   8794184     32.00   3629888     52160       100      5152
08:06:10 AM   4021884   4025556   3880260     49.08      1336    219036   8794184     32.00   3629888     52160       100      5152
08:06:15 AM   4021632   4025404   3880412     49.08      1336    219292   8794184     32.00   3629992     52160       100      5152
08:06:20 AM   4021632   4025564   3880252     49.08      1336    219296   8794184     32.00   3630160     52160        20      5152
08:06:25 AM   4020876   4025532   3880284     49.08      1336    220124   8794184     32.00   3630624     52448       192      5152
08:06:30 AM   4020876   4025776   3880040     49.08      1336    220268   8794184     32.00   3630636     52692       280      5152
08:06:35 AM   4020876   4025776   3880040     49.08      1336    220264   8794184     32.00   3630636     52692       296      5152
08:06:40 AM   4020876   4025776   3880040     49.08      1336    220264   8794184     32.00   3630636     52692       296      5152
08:06:45 AM   4020876   4025260   3880556     49.08      1336    219960   8794184     32.00   3630408     52364       300      5152
08:06:50 AM   4020876   4024924   3880892     49.09      1336    219612   8794184     32.00   3630080     52360       296      5152
08:06:55 AM   4020876   4025064   3880752     49.09      1336    219680   8794184     32.00   3629952     52624        20      5152
08:07:00 AM   4020876   4025248   3880568     49.08      1336    219736   8794184     32.00   3630064     52696        20      5152
08:07:05 AM   4020876   4025248   3880568     49.08      1336    219844   8794184     32.00   3630064     52696        80      5152
08:07:10 AM   4020876   4025104   3880712     49.09      1336    219592   8794184     32.00   3630140     52476       104      5152
08:07:15 AM   4020876   4025104   3880712     49.09      1336    219592   8794184     32.00   3630140     52476       104      5152
08:07:20 AM   4020624   4024848   3880968     49.09      1336    219648   8794184     32.00   3630132     52480       108      5152
08:07:25 AM   4020624   4024976   3880840     49.09      1336    219816   8794184     32.00   3630340     52400       108      5152
08:07:30 AM   4020624   4024976   3880840     49.09      1336    219816   8794184     32.00   3630340     52400        28      5152
08:07:35 AM   4020624   4025144   3880672     49.09      1336    219924   8794184     32.00   3630168     52740        28      5152
08:07:40 AM   4020624   4024732   3881084     49.09      1336    219664   8794184     32.00   3629960     52536        80      5152
08:07:45 AM   4020624   4024952   3880864     49.09      1336    219692   8794184     32.00   3630140     52588       100      5152
08:07:50 AM   4020624   4024928   3880888     49.09      1336    219708   8794184     32.00   3630112     52588       100      5152
08:07:55 AM   4020624   4024968   3880848     49.09      1336    219708   8794184     32.00   3630156     52588       100      5152
08:08:00 AM   4020624   4024872   3880944     49.09      1336    219684   8794184     32.00   3630156     52492       100      5152
08:08:05 AM   4017692   4024068   3881748     49.10      1336    221824   8794604     32.00   3632632     53200       280      5156
08:08:10 AM   4017692   4024120   3881696     49.10      1336    221924   8794604     32.00   3632444     53392       232      5156
08:08:15 AM   4017692   4024264   3881552     49.10      1336    222004   8794604     32.00   3632456     53532       292      5156
08:08:20 AM   4017692   4024264   3881552     49.10      1336    222012   8794604     32.00   3632456     53532       312      5156
08:08:25 AM   4017692   4024352   3881464     49.10      1336    222032   8794604     32.00   3632468     53612       312      5156
08:08:30 AM   4017692   4024004   3881812     49.10      1336    221712   8794604     32.00   3632192     53484       312      5156
08:08:35 AM   4017692   4022536   3883280     49.12      1336    220360   8794604     32.00   3630312     52648        20      5152
08:08:40 AM   4017692   4022472   3883344     49.12      1336    220220   8794604     32.00   3630188     52664        20      5152
08:08:45 AM   4017692   4022636   3883180     49.12      1336    220416   8794604     32.00   3630032     52976        20      5152
08:08:50 AM   4017692   4022476   3883340     49.12      1336    220216   8794604     32.00   3630120     52732        80      5152
08:08:55 AM   4017692   4022428   3883388     49.12      1336    220192   8794604     32.00   3630196     52692       100      5152
08:09:00 AM   4017692   4022428   3883388     49.12      1336    220196   8794604     32.00   3630196     52692       100      5152
08:09:05 AM   4017692   4022544   3883272     49.12      1336    220204   8794604     32.00   3630332     52700       108      5152
08:09:10 AM   4017692   4022444   3883372     49.12      1336    220204   8794604     32.00   3630292     52620       108      5152
08:09:15 AM   4017692   4022484   3883332     49.12      1336    220144   8794604     32.00   3630272     52660        28      5152
08:09:20 AM   4017692   4022648   3883168     49.12      1336    220376   8794604     32.00   3630160     52956        28      5152
08:09:25 AM   4017692   4022852   3882964     49.12      1336    220516   8794604     32.00   3630656     52712        80      5152
08:09:30 AM   4017692   4022852   3882964     49.12      1336    220520   8794604     32.00   3630656     52712       104      5152
08:09:35 AM   4017692   4022848   3882968     49.12      1336    220508   8794604     32.00   3630648     52716       104      5152
08:09:40 AM   4017692   4022520   3883296     49.12      1336    220284   8794604     32.00   3630300     52612       104      5152
08:09:45 AM   4017692   4022744   3883072     49.12      1336    220404   8794604     32.00   3630524     52616       108      5152
08:09:50 AM   4017692   4022660   3883156     49.12      1336    220328   8794604     32.00   3630440     52616        28      5152
08:09:55 AM   4017692   4022908   3882908     49.11      1336    220568   8794604     32.00   3630268     53048        28      5152
08:10:00 AM   4017692   4022908   3882908     49.11      1336    220648   8794604     32.00   3630268     53048        80      5152
08:10:05 AM   4017692   4022988   3882828     49.11      1336    220648   8794604     32.00   3630264     53132       100      5152
08:10:10 AM   4017692   4022616   3883200     49.12      1336    220388   8794604     32.00   3630208     52816       100      5152
08:10:15 AM   4017692   4022748   3883068     49.12      1336    220408   8794604     32.00   3630344     52816       100      5152
08:10:20 AM   4017692   4022672   3883144     49.12      1336    220372   8794604     32.00   3630264     52816       100      5152
08:10:25 AM   4017692   4022672   3883144     49.12      1336    220372   8794604     32.00   3630264     52816        20      5152
08:10:30 AM   4017692   4022508   3883308     49.12      1336    220356   8794604     32.00   3630160     52760        20      5152
08:10:35 AM   4017692   4022604   3883212     49.12      1336    220344   8794604     32.00   3630152     52872        80      5152
08:10:40 AM   4017692   4022604   3883212     49.12      1336    220356   8794604     32.00   3630152     52872       100      5152
08:10:45 AM   4017692   4022548   3883268     49.12      1336    220300   8794604     32.00   3630076     52872       100      5152
08:10:50 AM   4017692   4022432   3883384     49.12      1336    220192   8794604     32.00   3630176     52656       100      5152
08:10:55 AM   4017692   4022664   3883152     49.12      1336    220324   8794604     32.00   3630428     52656       100      5152
08:11:00 AM   4017692   4022548   3883268     49.12      1336    220308   8794604     32.00   3630284     52656        20      5152
08:11:05 AM   4017440   4022584   3883232     49.12      1336    220636   8794604     32.00   3630244     52992        20      5152
08:11:10 AM   4017440   4022724   3883092     49.12      1336    220716   8794604     32.00   3630304     53072        80      5152
08:11:15 AM   4017216   4022548   3883268     49.12      1336    220684   8794604     32.00   3630280     53152       100      5152
08:11:20 AM   4017216   4022272   3883544     49.12      1336    220460   8794604     32.00   3630092     53068       100      5152
08:11:25 AM   4017216   4023144   3882672     49.11      1336    221396   8794604     32.00   3630908     53132       152      5152
08:11:30 AM   4017216   4023292   3882524     49.11      1336    221464   8794604     32.00   3630908     53276       296      5152
08:11:35 AM   4017216   4023292   3882524     49.11      1336    221464   8794604     32.00   3630908     53276       136      5152
08:11:40 AM   4016964   4023048   3882768     49.11      1336    221544   8794604     32.00   3630692     53480       132      5152
08:11:45 AM   4016964   4023172   3882644     49.11      1336    221676   8794604     32.00   3630692     53604       244      5152
08:11:50 AM   4016964   4023296   3882520     49.11      1336    221692   8794604     32.00   3630664     53748       292      5152
08:11:55 AM   4016964   4023296   3882520     49.11      1336    221688   8794604     32.00   3630676     53748       180      5152
08:12:00 AM   4016964   4023300   3882516     49.11      1336    221688   8794604     32.00   3630680     53748       180      5152
08:12:05 AM   4016964   4023248   3882568     49.11      1336    221660   8794604     32.00   3630632     53748       180      5152
08:12:10 AM   4016964   4023272   3882544     49.11      1336    221660   8794604     32.00   3632708     53748        20      5152
08:12:15 AM   4016208   4022852   3882964     49.12      1336    222056   8794604     32.00   3632660     54120        20      5152
08:12:20 AM   4016208   4022996   3882820     49.11      1336    222156   8794604     32.00   3632660     54264        80      5152
08:12:25 AM   4016208   4022996   3882820     49.11      1336    222184   8794604     32.00   3632668     54264       100      5152
08:12:30 AM   4016208   4022420   3883396     49.12      1336    221620   8794604     32.00   3632632     53736       104      5152
08:12:35 AM   4016208   4022396   3883420     49.12      1336    221596   8794604     32.00   3632608     53736       104      5152
08:12:40 AM   4016208   4021444   3884372     49.13      1336    220700   8794604     32.00   3632568     52816       104      5152
08:12:45 AM   4016208   4021448   3884368     49.13      1336    220708   8794604     32.00   3632584     52820        32      5152
08:12:50 AM   4016208   4021664   3884152     49.13      1336    220832   8794604     32.00   3632504     53100        32      5152
08:12:55 AM   4016208   4021684   3884132     49.13      1336    220908   8794604     32.00   3632500     53124        80      5152
08:13:00 AM   4016208   4021752   3884064     49.13      1336    220896   8794604     32.00   3632484     53204       100      5152
08:13:05 AM   4015704   4021644   3884172     49.13      1336    221312   8794184     32.00   3633900     53216       100      5152
08:13:10 AM   4015704   4021412   3884404     49.13      1336    221056   8794184     32.00   3634052     52952       100      5152
08:13:15 AM   4015704   4021424   3884392     49.13      1336    221060   8794184     32.00   3634076     52952       100      5152
08:13:20 AM   4015704   4021412   3884404     49.13      1336    221092   8794184     32.00   3633776     52952        20      5152
08:13:25 AM   4015704   4021324   3884492     49.13      1336    221120   8794184     32.00   3633024     53208        20      5152
08:13:30 AM   4015704   4021560   3884256     49.13      1336    221200   8794184     32.00   3633180     53336        80      5152
08:13:35 AM   4015704   4021524   3884292     49.13      1336    221164   8794184     32.00   3633008     53332       100      5152
08:13:40 AM   4015704   4021524   3884292     49.13      1336    221164   8794184     32.00   3633008     53332       100      5152
08:13:45 AM   4015704   4021524   3884292     49.13      1336    221164   8794184     32.00   3633024     53332       100      5152
08:13:50 AM   4015956   4021596   3884220     49.13      1336    220984   8794184     32.00   3632872     53292       100      5152
08:13:55 AM   4015956   4021212   3884604     49.14      1336    220756   8794184     32.00   3632892     52844        24      5152
08:14:00 AM   4015956   4021636   3884180     49.13      1336    221024   8794184     32.00   3633012     53168        24      5152
08:14:05 AM   4015956   4021636   3884180     49.13      1336    221104   8794184     32.00   3633012     53168        80      5152
08:14:10 AM   4015956   4021636   3884180     49.13      1336    221104   8794184     32.00   3633012     53168       100      5152
08:14:15 AM   4015956   4021508   3884308     49.13      1336    220952   8794184     32.00   3632792     53212       100      5152
08:14:20 AM   4015956   4021252   3884564     49.14      1336    220756   8794184     32.00   3632964     52832       100      5152
08:14:25 AM   4015956   4021332   3884484     49.13      1336    220856   8794184     32.00   3633020     52832       100      5152
08:14:30 AM   4015956   4021396   3884420     49.13      1336    220820   8794184     32.00   3633052     52848        20      5152
08:14:35 AM   4015200   4020744   3885072     49.14      1336    221032   8794184     32.00   3632800     53180        20      5152
08:14:40 AM   4015200   4020436   3885380     49.15      1336    220860   8794184     32.00   3632824     52848        80      5152
08:14:45 AM   4015200   4020712   3885104     49.14      1336    220860   8794184     32.00   3632968     52980       100      5152
08:14:50 AM   4015200   4020556   3885260     49.14      1336    220832   8794184     32.00   3632984     52856       100      5152
08:14:55 AM   4015200   4020604   3885212     49.14      1336    220836   8794184     32.00   3632996     52856       104      5152
08:15:00 AM   4015200   4020524   3885292     49.14      1336    220836   8794184     32.00   3632916     52856       104      5152
08:15:05 AM   4015200   4020592   3885224     49.14      1336    220836   8794184     32.00   3632984     52856        24      5152
08:15:10 AM   4015200   4020896   3884920     49.14      1336    221108   8794184     32.00   3633064     53136        24      5152
08:15:15 AM   4015200   4020964   3884852     49.14      1336    221188   8794184     32.00   3633108     53164        80      5152
08:15:20 AM   4015200   4020928   3884888     49.14      1336    221152   8794184     32.00   3633072     53164       100      5152
08:15:25 AM   4015200   4021012   3884804     49.14      1336    221260   8794184     32.00   3633076     53244       100      5152
08:15:30 AM   4015200   4020840   3884976     49.14      1336    221088   8794184     32.00   3632904     53244       100      5152
08:15:35 AM   4015200   4020636   3885180     49.14      1336    220880   8794184     32.00   3633072     52860       104      5152
08:15:40 AM   4015200   4020492   3885324     49.15      1336    220792   8794184     32.00   3632908     52880        24      5152
08:15:45 AM   4015200   4020772   3885044     49.14      1336    221136   8794184     32.00   3633044     53032        24      5152
08:15:50 AM   4015452   4021024   3884792     49.14      1336    221040   8794184     32.00   3632876     53200        80      5152
08:15:55 AM   4015452   4021148   3884668     49.14      1336    221040   8794184     32.00   3632916     53284       100      5152
08:16:00 AM   4015452   4021148   3884668     49.14      1336    221040   8794184     32.00   3632916     53284       100      5152
08:16:05 AM   4015704   4021112   3884704     49.14      1336    220880   8794184     32.00   3632872     53044       100      5152
08:16:10 AM   4015704   4020908   3884908     49.14      1336    220788   8794184     32.00   3632844     52856       100      5152
08:16:15 AM   4015704   4021064   3884752     49.14      1336    220804   8794184     32.00   3633008     52856        20      5152
08:16:20 AM   4015452   4021196   3884620     49.14      1336    221124   8794184     32.00   3633048     53200        20      5152
08:16:25 AM   4015452   4021760   3884056     49.13      1336    221672   8794184     32.00   3633476     53384       248      5152
08:16:30 AM   4015452   4021864   3883952     49.13      1336    221912   8794184     32.00   3633488     53488       192      5152
08:16:35 AM   4015452   4022020   3883796     49.13      1336    221944   8794184     32.00   3633600     53532       304      5152
08:16:40 AM   4015452   4022016   3883800     49.13      1336    221940   8794184     32.00   3633600     53528       300      5152
08:16:45 AM   4015452   4022048   3883768     49.13      1336    221944   8794184     32.00   3633600     53560       304      5152
08:16:50 AM   4015452   4022048   3883768     49.13      1336    221940   8794184     32.00   3633600     53560       140      5152
08:16:55 AM   4015452   4022200   3883616     49.12      1336    222092   8794184     32.00   3633444     53860       140      5152
08:17:00 AM   4015452   4021096   3884720     49.14      1336    221088   8794184     32.00   3632816     53324        80      5152
08:17:05 AM   4015452   4021168   3884648     49.14      1336    221084   8794184     32.00   3632880     53324       100      5152
08:17:10 AM   4015452   4021168   3884648     49.14      1336    221084   8794184     32.00   3632880     53324       100      5152
08:17:15 AM   4015452   4021192   3884624     49.14      1336    221084   8794184     32.00   3632904     53324       100      5152
08:17:20 AM   4015452   4021192   3884624     49.14      1336    221084   8794184     32.00   3632904     53324       100      5152
08:17:25 AM   4015452   4021132   3884684     49.14      1336    221024   8794184     32.00   3632852     53324        20      5152
08:17:30 AM   4015452   4020956   3884860     49.14      1336    220984   8794184     32.00   3632800     53200        24      5152
08:17:35 AM   4015452   4020968   3884848     49.14      1336    220880   8794184     32.00   3632900     53100        80      5152
08:17:40 AM   4015452   4020988   3884828     49.14      1336    220880   8794184     32.00   3632900     53120       100      5152
08:17:45 AM   4015452   4020988   3884828     49.14      1336    220880   8794184     32.00   3632928     53120       100      5152
08:17:50 AM   4015452   4020988   3884828     49.14      1336    220896   8794184     32.00   3632928     53120       100      5152
08:17:55 AM   4015452   4021144   3884672     49.14      1336    221036   8794184     32.00   3633112     53120       100      5152
08:18:00 AM   4015452   4021144   3884672     49.14      1336    221036   8794184     32.00   3633112     53120        20      5152
08:18:05 AM   4015452   4021508   3884308     49.13      1336    221400   8794184     32.00   3633112     53484        20      5152
08:18:10 AM   4014948   4020288   3885528     49.15      1336    220780   8794184     32.00   3631860     52896        80      5152
08:18:15 AM   4014948   4020264   3885552     49.15      1336    220824   8794184     32.00   3631816     52904       100      5152
08:18:20 AM   4014948   4020280   3885536     49.15      1336    220772   8794184     32.00   3631816     52920       100      5152
08:18:25 AM   4014948   4020424   3885392     49.15      1336    220956   8794184     32.00   3631968     52920       100      5152
08:18:30 AM   4014948   4020444   3885372     49.15      1336    220932   8794184     32.00   3631968     52920       100      5152
08:18:35 AM   4014948   4020520   3885296     49.14      1336    220924   8794184     32.00   3632148     52920        20      5152
08:18:40 AM   4014948   4020532   3885284     49.14      1336    221044   8794184     32.00   3631932     53172        24      5152
08:18:45 AM   4014948   4020348   3885468     49.15      1336    220948   8794184     32.00   3631808     52992        80      5152
08:18:50 AM   4014948   4020432   3885384     49.15      1336    220948   8794184     32.00   3631812     53072       100      5152
08:18:55 AM   4014948   4020352   3885464     49.15      1336    220868   8794184     32.00   3631552     53072       100      5152
08:19:00 AM   4014948   4020464   3885352     49.15      1336    220868   8794184     32.00   3631796     53072       100      5152
08:19:05 AM   4014948   4020492   3885324     49.15      1336    220968   8794184     32.00   3631836     53072       100      5152
08:19:10 AM   4014948   4020564   3885252     49.14      1336    220968   8794184     32.00   3631908     53072        20      5152
08:19:15 AM   4014948   4020812   3885004     49.14      1336    221348   8794184     32.00   3631908     53320        20      5152
08:19:20 AM   4014948   4020760   3885056     49.14      1336    221204   8794184     32.00   3631780     53384        80      5152
08:19:25 AM   4014948   4020796   3885020     49.14      1336    221204   8794184     32.00   3631824     53384       100      5152
08:19:30 AM   4014948   4020428   3885388     49.15      1336    220944   8794184     32.00   3631852     52928       100      5152
08:19:35 AM   4014948   4020428   3885388     49.15      1336    220944   8794184     32.00   3631852     52928       100      5152
08:19:40 AM   4014948   4020540   3885276     49.14      1336    220944   8794184     32.00   3631964     52928       100      5152
08:19:45 AM   4014948   4020436   3885380     49.15      1336    220944   8794184     32.00   3631856     52928        20      5152
08:19:50 AM   4014948   4020620   3885196     49.14      1336    221232   8794184     32.00   3631944     53088        20      5152
08:19:55 AM   4014948   4020628   3885188     49.14      1336    221164   8794184     32.00   3631724     53252        80      5152
08:20:00 AM   4014948   4020580   3885236     49.14      1336    220988   8794184     32.00   3631852     53076       100      5152
08:20:05 AM   4014948   4020488   3885328     49.15      1336    220936   8794184     32.00   3631836     53000       104      5152
08:20:10 AM   4014948   4020440   3885376     49.15      1336    220944   8794184     32.00   3631856     52932       112      5152
08:20:15 AM   4014948   4020428   3885388     49.15      1336    220956   8794184     32.00   3631924     52932       112      5152
08:20:20 AM   4014948   4020552   3885264     49.14      1336    220956   8794184     32.00   3632052     52932        32      5152
08:20:25 AM   4014948   4020924   3884892     49.14      1336    221372   8794184     32.00   3632052     53304        36      5152
08:20:30 AM   4014948   4020804   3885012     49.14      1336    221240   8794184     32.00   3631788     53388        80      5152
08:20:35 AM   4014948   4020460   3885356     49.15      1336    220968   8794184     32.00   3631888     52940       100      5152
08:20:40 AM   4014948   4020548   3885268     49.14      1336    220952   8794184     32.00   3632048     52928       100      5152
08:20:45 AM   4014948   4020448   3885368     49.15      1336    220952   8794184     32.00   3631900     52928       100      5152
08:20:50 AM   4014948   4020548   3885268     49.14      1336    220952   8794184     32.00   3632004     52928       100      5152
08:20:55 AM   4014948   4020548   3885268     49.14      1336    220956   8794184     32.00   3632004     52928        20      5152
08:21:00 AM   4014948   4020688   3885128     49.14      1336    221092   8794184     32.00   3631624     53308        20      5152
08:21:05 AM   4014948   4020516   3885300     49.14      1336    220984   8794184     32.00   3631852     53060        80      5152
08:21:10 AM   4014948   4020540   3885276     49.14      1336    220944   8794184     32.00   3632012     52928       100      5152
08:21:15 AM   4014948   4020540   3885276     49.14      1336    220952   8794184     32.00   3632020     52928       100      5152
08:21:20 AM   4014948   4020548   3885268     49.14      1336    220952   8794184     32.00   3632028     52928       100      5152
08:21:25 AM   4014696   4020468   3885348     49.15      1336    221344   8794184     32.00   3632192     52928       272      5152
08:21:30 AM   4014696   4020796   3885020     49.14      1336    221456   8794184     32.00   3632264     53204       192      5152
08:21:35 AM   4014696   4021168   3884648     49.14      1336    221968   8794184     32.00   3632272     53568       252      5152
08:21:40 AM   4014696   4021476   3884340     49.13      1336    222164   8794184     32.00   3632388     53764       272      5152
08:21:45 AM   4014696   4021248   3884568     49.14      1336    221944   8794184     32.00   3632236     53688       296      5152
08:21:50 AM   4014696   4021248   3884568     49.14      1336    221940   8794184     32.00   3632236     53688       292      5152
08:21:55 AM   4014696   4021284   3884532     49.14      1336    221944   8794184     32.00   3632272     53688       180      5152
08:22:00 AM   4014696   4021284   3884532     49.14      1336    221944   8794184     32.00   3632272     53688       180      5152
08:22:05 AM   4014444   4021008   3884808     49.14      1336    221940   8794184     32.00   3632228     53688        20      5152
08:22:10 AM   4014192   4021004   3884812     49.14      1336    222244   8794184     32.00   3632252     53912        20      5152
08:22:15 AM   4014192   4019976   3885840     49.15      1336    221252   8794184     32.00   3631900     53232        80      5152
08:22:20 AM   4014192   4019752   3886064     49.15      1336    221016   8794184     32.00   3631992     52932       100      5152
08:22:25 AM   4014192   4019860   3885956     49.15      1336    221020   8794184     32.00   3632024     53012       100      5152
08:22:30 AM   4014192   4019820   3885996     49.15      1336    221016   8794184     32.00   3631988     53008       100      5152
08:22:35 AM   4014192   4019744   3886072     49.15      1336    221008   8794184     32.00   3631976     52928       100      5152
08:22:40 AM   4014192   4019716   3886100     49.15      1336    220916   8794184     32.00   3631916     52936        24      5152
08:22:45 AM   4013688   4019680   3886136     49.16      1336    221344   8794184     32.00   3632008     53348        24      5152
08:22:50 AM   4013688   4019680   3886136     49.16      1336    221440   8794184     32.00   3632008     53348        80      5152
08:22:55 AM   4013688   4019776   3886040     49.15      1336    221440   8794184     32.00   3632028     53428       100      5152
08:23:00 AM   4013688   4019540   3886276     49.16      1336    221248   8794184     32.00   3631828     53392       100      5152
08:23:05 AM   4013688   4019180   3886636     49.16      1336    220952   8794184     32.00   3631892     52932       100      5152
08:23:10 AM   4013436   4019264   3886552     49.16      1336    221196   8794184     32.00   3634108     52944       100      5152
08:23:15 AM   4013436   4019292   3886524     49.16      1336    221196   8794184     32.00   3634248     52944        20      5152
08:23:20 AM   4013436   4019540   3886276     49.16      1336    221500   8794184     32.00   3634248     53192        20      5152
08:23:25 AM   4013436   4019460   3886356     49.16      1336    221412   8794184     32.00   3633976     53324        80      5152
08:23:30 AM   4013436   4019048   3886768     49.16      1336    221024   8794184     32.00   3632412     52932       100      5152
08:23:35 AM   4013436   4019020   3886796     49.16      1336    221028   8794184     32.00   3632496     52932       100      5152
08:23:40 AM   4013436   4018996   3886820     49.16      1336    221004   8794184     32.00   3632448     52932       100      5152
08:23:45 AM   4013436   4019112   3886704     49.16      1336    221020   8794184     32.00   3632564     52932       100      5152
08:23:50 AM   4013436   4019004   3886812     49.16      1336    221020   8794184     32.00   3632364     52932        20      5152
08:23:55 AM   4013436   4019504   3886312     49.16      1336    221412   8794184     32.00   3632404     53368        28      5152
08:24:00 AM   4013436   4018984   3886832     49.16      1336    221144   8794184     32.00   3632336     52996        80      5152
08:24:05 AM   4013436   4019116   3886700     49.16      1336    221024   8794184     32.00   3632456     53028       100      5152
08:24:10 AM   4013436   4019116   3886700     49.16      1336    221024   8794184     32.00   3632452     53028       100      5152
08:24:15 AM   4013436   4019116   3886700     49.16      1336    221024   8794184     32.00   3632436     53024       100      5152
08:24:20 AM   4013436   4019116   3886700     49.16      1336    221024   8794184     32.00   3632436     53024       100      5152
08:24:25 AM   4013436   4019116   3886700     49.16      1336    221028   8794184     32.00   3632468     53024        20      5152
08:24:30 AM   4013436   4019268   3886548     49.16      1336    221224   8794184     32.00   3632328     53316        20      5152
08:24:35 AM   4021500   4013632   3892184     49.23      1336    207480   8794184     32.00   3617736     52000        80      5148
08:24:40 AM   4021500   4013584   3892232     49.23      1336    207508   8794184     32.00   3617840     51912       100      5148
08:24:45 AM   4082780   4044900   3860916     48.84      1336    175496   8794184     32.00   3565716     36728       104      3096
08:24:50 AM   4082780   4044864   3860952     48.84      1336    175380   8794184     32.00   3566960     36688       104      3096
08:24:55 AM   2405784   2369316   5536500     70.03      1336    176824   8794184     32.00   5246128     36688       104      3096
08:25:00 AM   2405784   2369228   5536588     70.03      1336    176788   8794184     32.00   5244864     38736        24      3096
08:25:05 AM   2798308   2762188   5143628     65.06      1336    177172   8794184     32.00   4851660     39172        24      3096
08:25:10 AM   3305404   3269284   4636532     58.65      1336    177252   8794184     32.00   4329408     39172        80      3096
08:25:15 AM   3687388   3651348   4254468     53.81      1336    177256   8794184     32.00   3940304     39252       104      3096
08:25:20 AM   3893424   3857388   4048428     51.21      1336    177256   8794184     32.00   3727312     39256       104      3096
08:25:25 AM   2340668   2304632   5601184     70.85      1336    177264   8794184     32.00   5273616     39256       104      3096
08:25:30 AM   2340668   2304640   5601176     70.85      1336    177264   8794184     32.00   5273692     39256       104      3096
08:25:35 AM   2365392   2328036   5577780     70.55      1336    176008   8794184     32.00   5266656     36704        24      3096
08:25:40 AM   2365392   2328328   5577488     70.55      1336    176260   8794184     32.00   5260384     37012        24      3096
08:25:45 AM   2490832   2453328   5452488     68.97      1336    175984   8794184     32.00   5129144     36728        80      3096
08:25:50 AM   2608404   2571064   5334752     67.48      1336    175976   8794184     32.00   5012532     36780       100      3096
08:25:55 AM    928856    892084   7013732     88.72      1336    176680   8794184     32.00   6690764     36704       100      3096
08:26:00 AM    927876    891220   7014596     88.73      1336    176660   8794184     32.00   6689064     38752       100      3096
08:26:05 AM   1313880   1277224   6628592     83.84      1336    176680   8794184     32.00   6295848     38752       100      3096
08:26:10 AM   1606492   1569880   6335936     80.14      1336    176680   8794184     32.00   5996948     38752        20      3096
08:26:15 AM   1758532   1722292   6183524     78.21      1336    177064   8794184     32.00   5851576     39204        20      3096
08:26:20 AM   1803508   1767360   6138456     77.64      1336    177144   8794184     32.00   5796316     39296        80      3096
08:26:25 AM    372184    336408   7569408     95.74      1336    177540   8794184     32.00   7234868     39348       268      3096
08:26:30 AM    371932    336236   7569580     95.75      1336    177592   8794184     32.00   7234988     39428       304      3096
08:26:35 AM    371772    336108   7569708     95.75      1336    177652   8794184     32.00   7234992     39460       184      3096
08:26:40 AM    371692    336180   7569636     95.75      1336    177772   8794184     32.00   7235112     39492       184      3096
08:26:45 AM    371468    335956   7569860     95.75      1336    177856   8794184     32.00   7235112     39492       188      3096
08:26:50 AM    370976    335808   7570008     95.75      1336    178108   8794184     32.00   7235112     39828       136      3096
08:26:55 AM    144176    109112   7796704     98.62      1336    178212   8794184     32.00   7472372     39908        84      3096
08:27:00 AM    144176    109116   7796700     98.62      1336    178216   8794184     32.00   7472436     39912       104      3096
08:27:05 AM    144176    109116   7796700     98.62      1336    178216   8794184     32.00   7472436     39912       104      3096
08:27:10 AM    144176    109116   7796700     98.62      1336    178216   8794184     32.00   7472436     39912       104      3096
08:27:15 AM    144176    109116   7796700     98.62      1336    178216   8794184     32.00   7472436     39912        24      3096
08:27:20 AM    144176    109116   7796700     98.62      1336    178216   8794184     32.00   7472436     39912        24      3096
08:27:25 AM    131976     61740   7844076     99.22        16    117916   8794184     32.00   3998272   3540752        24      2924
08:27:30 AM    131512     61496   7844320     99.22        16    118188   8794184     32.00   3998528   3540960        80      2924
08:27:35 AM    131512     61496   7844320     99.22        16    118308   8794184     32.00   3998528   3540960       100      2924
08:27:40 AM    131512     61560   7844256     99.22        16    118316   8794184     32.00   3998648   3540968       108      2924
08:27:45 AM    130768     61004   7844812     99.23        16    118692   8794184     32.00   3999024   3540988       112      2924
08:27:50 AM    130516     60756   7845060     99.23        16    118700   8794184     32.00   4000448   3540132       116      2924
08:27:55 AM    130516     60816   7845000     99.23        16    119012   8794184     32.00   4000572   3540132        36      2924
08:28:00 AM    127828     58336   7847480     99.26        16    119236   8794184     32.00   4002712   3539216        36      2924
08:28:05 AM    127828     58336   7847480     99.26        16    119316   8794184     32.00   4002712   3539216        80      2924
08:28:10 AM    119996     53168   7852648     99.33        16    124560   8794184     32.00   4012752   3536868       100      2924
08:28:15 AM    119996     53168   7852648     99.33        16    124560   8794184     32.00   4012752   3536868       100      2924
08:28:20 AM    119120     52292   7853524     99.34        16    124560   8794184     32.00   4013864   3536208       100      2924
08:28:25 AM    186688    116624   7789192     98.52        16    118128   8794184     32.00   4912524   2571012       100      2924
08:28:30 AM    184324    114280   7791536     98.55        16    118128   8794184     32.00   4912888   2570936        20      2924
08:28:35 AM    184084    114164   7791652     98.56        16    118400   8794184     32.00   4912888   2571184        20      2924
08:28:40 AM    184084    114164   7791652     98.56        16    118480   8794184     32.00   4913336   2571184        80      2924
08:28:45 AM    184320    114452   7791364     98.55        16    118480   8794184     32.00   4913272   2571144       100      2924
08:28:50 AM    180224    110356   7795460     98.60        16    118480   8794184     32.00   4913700   2571144       100      2924
08:28:55 AM    217644    120208   7785608     98.48         4     62440   8794184     32.00   2871772   4595296       100       128
08:29:00 AM    212272    117748   7788068     98.51         4     68404   8794184     32.00   2877568   4595328       100       128
08:29:05 AM    212272    117968   7787848     98.51         4     68876   8794184     32.00   2878012   4595328        20       128
08:29:10 AM    211516    117400   7788416     98.52        16     69180   8794184     32.00   2878128   4595584        20       128
08:29:15 AM    207736    115624   7790192     98.54        16     73136   8794184     32.00   2882016   4595724        80       128
08:29:20 AM    207736    115624   7790192     98.54        16     73136   8794184     32.00   2882016   4595724       100       128
08:29:25 AM    191256     97880   7807936     98.76        16     70604   8794184     32.00   3339304   4155152       100       128
08:29:30 AM    191032     97712   7808104     98.76        16     70604   8794184     32.00   3339420   4155152       100       128
08:29:35 AM    178744     85424   7820392     98.92        16     70700   8794184     32.00   3342256   4153448       100       128
08:29:40 AM    178744     85424   7820392     98.92        16     70700   8794184     32.00   3342256   4153448        20       128
08:29:45 AM    178492     85344   7820472     98.92        16     70972   8794184     32.00   3342320   4153728        20       128
08:29:50 AM    178492     85356   7820460     98.92        16     71052   8794184     32.00   3342320   4153752        80       128
08:29:55 AM    176728     83632   7822184     98.94        16     71052   8794184     32.00   3343932   4153832       100       128
08:30:00 AM    176728     83632   7822184     98.94        16     71052   8794184     32.00   3343932   4153832       100       128
08:30:05 AM    176728     83632   7822184     98.94        16     71052   8794184     32.00   3344776   4153252       100       128
08:30:10 AM    176728     83632   7822184     98.94        16     71052   8794184     32.00   3344776   4153252       100       128
08:30:15 AM    176476     83380   7822436     98.95        16     71052   8794184     32.00   3344776   4153252        20       128
08:30:20 AM    176476     83440   7822376     98.94        16     71276   8794184     32.00   3344776   4153376        20       128
08:30:25 AM    159888     49904   7855912     99.37         4     38944   8794184     32.00   6149420   1386732         0       124
08:30:30 AM    159888     49956   7855860     99.37         4     39084   8794184     32.00   6149576   1386772        20       124
08:30:35 AM    159888     49976   7855840     99.37         4     39084   8794184     32.00   6149660   1386784        20       124
08:30:40 AM    159888     49976   7855840     99.37         4     39084   8794184     32.00   6149660   1386784        20       124
08:30:45 AM    159888     49992   7855824     99.37         4     39116   8794184     32.00   6149664   1386816        20       124
08:30:50 AM    158388     48588   7857228     99.39         4     39312   8794184     32.00   6152416   1386820        24       124
08:30:55 AM    165492     52736   7853080     99.33        16     33484   8794184     32.00   4366008   3173412        24       124
08:31:00 AM    165016     52324   7853492     99.34        16     33564   8794184     32.00   4366008   3173536        80       124
08:31:05 AM    152476     39808   7866008     99.50        16     33564   8794184     32.00   4368192   3172464       100       124
08:31:10 AM    151972     39304   7866512     99.50        16     33564   8794184     32.00   4368200   3172464       100       124
08:31:15 AM    140848     32752   7873064     99.59        16     42708   8794184     32.00   4378344   3172316       100       124
08:31:20 AM    140848     32756   7873060     99.59        16     42716   8794184     32.00   4378424   3172324       108       124
08:31:25 AM    113768     13436   7892380     99.83        16     58328   8794184     32.00   3369044   4201424       200       128
08:31:30 AM    213760    114144   7791672     98.56        16     59764   8794184     32.00   3347260   4122652       200       128
08:31:35 AM    213760    114368   7791448     98.55        16     60204   8794184     32.00   3347540   4122864       284       128
08:31:40 AM    213760    114368   7791448     98.55        16     60200   8794184     32.00   3347584   4122864       300       128
08:31:45 AM    213760    114672   7791144     98.55        16     60728   8794184     32.00   3348148   4122980       264       128
08:31:50 AM    213760    114672   7791144     98.55        16     60724   8794184     32.00   3348180   4122976       260       128
08:31:55 AM    159984     58580   7847236     99.26         4     56172   8794184     32.00   2958296   4558932        84       128
08:32:00 AM    159592     58224   7847592     99.26         4     56244   8794184     32.00   2958436   4558932        20       128
08:32:05 AM    159592     58448   7847368     99.26        16     56644   8794184     32.00   2958544   4559344        20       128
08:32:10 AM    159592     58448   7847368     99.26        16     56724   8794184     32.00   2958552   4559344        80       128
08:32:15 AM    159592     58488   7847328     99.26        16     56724   8794184     32.00   2958552   4559424       100       128
08:32:20 AM    159592     58488   7847328     99.26        16     56724   8794184     32.00   2958552   4559424       100       128
08:32:25 AM    159396     52056   7853760     99.34         4     44268   8794184     32.00   5449016   2084004       100       128
08:32:30 AM    159172     51832   7853984     99.34         4     44268   8794184     32.00   5449116   2084004       100       128
08:32:35 AM    159172     51832   7853984     99.34         4     44268   8794184     32.00   5449116   2084004        20       128
08:32:40 AM    159172     51956   7853860     99.34        16     44540   8794184     32.00   5449120   2084252        20       128
08:32:45 AM    144808     44340   7861476     99.44        16     58012   8794184     32.00   5463068   2084404        80       128
08:32:50 AM    142808     42732   7863084     99.46        16     58784   8794184     32.00   5466120   2084456       100       128
08:32:55 AM    123916     11988   7893828     99.85         4     35092   8794184     32.00   1921800   5654688       100       128
08:33:00 AM    119820      7896   7897920     99.90         4     35096   8794184     32.00   1922432   5654436       104       128
08:33:05 AM    119820      7896   7897920     99.90         4     35200   8794184     32.00   1922432   5654436       104       128
08:33:10 AM    203228     97244   7808572     98.77         4     47032   8794184     32.00   2104072   5387800        80       128
08:33:15 AM    199224     94588   7811228     98.80        16     49896   8794184     32.00   2106636   5388088        20       128
08:33:20 AM    194876     90356   7815460     98.86        16     49896   8794184     32.00   2107072   5388068        20       128
08:33:25 AM    205796     90696   7815120     98.85        16     28884   8794184     32.00   3219316   4270592        20       124
08:33:30 AM    205796     90784   7815032     98.85        16     28960   8794184     32.00   3219616   4270592        20       124
08:33:35 AM    205796     90784   7815032     98.85        16     28964   8794184     32.00   3219616   4270592        24       124
08:33:40 AM    205796     90812   7815004     98.85        16     28964   8794184     32.00   3219624   4270644        24       124
08:33:45 AM    202772     89432   7816384     98.87        16     32292   8794184     32.00   3222840   4270724        80       124
08:33:50 AM    202772     89452   7816364     98.87        16     32296   8794184     32.00   3222880   4270728       104       124
08:33:55 AM    129336     15864   7889952     99.80        16     31992   8794184     32.00   3413212   4152296       104       124
08:34:00 AM    129336     15864   7889952     99.80        16     31992   8794184     32.00   3413236   4152296       104       124
08:34:05 AM    129336     15864   7889952     99.80        16     31992   8794184     32.00   3413236   4152296       104       124
08:34:10 AM    129336     15864   7889952     99.80        16     31992   8794184     32.00   3413236   4152296       104       124
08:34:15 AM    129084     15676   7890140     99.80        16     32200   8794184     32.00   3413236   4152420        24       124
08:34:20 AM    129084     15756   7890060     99.80        16     32280   8794184     32.00   3413376   4152584        80       124
08:34:25 AM    135088     14556   7891260     99.82         4     17984   8794184     32.00   2687752   4873940        80       124
08:34:30 AM    135088     14736   7891080     99.81         4     18256   8794184     32.00   2688148   4874024       100       124
08:34:35 AM    135088     14736   7891080     99.81         4     18256   8794184     32.00   2688148   4874024       100       124
08:34:40 AM    135088     14736   7891080     99.81         4     18256   8794184     32.00   2688148   4874024       100       124
08:34:45 AM    134332     14104   7891712     99.82        16     18560   8794184     32.00   2688156   4874272        20       124
08:34:50 AM    128484      9752   7896064     99.88        16     21484   8794184     32.00   2694176   4874340        20       124
08:34:55 AM    123908      4864   7900952     99.94        16     20916   8794184     32.00   2717016   4851924        20       124
08:35:00 AM    113668    113668   7792148     98.56        16     21392   8794184     32.00   2725632   4844508        80       124
08:35:05 AM    113668    113668   7792148     98.56        16     21400   8794184     32.00   2725632   4844508       108       124
08:35:10 AM    121928      3152   7902664     99.96        16     21400   8794184     32.00   2737060   4833804       108       124
08:35:15 AM    121928      3152   7902664     99.96        16     21400   8794184     32.00   2737060   4833804       108       124
08:35:20 AM    118644    118644   7787172     98.50        16     21400   8794184     32.00   2744668   4826828       108       124
08:35:25 AM    218860     95888   7809928     98.79         4     13092   8794184     32.00   5498140   1974348       108       124
08:35:30 AM    210040     87296   7818520     98.90        16     13536   8794184     32.00   5498172   1974788        28       124
08:35:35 AM    212692     89976   7815840     98.86        16     13616   8794184     32.00   5498216   1974804        80       124
08:35:40 AM    212692     91764   7814052     98.84        16     17108   8794184     32.00   5501704   1974896       100       124
08:35:45 AM    212692     91764   7814052     98.84        16     17108   8794184     32.00   5501704   1974896       100       124
08:35:50 AM    212692     91764   7814052     98.84        16     17108   8794184     32.00   5501704   1974896       100       124
08:35:55 AM    135524     10616   7895200     99.87         4      9176   8794184     32.00   2880408   4676804       100       124
08:36:00 AM    135524     10624   7895192     99.87         4      9224   8794184     32.00   2880416   4676820        20       124
08:36:05 AM    135272     10520   7895296     99.87        16      9512   8794184     32.00   2880460   4677116        20       124
08:36:10 AM    135272     10520   7895296     99.87        16      9592   8794184     32.00   2880460   4677116        80       124
08:36:15 AM    140988     31080   7874736     99.61        16     39152   8794184     32.00   1538824   6008560       100       124
08:36:20 AM    141892     33100   7872716     99.58        16     41460   8794184     32.00   1541068   6008560       100       124
08:36:25 AM    182148     84088   7821728     98.94        16     62924   8794184     32.00   3927256   3576596       268       128
08:36:30 AM    180412     83024   7822792     98.95        16     64264   8794184     32.00   3928940   3576580       300       128
08:36:35 AM    180240     82940   7822876     98.95        16     64492   8794184     32.00   3929244   3576588       136       128
08:36:40 AM    178144     81932   7823884     98.96        16     66736   8794184     32.00   3931052   3576956       136       128
08:36:45 AM    177892     82052   7823764     98.96        16     67372   8794184     32.00   3931676   3577120       132       128
08:36:50 AM    175876     80092   7825724     98.99        16     67400   8794184     32.00   3934084   3577228       180       128
08:36:55 AM    150744     49384   7856432     99.38         4     56424   8794184     32.00   3386192   4148912        80       128
08:37:00 AM    150520     49160   7856656     99.38         4     56440   8794184     32.00   3386192   4148912       100       128
08:37:05 AM    140312     39024   7866792     99.51         4     56440   8794184     32.00   3391704   4144424       100       128
08:37:10 AM    140312     39024   7866792     99.51         4     56440   8794184     32.00   3391704   4144424        20       128
08:37:15 AM    136216     35052   7870764     99.56        16     56816   8794184     32.00   3394044   4142688        20       128
08:37:20 AM    136216     35052   7870764     99.56        16     56816   8794184     32.00   3394044   4142688        20       128
08:37:25 AM    152524     46192   7859624     99.42         4     46388   8794184     32.00   1541512   5990396         0       128
08:37:30 AM    142560     40820   7864996     99.48         4     55660   8794184     32.00   1550668   5990460        20       128
08:37:35 AM    142336     40660   7865156     99.49         4     55660   8794184     32.00   1550860   5990496        20       128
08:37:40 AM    142336     40660   7865156     99.49         4     55660   8794184     32.00   1550860   5990496        20       128
08:37:45 AM    134788     36956   7868860     99.53         4     63360   8794184     32.00   1559260   5990564        20       128
08:37:50 AM    134596     36828   7868988     99.53         4     63516   8794184     32.00   1559512   5990584        20       128
08:37:55 AM    126188     28428   7877388     99.64        16     63480   8794184     32.00   1743648   5809892        20       128
08:38:00 AM    126036     28284   7877532     99.64        16     63580   8794184     32.00   1743692   5809908        80       128
08:38:05 AM    126036     28324   7877492     99.64        16     63580   8794184     32.00   1743720   5809992       100       128
08:38:10 AM    188492     97292   7808524     98.77        16     76824   8794184     32.00   1758716   5734748       100       128
08:38:15 AM    188508     97440   7808376     98.77        16     76864   8794184     32.00   1759248   5734708       104       128
08:38:20 AM    188444     97376   7808440     98.77        16     76864   8794184     32.00   1759248   5734708       104       128
08:38:25 AM    206940    101304   7804512     98.72        16     47744   8794184     32.00   3962532   3526464       104       128
08:38:30 AM    206940    101424   7804392     98.72        16     47984   8794184     32.00   3962536   3526704        24       128
08:38:35 AM    206688    101212   7804604     98.72        16     48064   8794184     32.00   3962556   3526788        80       128
08:38:40 AM    206688    101212   7804604     98.72        16     48064   8794184     32.00   3962556   3526788       100       128
08:38:45 AM    206688    101216   7804600     98.72        16     48072   8794184     32.00   3962556   3526796       108       128
08:38:50 AM    205312     99840   7805976     98.74        16     48072   8794184     32.00   3964276   3526796       108       128
08:38:55 AM    174204     49864   7855952     99.37         4     10612   8794184     32.00   4276968   3239528         0       128
08:39:00 AM    163832     43636   7862180     99.45         4     18760   8794184     32.00   4285356   3239548        20       128
08:39:05 AM    151320     31352   7874464     99.60        16     19144   8794184     32.00   4287420   3238896        20       128
08:39:10 AM    151320     31352   7874464     99.60        16     19144   8794184     32.00   4287424   3238896        20       128
08:39:15 AM    151320     31352   7874464     99.60        16     19144   8794184     32.00   4287432   3238896        20       128
08:39:20 AM    151320     31352   7874464     99.60        16     19144   8794184     32.00   4287432   3238896        20       128
08:39:25 AM    155704     40084   7865732     99.49        16     27836   8794184     32.00   4384904   3143548        20       124
08:39:30 AM    154976     39396   7866420     99.50        16     27916   8794184     32.00   4384912   3143628        80       124
08:39:35 AM    150880     35300   7870516     99.55        16     27916   8794184     32.00   4386312   3143112        20       124
08:39:40 AM    150880     35300   7870516     99.55        16     27916   8794184     32.00   4386248   3142960        20       124
08:39:45 AM    150880     35300   7870516     99.55        16     27916   8794184     32.00   4386248   3142960        20       124
08:39:50 AM    154028     38448   7867368     99.51        16     27916   8794184     32.00   4388056   3141968        20       124
08:39:55 AM    128236      9380   7896436     99.88        16     21364   8794184     32.00   4817864   2732664        20       124
08:40:00 AM    127480      8812   7897004     99.89        16     21752   8794184     32.00   4818076   2733040        24       124
08:40:05 AM    127228      8560   7897256     99.89        16     21832   8794184     32.00   4818076   2733040        80       124
08:40:10 AM    127228      8608   7897208     99.89        16     21836   8794184     32.00   4818076   2733136       104       124
08:40:15 AM    123448      6636   7899180     99.92        16     25456   8794184     32.00   4821700   2733136       104       124
08:40:20 AM    123448      6636   7899180     99.92        16     25456   8794184     32.00   4821700   2733136       104       124
08:40:25 AM    143336     24672   7881144     99.69         4     21760   8794184     32.00   7396968    142124       104       124
08:40:30 AM    121196      4504   7901312     99.94         4     25780   8794184     32.00   7422736    142124        24       124
08:40:35 AM    120440      3936   7901880     99.95        16     26132   8794184     32.00   7422808    142424        24       124
08:40:40 AM    120188      3756   7902060     99.95        16     26212   8794184     32.00   7422808    142568        80       124
08:40:45 AM    120188      3756   7902060     99.95        16     26212   8794184     32.00   7422808    142568       100       124
08:40:50 AM    130360     15844   7889972     99.80         4     30076   8794184     32.00   4270564   3293848       104       124
08:40:55 AM    179176     63804   7842012     99.19         4     28248   8794184     32.00   4449020   3063520       104       124
08:41:00 AM    170732     55312   7850504     99.30         4     28248   8794184     32.00   4457296   3056248       104       124
08:41:05 AM    170508     55088   7850728     99.30         4     28248   8794184     32.00   4457296   3056248        24       124
08:41:10 AM    165044     49748   7856068     99.37        16     28488   8794184     32.00   4465084   3049440        24       124
08:41:15 AM    152948     44432   7861384     99.44        16     42048   8794184     32.00   4479256   3049604        80       124
08:41:20 AM    149468     42108   7863708     99.47        16     44356   8794184     32.00   4487268   3044652       100       124
08:41:25 AM    168108     66296   7839520     99.16         4     55772   8794184     32.00     75488   7440680       268       128
08:41:30 AM    155992     58252   7847564     99.26         4     63728   8794184     32.00     84432   7440664       300       128
08:41:35 AM    148080     50364   7855452     99.36         4     63724   8794184     32.00     84524   7440660       296       128
08:41:40 AM    147928     51064   7854752     99.35         4     65456   8794184     32.00     86236   7440660       136       128
08:41:45 AM    147928     51616   7854200     99.35        16     66572   8794184     32.00     86876   7441168        72       128
08:41:50 AM    147928     51728   7854088     99.35        16     66680   8794184     32.00     86876   7441388       160       128
08:41:55 AM    182640     65932   7839884     99.17         4     25724   8794184     32.00   4556636   2939284       208       124
08:42:00 AM    172904     60276   7845540     99.24         4     33832   8794184     32.00   4569300   2939352        68       124
08:42:05 AM    172904     60276   7845540     99.24         4     33864   8794184     32.00   4569300   2939352        68       124
08:42:10 AM    172904     60292   7845524     99.24         4     33864   8794184     32.00   4569300   2939384        68       124
08:42:15 AM    172904     60376   7845440     99.24        16     34024   8794184     32.00   4569300   2939556        68       124
08:42:20 AM    172904     60448   7845368     99.24        16     34168   8794184     32.00   4569300   2939700        20       124
08:42:25 AM    172904     60448   7845368     99.24        16     34168   8794184     32.00   4569300   2939700        20       124
08:42:30 AM    172904     60452   7845364     99.24        16     34256   8794184     32.00   4569336   2939704        80       124
08:42:35 AM    172904     60492   7845324     99.23        16     34256   8794184     32.00   4569352   2939788       100       124
08:42:40 AM    172904     60492   7845324     99.23        16     34256   8794184     32.00   4569352   2939788       100       124
08:42:45 AM    158288     52796   7853020     99.33        16     48168   8794184     32.00   4583416   2939840       100       124
08:42:50 AM    157216     52440   7853376     99.34        16     49524   8794184     32.00   4586664   2939876       100       124
08:42:55 AM    126532     17920   7887896     99.77        16     41820   8794184     32.00   7469624     87564        20       124
08:43:00 AM    203208     92408   7813408     98.83         4     37604   8794184     32.00   1202144   6291692        24       124
08:43:05 AM    199428     90420   7815396     98.86         4     41156   8794184     32.00   1205732   6291692        80       124
08:43:10 AM    190984     81976   7823840     98.96         4     41156   8794184     32.00   1212320   6286016       100       124
08:43:15 AM    172856     71376   7834440     99.10         4     56144   8794184     32.00   1229708   6286516       100       124
08:43:20 AM    172856     71376   7834440     99.10         4     56144   8794184     32.00   1229708   6286516       100       124
08:43:25 AM    133972     29856   7875960     99.62         4     50816   8794184     32.00   3020200   4526440       104       124
08:43:30 AM    131584     27460   7878356     99.65         4     50840   8794184     32.00   3097560   4458432       104       124
08:43:35 AM    131332     27392   7878424     99.65        16     51288   8794184     32.00   3097588   4458804        24       124
08:43:40 AM    131332     27456   7878360     99.65        16     51368   8794184     32.00   3097588   4458928        80       124
08:43:45 AM    131332     27476   7878340     99.65        16     51368   8794184     32.00   3097620   4458976       100       124
08:43:50 AM    131080     27456   7878360     99.65        16     51948   8794184     32.00   3098120   4458976       100       124
08:43:55 AM    155432     51868   7853948     99.34        16     51948   8794184     32.00   3156896   4376128       100       124
08:44:00 AM    148952     45336   7860480     99.43        16     51844   8794184     32.00   3163604   4376004       100       124
08:44:05 AM    145172     43168   7862648     99.45        16     55168   8794184     32.00   3166852   4376004        20       124
08:44:10 AM    144696     42816   7863000     99.46        16     55408   8794184     32.00   3166888   4376216        20       124
08:44:15 AM    144696     42900   7862916     99.46        16     55488   8794184     32.00   3166952   4376324        80       124
08:44:20 AM    144696     42900   7862916     99.46        16     55488   8794184     32.00   3166956   4376324       100       124
08:44:25 AM    118724     16928   7888888     99.79        16     55488   8794184     32.00   3210176   4356044       100       124
08:44:30 AM    180440     68904   7836912     99.13         4     36036   8794184     32.00   2261368   5253696       100       124
08:44:35 AM    178928     67820   7837996     99.14         4     36876   8794184     32.00   2262532   5253712       100       124
08:44:40 AM    178704     67596   7838220     99.14         4     36876   8794184     32.00   2262532   5253712        20       124
08:44:45 AM    178704     67784   7838032     99.14        16     37236   8794184     32.00   2262544   5254084        20       124
08:44:50 AM    175092     64256   7841560     99.19        16     37488   8794184     32.00   2266500   5254084        80       124
08:44:55 AM    174924     64172   7841644     99.19        16     37572   8794184     32.00   2266880   5254164       100       124
08:45:00 AM    113184      2628   7903188     99.97        16     37968   8794184     32.00   2329244   5254164       100       124
08:45:05 AM    143536     32688   7873128     99.59        16     37384   8794184     32.00   2350536   5211464       100       124
08:45:10 AM    143312     32464   7873352     99.59        16     37384   8794184     32.00   2350536   5211464       100       124
08:45:15 AM    138964     28116   7877700     99.64        16     37384   8794184     32.00   2354180   5208200        20       124
08:45:20 AM    138712     27928   7877888     99.65        16     37608   8794184     32.00   2354180   5208324        20       124
08:45:25 AM    132300     23676   7882140     99.70        16     41832   8794184     32.00   2361852   5205344        80       124
08:45:30 AM    157992     38288   7867528     99.52        16     19668   8794184     32.00   5338552   2209940       100       124
08:45:35 AM    157992     38288   7867528     99.52        16     19668   8794184     32.00   5338580   2209940       100       124
08:45:40 AM    157992     38288   7867528     99.52        16     19668   8794184     32.00   5338580   2209940       100       124
08:45:45 AM    157740     38036   7867780     99.52        16     19668   8794184     32.00   5338584   2209940       100       124
08:45:50 AM    157740     38036   7867780     99.52        16     19668   8794184     32.00   5338584   2209940        20       124
08:45:55 AM    157236     37592   7868224     99.52        16     19956   8794184     32.00   5338592   2210064        20       124
08:46:00 AM    153772     32324   7873492     99.59         4     16320   8794184     32.00   3203692   4339832        80       124
08:46:05 AM    153772     32388   7873428     99.59         4     16324   8794184     32.00   3203732   4339988       104       124
08:46:10 AM    153772     32388   7873428     99.59         4     16332   8794184     32.00   3203732   4339988       112       124
08:46:15 AM    115972      8584   7897232     99.89         4     44316   8794184     32.00   3232404   4340080       112       124
08:46:20 AM    115468      8692   7897124     99.89         4     45540   8794184     32.00   3233784   4340080       112       124
08:46:25 AM    123060     26504   7879312     99.66         4     65980   8794184     32.00   1587664   5984388       280       128
08:46:30 AM    166392     69864   7835952     99.12        16     66080   8794184     32.00   2498056   5014016       200       128
08:46:35 AM    166168     69720   7836096     99.12        16     66188   8794184     32.00   2498104   5014192       276       128
08:46:40 AM    166168     69724   7836092     99.12        16     66192   8794184     32.00   2498160   5014196       300       128
08:46:45 AM    166168     69952   7835864     99.12        16     66700   8794184     32.00   2498588   5014264       268       128
08:46:50 AM    166168     70320   7835496     99.11        16     67384   8794184     32.00   2501512   5014308       264       128
08:46:55 AM    166168     70372   7835444     99.11        16     67488   8794184     32.00   2501892   5014308       264       128
08:47:00 AM    161816     62324   7843492     99.21        16     60144   8794184     32.00   3221532   4298924        24       128
08:47:05 AM    160808     61748   7844068     99.22        16     61076   8794184     32.00   3222076   4299248        24       128
08:47:10 AM    156712     57708   7848108     99.27        16     61156   8794184     32.00   3223360   4298760        80       128
08:47:15 AM    156712     57708   7848108     99.27        16     61156   8794184     32.00   3223360   4298760       100       128
08:47:20 AM    156712     57748   7848068     99.27        16     61156   8794184     32.00   3223356   4298844       100       128
08:47:25 AM    156712     57748   7848068     99.27        16     61156   8794184     32.00   3223392   4298844       100       128
08:47:30 AM    160812     35456   7870360     99.55         4      8416   8794184     32.00   1593380   5928748       100       128
08:47:35 AM    160588     35540   7870276     99.55        16      9152   8794184     32.00   1593644   5929104        20       128
08:47:40 AM    160588     35624   7870192     99.55        16      9152   8794184     32.00   1593764   5929192        20       128
08:47:45 AM    117496     10744   7895072     99.86        16     45600   8794184     32.00   1630660   5929324        80       128
08:47:50 AM    117272     10648   7895168     99.87        16     45836   8794184     32.00   1630996   5929328       100       128
08:47:55 AM    117272     10648   7895168     99.87        16     45836   8794184     32.00   1630996   5929328       100       128
08:48:00 AM    223684    117028   7788788     98.52        16     45768   8794184     32.00   1641608   5814512       100       128
08:48:05 AM    223460    116804   7789012     98.52        16     45768   8794184     32.00   1641608   5814512        20       128
08:48:10 AM    223460    116804   7789012     98.52        16     45768   8794184     32.00   1641608   5814512        20       128
08:48:15 AM    208104    107768   7798048     98.64        16     58428   8794184     32.00   1656936   5815076        20       128
08:48:20 AM    208104    107816   7798000     98.64        16     58508   8794184     32.00   1656980   5815172        80       128
08:48:25 AM    192228     96088   7809728     98.78        16     66992   8794184     32.00   1665288   5815172       100       128
08:48:30 AM    145520     44944   7860872     99.43         4     57940   8794184     32.00    347636   7196440        80       124
08:48:35 AM    145268     44712   7861104     99.43         4     57996   8794184     32.00    347908   7196448       104       124
08:48:40 AM    144764     44280   7861536     99.44         4     58144   8794184     32.00    348460   7196464       104       124
08:48:45 AM    140984     42060   7863756     99.47         4     61340   8794184     32.00    351752   7196464       104       124
08:48:50 AM    135484     36720   7869096     99.54        16     61560   8794184     32.00    357232   7196604        24       124
08:48:55 AM    135440     36704   7869112     99.54        16     61620   8794184     32.00    357504   7196604        24       124
08:49:00 AM    130412     19084   7886732     99.76         4     36456   8794184     32.00   4813248   2745156        24       124
08:49:05 AM    130412     19172   7886644     99.76         4     36620   8794184     32.00   4813320   2745264        80       124
08:49:10 AM    130412     19176   7886640     99.76         4     36620   8794184     32.00   4813348   2745276       100       124
08:49:15 AM    130412     19176   7886640     99.76         4     36620   8794184     32.00   4813348   2745276       100       124
08:49:20 AM    130412     19176   7886640     99.76         4     36620   8794184     32.00   4813348   2745276       100       124
08:49:25 AM    129404     18480   7887336     99.77         4     37456   8794184     32.00   4813968   2745276       100       124
08:49:30 AM    175852     62936   7842880     99.20         4     33260   8794184     32.00   6407476   1110152       100       124
08:49:35 AM    175628     62836   7842980     99.21        16     33612   8794184     32.00   6407476   1110400        20       124
08:49:40 AM    175628     62936   7842880     99.20        16     33692   8794184     32.00   6407500   1110596        80       124
08:49:45 AM    175628     62936   7842880     99.20        16     33692   8794184     32.00   6407516   1110596       100       124
08:49:50 AM    175628     62936   7842880     99.20        16     33692   8794184     32.00   6407516   1110596       100       124
08:49:55 AM    175628     62936   7842880     99.20        16     33700   8794184     32.00   6407516   1110596       108       124
08:50:00 AM    129964      7708   7898108     99.90        16     14568   8794184     32.00     18912   7541964       108       124
08:50:05 AM    129964      7740   7898076     99.90        16     14660   8794184     32.00     19024   7542028        28       124
08:50:10 AM    129964      7864   7897952     99.90        16     14932   8794184     32.00     19052   7542248        28       124
08:50:15 AM    129964      7932   7897884     99.90        16     15012   8794184     32.00     19056   7542380        80       124
08:50:20 AM    129964      7932   7897884     99.90        16     15012   8794184     32.00     19056   7542380       100       124
08:50:25 AM    128452      6752   7899064     99.91        16     15800   8794184     32.00     19840   7542380       100       124
08:50:30 AM    132176      7376   7898440     99.91         4      9572   8794184     32.00     43616   7511692       100       124
08:50:35 AM    132176      7416   7898400     99.91         4      9604   8794184     32.00     43812   7511692       100       124
08:50:40 AM    132176      7416   7898400     99.91         4      9604   8794184     32.00     43812   7511692        20       124
08:50:45 AM    128144      3524   7902292     99.96        16      9956   8794184     32.00     43820   7511972        20       124
08:50:50 AM    119644    119644   7786172     98.49        16     15600   8794184     32.00     50024   7512020        80       124
08:50:55 AM    179176     59812   7846004     99.24         4     20360   8794184     32.00   3187456   4320464       100       124
08:51:00 AM    122000      3068   7902748     99.96         4     21300   8794184     32.00   3248588   4320464       100       124
08:51:05 AM    122000      3104   7902712     99.96         4     21300   8794184     32.00   3248708   4320464       100       124
08:51:10 AM    122000      3104   7902712     99.96         4     21304   8794184     32.00   3248708   4320464       104       124
08:51:15 AM    204636     94832   7810984     98.80         4     39484   8794184     32.00   5431428   2055112        80       124
08:51:20 AM    201612     93044   7812772     98.82        16     42032   8794184     32.00   5433816   2055348        20       124
08:51:25 AM    159868     63584   7842232     99.20        16     66872   8794184     32.00   5458396   2055348        20       124
08:51:30 AM    193060     89184   7816632     98.87         4     51580   8794184     32.00   1608428   5866436       244       124
08:51:35 AM    192080     92740   7813076     98.83         4     60524   8794184     32.00   1618232   5866564       292       128
08:51:40 AM    191072     92184   7813632     98.83         4     61456   8794184     32.00   1619260   5866564       292       128
08:51:45 AM    190328     91952   7813864     98.84         8     62392   8794184     32.00   1620368   5866664       184       128
08:51:50 AM    190328     91952   7813864     98.84         8     62388   8794184     32.00   1620456   5866660       180       128
08:51:55 AM    190328     91976   7813840     98.84        16     62592   8794184     32.00   1620460   5866712        24       128
08:52:00 AM    147488     51968   7853848     99.34        16     68052   8794184     32.00   1655172   5866976        20       128
08:52:05 AM    147264     51788   7854028     99.34        16     68132   8794184     32.00   1655260   5867056        80       128
08:52:10 AM    147264     51788   7854028     99.34        16     68136   8794184     32.00   1655296   5867056       104       128
08:52:15 AM    147264     51792   7854024     99.34        16     68136   8794184     32.00   1655312   5867060       104       128
08:52:20 AM    147264     51792   7854024     99.34        16     68136   8794184     32.00   1655380   5867060       104       128
08:52:25 AM    147264     51792   7854024     99.34        16     68136   8794184     32.00   1655588   5867060       104       128
08:52:30 AM    149488     53764   7852052     99.32        16     67712   8794184     32.00   2546332   4976676        80       128
08:52:35 AM    149488     53876   7851940     99.32        16     67856   8794184     32.00   2546384   4976924        20       128
08:52:40 AM    149488     53876   7851940     99.32        16     67856   8794184     32.00   2546384   4976924        20       128
08:52:45 AM    145204     50904   7854912     99.36        16     70484   8794184     32.00   2549632   4976976        20       128
08:52:50 AM    145204     50968   7854848     99.36        16     70628   8794184     32.00   2549868   4976996        20       128
08:52:55 AM    142464     48284   7857532     99.39        16     70720   8794184     32.00   2554368   4977012        20       128
08:53:00 AM    193204     82584   7823232     98.96         4     38016   8794184     32.00    911252   6562384         0       124
08:53:05 AM    193204     82744   7823072     98.95         4     38180   8794184     32.00    911832   6562384        20       124
08:53:10 AM    193204     82744   7823072     98.95         4     38180   8794184     32.00    912028   6562384        20       124
08:53:15 AM    177344     74684   7831132     99.06         4     53776   8794184     32.00    930184   6563076        24       124
08:53:20 AM    177344     74684   7831132     99.06         4     53776   8794184     32.00    930184   6563076        24       124
08:53:25 AM    177344     74824   7830992     99.05        16     54160   8794184     32.00    930208   6563356        24       124
08:53:30 AM    167768     66092   7839724     99.16        16     55740   8794184     32.00    938528   6563472        24       124
08:53:35 AM    167768     66136   7839680     99.16        16     55828   8794184     32.00    938564   6563552        80       124
08:53:40 AM    165752     65080   7840736     99.18        16     57888   8794184     32.00    940620   6563560       100       124
08:53:45 AM    165752     65108   7840708     99.18        16     57892   8794184     32.00    940676   6563560       104       124
08:53:50 AM    165752     65156   7840660     99.18        16     57892   8794184     32.00    940784   6563564       104       124
08:53:55 AM    165752     65156   7840660     99.18        16     57892   8794184     32.00    940784   6563564        24       124
08:54:00 AM    125432     24836   7880980     99.69        16     57892   8794184     32.00    981376   6563564        24       124
08:54:05 AM    125432     24960   7880856     99.68        16     58164   8794184     32.00    981376   6563812        24       124
08:54:10 AM    125432     24972   7880844     99.68        16     58244   8794076     32.00    981476   6563832        80       124
08:54:15 AM    125432     24972   7880844     99.68        16     58244   8794076     32.00    981484   6563832       100       124
Average:      2178604   2133417   5772399     73.01       782    141635   8793818     32.00   3533665   1978641       104      2883
