Linux 7.0.11-arch1-1 (archlinux) 	06/04/2026 	_x86_64_	(4 CPU)

03:19:39 PM  pgpgin/s pgpgout/s   fault/s  majflt/s  pgfree/s pgscank/s pgscand/s pgsteal/s  pgprom/s   pgdem/s
03:19:44 PM      0.00      0.00   1143.40      0.00     44.60      0.00      0.00      0.00      0.00      0.00
03:19:49 PM     38.40    674.40      5.00      0.00      7.20      0.00      0.00      0.00      0.00      0.00
03:19:54 PM      0.00      0.00      0.00      0.00      5.20      0.00      0.00      0.00      0.00      0.00
03:19:59 PM      6.40    216.80      1.60      0.00      4.00      0.00      0.00      0.00      0.00      0.00
03:20:04 PM      0.00      0.80      1.80      0.00      4.40      0.00      0.00      0.00      0.00      0.00
03:20:09 PM      0.00      0.80      0.20      0.00      4.00      0.00      0.00      0.00      0.00      0.00
03:20:14 PM      0.00      0.00      0.60      0.00      1.20      0.00      0.00      0.00      0.00      0.00
03:20:19 PM      0.00    194.40      0.00      0.00      4.40      0.00      0.00      0.00      0.00      0.00
03:20:24 PM      0.00     19.20      0.00      0.00      3.80      0.00      0.00      0.00      0.00      0.00
03:20:29 PM      0.00      0.00      1.60      0.00      4.40      0.00      0.00      0.00      0.00      0.00
03:20:34 PM      0.00      4.80      0.00      0.00      3.80      0.00      0.00      0.00      0.00      0.00
03:20:39 PM      0.00      0.00      0.00      0.00    311.20      0.00      0.00      0.00      0.00      0.00
03:20:44 PM      0.00      0.00      0.00      0.00      0.60      0.00      0.00      0.00      0.00      0.00
03:20:49 PM      0.00    111.20      0.00      0.00      4.00      0.00      0.00      0.00      0.00      0.00
03:20:54 PM      0.00     19.20      0.00      0.00      4.60      0.00      0.00      0.00      0.00      0.00
03:20:59 PM      0.00      0.00      0.00      0.00      4.80      0.00      0.00      0.00      0.00      0.00
03:21:04 PM      0.00      0.00      1.40      0.00      4.20      0.00      0.00      0.00      0.00      0.00
03:21:09 PM      0.00      0.00      0.00      0.00      4.40      0.00      0.00      0.00      0.00      0.00
03:21:14 PM      0.00      0.00      2.00      0.00      1.40      0.00      0.00      0.00      0.00      0.00
03:21:19 PM      0.00      0.00      0.00      0.00      4.20      0.00      0.00      0.00      0.00      0.00
03:21:24 PM      0.00    111.20      0.00      0.00      4.40      0.00      0.00      0.00      0.00      0.00
03:21:29 PM      0.00      0.00      0.00      0.00      3.80      0.00      0.00      0.00      0.00      0.00
03:21:34 PM      0.00     37.60      0.00      0.00      4.20      0.00      0.00      0.00      0.00      0.00
03:21:39 PM      0.00      0.00      0.00      0.00      3.80      0.00      0.00      0.00      0.00      0.00
03:21:44 PM      0.00      0.00      0.00      0.00      0.60      0.00      0.00      0.00      0.00      0.00
03:21:49 PM      0.00      0.00      0.00      0.00      4.00      0.00      0.00      0.00      0.00      0.00
03:21:54 PM      0.00     79.20      0.00      0.00      3.80      0.00      0.00      0.00      0.00      0.00
03:21:59 PM      0.00      0.00      0.00      0.00      4.00      0.00      0.00      0.00      0.00      0.00
03:22:04 PM      0.00      0.00      0.00      0.00      4.00      0.00      0.00      0.00      0.00      0.00
03:22:09 PM      0.00     38.40      0.20      0.00      4.00      0.00      0.00      0.00      0.00      0.00
03:22:14 PM      0.00      0.00      0.00      0.00      0.80      0.00      0.00      0.00      0.00      0.00
03:22:19 PM      0.00      0.00      0.00      0.00      4.00      0.00      0.00      0.00      0.00      0.00
03:22:24 PM      0.00      0.00      0.00      0.00      4.00      0.00      0.00      0.00      0.00      0.00
03:22:29 PM      0.00     98.40      0.00      0.00      3.80      0.00      0.00      0.00      0.00      0.00
03:22:34 PM      0.00      0.80      0.00      0.00      4.00      0.00      0.00      0.00      0.00      0.00
03:22:39 PM      0.00      0.00      0.00      0.00      3.80      0.00      0.00      0.00      0.00      0.00
03:22:44 PM      0.00      0.00      0.00      0.00      0.80      0.00      0.00      0.00      0.00      0.00
03:22:49 PM      0.00      0.00      0.00      0.00      3.80      0.00      0.00      0.00      0.00      0.00
03:22:54 PM      0.00     38.40      0.00      0.00      4.00      0.00      0.00      0.00      0.00      0.00
03:22:59 PM      0.00      0.00      0.00      0.00      3.80      0.00      0.00      0.00      0.00      0.00
03:23:04 PM      0.00     85.60      0.00      0.00      4.60      0.00      0.00      0.00      0.00      0.00
03:23:09 PM      0.00      1.60      0.00      0.00      4.80      0.00      0.00      0.00      0.00      0.00
03:23:14 PM      0.00      0.00      1.40      0.00    206.80      0.00      0.00      0.00      0.00      0.00
03:23:19 PM      0.00      0.00      0.00      0.00      4.20      0.00      0.00      0.00      0.00      0.00
03:23:24 PM      0.00      0.00      0.00      0.00      5.00      0.00      0.00      0.00      0.00      0.00
03:23:29 PM      0.00      0.00      0.00      0.00      4.20      0.00      0.00      0.00      0.00      0.00
03:23:34 PM      0.00     70.40      0.00      0.00      4.40      0.00      0.00      0.00      0.00      0.00
03:23:39 PM      3.20    156.00      0.00      0.00      4.00      0.00      0.00      0.00      0.00      0.00
03:23:44 PM      0.00      9.60      0.00      0.00      0.60      0.00      0.00      0.00      0.00      0.00
03:23:49 PM      0.00     42.40      1.20      0.00      5.40      0.00      0.00      0.00      0.00      0.00
03:23:54 PM      0.00      0.00    281.80      0.00    227.60      0.00      0.00      0.00      0.00      0.00
03:23:59 PM      0.00      0.00      0.00      0.00      3.80      0.00      0.00      0.00      0.00      0.00
03:24:04 PM      0.00     64.00      0.00      0.00      4.00      0.00      0.00      0.00      0.00      0.00
03:24:09 PM      0.00      0.00      0.00      0.00      4.60      0.00      0.00      0.00      0.00      0.00
03:24:14 PM      0.00    149.60      0.00      0.00      7.40      0.00      0.00      0.00      0.00      0.00
03:24:19 PM      0.00      3.20      0.00      0.00      3.80      0.00      0.00      0.00      0.00      0.00
03:24:24 PM      0.00      0.00      0.00      0.00      4.00      0.00      0.00      0.00      0.00      0.00
03:24:29 PM      0.00      0.00      0.00      0.00      3.80      0.00      0.00      0.00      0.00      0.00
03:24:34 PM      0.00      0.00      0.00      0.00      3.80      0.00      0.00      0.00      0.00      0.00
03:24:39 PM      0.00      0.00      0.00      0.00      4.00      0.00      0.00      0.00      0.00      0.00
03:24:44 PM      0.00     38.40      0.00      0.00      0.60      0.00      0.00      0.00      0.00      0.00
03:24:49 PM      0.00    124.00      0.00      0.00      4.00      0.00      0.00      0.00      0.00      0.00
03:24:54 PM      0.00      4.00      0.00      0.00      3.80      0.00      0.00      0.00      0.00      0.00
03:24:59 PM      0.00      0.00      0.00      0.00      4.80      0.00      0.00      0.00      0.00      0.00
03:25:04 PM      0.00      0.00      0.00      0.00      3.80      0.00      0.00      0.00      0.00      0.00
03:25:09 PM      0.00      0.00      0.20      0.00      4.00      0.00      0.00      0.00      0.00      0.00
03:25:14 PM      0.00      0.00      0.20      0.00      1.40      0.00      0.00      0.00      0.00      0.00
03:25:19 PM      0.00     38.40      0.00      0.00      4.00      0.00      0.00      0.00      0.00      0.00
03:25:24 PM      0.00    104.80      0.00      0.00      4.00      0.00      0.00      0.00      0.00      0.00
03:25:29 PM      0.00      3.20      0.00      0.00      3.80      0.00      0.00      0.00      0.00      0.00
03:25:34 PM      0.00      0.00      0.00      0.00      4.00      0.00      0.00      0.00      0.00      0.00
03:25:39 PM      0.00      0.00      0.00      0.00      3.80      0.00      0.00      0.00      0.00      0.00
03:25:44 PM      0.00      0.00      0.00      0.00      0.80      0.00      0.00      0.00      0.00      0.00
03:25:49 PM      0.00      0.00      0.00      0.00      3.80      0.00      0.00      0.00      0.00      0.00
03:25:54 PM      0.00     38.40      0.00      0.00      4.00      0.00      0.00      0.00      0.00      0.00
03:25:59 PM      0.00    124.00      0.00      0.00      3.80      0.00      0.00      0.00      0.00      0.00
03:26:04 PM      0.00      4.00      0.00      0.00      3.80      0.00      0.00      0.00      0.00      0.00
03:26:09 PM      0.00      0.00      0.00      0.00      4.00      0.00      0.00      0.00      0.00      0.00
03:26:14 PM      0.00      0.00      0.00      0.00      0.60      0.00      0.00      0.00      0.00      0.00
03:26:19 PM      0.00      0.00      0.00      0.00      4.20      0.00      0.00      0.00      0.00      0.00
03:26:24 PM      0.00      0.00      0.00      0.00      3.80      0.00      0.00      0.00      0.00      0.00
03:26:29 PM      0.00     52.80      3.80      0.00      5.20      0.00      0.00      0.00      0.00      0.00
03:26:34 PM      6.40    168.80      0.00      0.00      4.00      0.00      0.00      0.00      0.00      0.00
03:26:39 PM      0.00      4.80      0.00      0.00      4.00      0.00      0.00      0.00      0.00      0.00
03:26:44 PM      0.00      0.00      0.00      0.00      0.60      0.00      0.00      0.00      0.00      0.00
03:26:49 PM      0.00      0.00      0.00      0.00      3.80      0.00      0.00      0.00      0.00      0.00
03:26:54 PM      0.00      0.00      0.00      0.00      4.00      0.00      0.00      0.00      0.00      0.00
03:26:59 PM      0.00     53.60      0.00      0.00      3.80      0.00      0.00      0.00      0.00      0.00
03:27:04 PM      0.00      0.00      0.00      0.00      4.00      0.00      0.00      0.00      0.00      0.00
03:27:09 PM      3.20    188.00      0.00      0.00      3.80      0.00      0.00      0.00      0.00      0.00
03:27:14 PM      0.00      5.60      0.20      0.00      0.80      0.00      0.00      0.00      0.00      0.00
03:27:19 PM      0.00      0.00      0.00      0.00      4.60      0.00      0.00      0.00      0.00      0.00
03:27:24 PM      0.00      0.00      0.00      0.00      4.60      0.00      0.00      0.00      0.00      0.00
03:27:29 PM      0.00      0.00      1.80      0.00      4.40      0.00      0.00      0.00      0.00      0.00
03:27:34 PM      0.00     76.80      0.00      0.00      4.00      0.00      0.00      0.00      0.00      0.00
03:27:39 PM      0.00      0.00      0.00      0.00      5.20      0.00      0.00      0.00      0.00      0.00
03:27:44 PM      0.00    181.60      0.00      0.00      1.00      0.00      0.00      0.00      0.00      0.00
03:27:49 PM      0.00      4.80      0.00      0.00      4.60      0.00      0.00      0.00      0.00      0.00
03:27:54 PM      0.00      0.00      0.00      0.00      3.80      0.00      0.00      0.00      0.00      0.00
03:27:59 PM      0.00      6.40      0.00      0.00      4.00      0.00      0.00      0.00      0.00      0.00
03:28:04 PM      0.00     76.80      0.00      0.00      3.80      0.00      0.00      0.00      0.00      0.00
03:28:09 PM      0.00      0.00      0.20      0.00      3.80      0.00      0.00      0.00      0.00      0.00
03:28:14 PM      0.00      0.00      0.00      0.00      1.20      0.00      0.00      0.00      0.00      0.00
03:28:19 PM      3.20    194.40      0.00      0.00      4.00      0.00      0.00      0.00      0.00      0.00
03:28:24 PM      0.00      4.00      0.00      0.00      4.00      0.00      0.00      0.00      0.00      0.00
03:28:29 PM      0.00      0.00      0.00      0.00      3.80      0.00      0.00      0.00      0.00      0.00
03:28:34 PM      0.00      0.00      0.00      0.00      4.00      0.00      0.00      0.00      0.00      0.00
03:28:39 PM      0.00      0.00      0.00      0.00      3.80      0.00      0.00      0.00      0.00      0.00
03:28:44 PM      0.00      0.00      0.00      0.00      0.80      0.00      0.00      0.00      0.00      0.00
03:28:49 PM      0.00     44.80      0.00      0.00      3.80      0.00      0.00      0.00      0.00      0.00
03:28:54 PM      0.00    117.60    283.00      0.00    215.00      0.00      0.00      0.00      0.00      0.00
03:28:59 PM      0.00      4.80      0.00      0.00      4.00      0.00      0.00      0.00      0.00      0.00
03:29:04 PM      0.00      0.00      0.00      0.00      3.80      0.00      0.00      0.00      0.00      0.00
03:29:09 PM      0.00      0.00      0.00      0.00      4.00      0.00      0.00      0.00      0.00      0.00
03:29:14 PM      0.00      0.00      0.00      0.00      0.60      0.00      0.00      0.00      0.00      0.00
03:29:19 PM      0.00      0.00      0.00      0.00      4.00      0.00      0.00      0.00      0.00      0.00
03:29:24 PM      0.00     44.80      0.00      0.00      4.00      0.00      0.00      0.00      0.00      0.00
03:29:29 PM      3.20    156.00      0.00      0.00      4.00      0.00      0.00      0.00      0.00      0.00
03:29:34 PM      0.00      4.00      0.00      0.00      3.80      0.00      0.00      0.00      0.00      0.00
03:29:39 PM      0.00      0.00      0.00      0.00      3.80      0.00      0.00      0.00      0.00      0.00
03:29:44 PM      0.00      0.00      0.00      0.00    463.20      0.00      0.00      0.00      0.00      0.00
03:29:49 PM      0.00      0.00      0.00      0.00      3.80      0.00      0.00      0.00      0.00      0.00
03:29:54 PM      0.00      0.00      0.00      0.00      4.00      0.00      0.00      0.00      0.00      0.00
03:29:59 PM      0.00     44.80      0.00      0.00      3.80      0.00      0.00      0.00      0.00      0.00
03:30:04 PM      3.20    162.40      0.00      0.00      4.00      0.00      0.00      0.00      0.00      0.00
03:30:09 PM      0.00      4.80      0.20      0.00      3.80      0.00      0.00      0.00      0.00      0.00
03:30:14 PM      0.00      0.00      0.00      0.00      0.60      0.00      0.00      0.00      0.00      0.00
03:30:19 PM      0.00      0.00      0.00      0.00      4.00      0.00      0.00      0.00      0.00      0.00
03:30:24 PM      0.00      0.00      0.00      0.00      4.00      0.00      0.00      0.00      0.00      0.00
03:30:29 PM      0.00      0.00      0.00      0.00      4.00      0.00      0.00      0.00      0.00      0.00
03:30:34 PM      0.00     44.80      0.00      0.00      3.80      0.00      0.00      0.00      0.00      0.00
03:30:39 PM      0.00    156.00      0.00      0.00      4.00      0.00      0.00      0.00      0.00      0.00
03:30:44 PM      0.00      5.60      0.00      0.00      0.60      0.00      0.00      0.00      0.00      0.00
03:30:49 PM      0.00      0.00      0.00      0.00      4.00      0.00      0.00      0.00      0.00      0.00
03:30:54 PM      0.00      0.00      0.00      0.00      3.80      0.00      0.00      0.00      0.00      0.00
03:30:59 PM      0.00      0.00      0.00      0.00      3.80      0.00      0.00      0.00      0.00      0.00
03:31:04 PM      0.00      0.00      0.00      0.00      4.00      0.00      0.00      0.00      0.00      0.00
03:31:09 PM      0.00     44.80      0.00      0.00      3.80      0.00      0.00      0.00      0.00      0.00
03:31:14 PM      0.00    117.60      0.00      0.00    103.20      0.00      0.00      0.00      0.00      0.00
03:31:19 PM      0.00      3.99      0.00      0.00      3.79      0.00      0.00      0.00      0.00      0.00
03:31:24 PM      0.00      0.00      0.00      0.00      4.20      0.00      0.00      0.00      0.00      0.00
03:31:29 PM      0.00     14.40      0.20      0.00      4.60      0.00      0.00      0.00      0.00      0.00
03:31:34 PM      0.00      0.00      0.00      0.00      4.00      0.00      0.00      0.00      0.00      0.00
03:31:39 PM      0.00      0.00      0.00      0.00      4.60      0.00      0.00      0.00      0.00      0.00
03:31:44 PM      0.00     44.80      0.00      0.00      0.60      0.00      0.00      0.00      0.00      0.00
03:31:49 PM      0.00    156.00      0.00      0.00      4.00      0.00      0.00      0.00      0.00      0.00
03:31:54 PM      0.00      4.80      0.00      0.00      3.80      0.00      0.00      0.00      0.00      0.00
03:31:59 PM      0.00      0.00      0.00      0.00      4.00      0.00      0.00      0.00      0.00      0.00
03:32:04 PM      0.00      0.00      0.00      0.00      3.80      0.00      0.00      0.00      0.00      0.00
03:32:09 PM      0.00      0.00      0.00      0.00      4.00      0.00      0.00      0.00      0.00      0.00
03:32:14 PM      0.00      0.00      0.00      0.00      0.60      0.00      0.00      0.00      0.00      0.00
03:32:19 PM      0.00     44.80      0.20      0.00      4.60      0.00      0.00      0.00      0.00      0.00
03:32:24 PM      0.00    117.60      0.00      0.00      4.60      0.00      0.00      0.00      0.00      0.00
03:32:29 PM      0.00     18.40      1.80      0.00      5.20      0.00      0.00      0.00      0.00      0.00
03:32:34 PM      0.00      0.00      0.40      0.00      4.40      0.00      0.00      0.00      0.00      0.00
03:32:39 PM      0.00      0.00      0.00      0.00      4.80      0.00      0.00      0.00      0.00      0.00
03:32:44 PM      0.00      0.00      0.00      0.00      1.00      0.00      0.00      0.00      0.00      0.00
03:32:49 PM      0.00      0.00      0.00      0.00      4.40      0.00      0.00      0.00      0.00      0.00
03:32:54 PM      0.00     76.80      0.00      0.00      4.00      0.00      0.00      0.00      0.00      0.00
03:32:59 PM      0.00    175.20      0.00      0.00      3.80      0.00      0.00      0.00      0.00      0.00
03:33:04 PM      0.00      5.60      0.00      0.00      3.80      0.00      0.00      0.00      0.00      0.00
03:33:09 PM      0.00      0.00      0.20      0.00      4.00      0.00      0.00      0.00      0.00      0.00
03:33:14 PM      0.00      0.00      0.00      0.00      1.00      0.00      0.00      0.00      0.00      0.00
03:33:19 PM      0.00      0.00      0.00      0.00      4.00      0.00      0.00      0.00      0.00      0.00
03:33:24 PM      0.00      0.00      0.00      0.00      3.80      0.00      0.00      0.00      0.00      0.00
03:33:29 PM      0.00    213.60      0.00      0.00      4.20      0.00      0.00      0.00      0.00      0.00
03:33:34 PM      0.00      0.00      0.00      0.00      3.80      0.00      0.00      0.00      0.00      0.00
03:33:39 PM      0.00      4.00      0.00      0.00      4.00      0.00      0.00      0.00      0.00      0.00
03:33:44 PM      0.00      0.00      0.00      0.00      0.60      0.00      0.00      0.00      0.00      0.00
03:33:49 PM      0.00      0.00      0.00      0.00      3.80      0.00      0.00      0.00      0.00      0.00
03:33:54 PM      0.00      0.00    570.40      0.00    410.80      0.00      0.00      0.00      0.00      0.00
03:33:59 PM      0.00      0.00      0.00      0.00      4.00      0.00      0.00      0.00      0.00      0.00
03:34:04 PM      0.00     64.00      0.00      0.00      4.00      0.00      0.00      0.00      0.00      0.00
03:34:09 PM      0.00    149.60      0.00      0.00      4.60      0.00      0.00      0.00      0.00      0.00
03:34:14 PM      0.00      4.00      0.00      0.00      0.80      0.00      0.00      0.00      0.00      0.00
03:34:19 PM      0.00      0.00      0.00      0.00      3.80      0.00      0.00      0.00      0.00      0.00
03:34:24 PM      0.00     32.80      0.00      0.00      4.00      0.00      0.00      0.00      0.00      0.00
03:34:29 PM      0.00      0.00      0.60      0.00      4.00      0.00      0.00      0.00      0.00      0.00
03:34:34 PM      0.00      0.00      0.00      0.00      3.80      0.00      0.00      0.00      0.00      0.00
03:34:39 PM      0.00     64.00      0.00      0.00      4.00      0.00      0.00      0.00      0.00      0.00
03:34:44 PM      0.00    143.20      0.00      0.00      0.60      0.00      0.00      0.00      0.00      0.00
03:34:49 PM      0.00      5.60      0.40      0.00      4.00      0.00      0.00      0.00      0.00      0.00
03:34:54 PM      0.00      0.00      0.00      0.00      3.80      0.00      0.00      0.00      0.00      0.00
03:34:59 PM      0.00      0.00      0.00      0.00      4.00      0.00      0.00      0.00      0.00      0.00
03:35:04 PM      0.00      0.00      0.00      0.00      3.80      0.00      0.00      0.00      0.00      0.00
03:35:09 PM      0.00      0.00      0.20      0.00    107.20      0.00      0.00      0.00      0.00      0.00
03:35:14 PM      0.00     44.80      0.00      0.00      0.60      0.00      0.00      0.00      0.00      0.00
03:35:19 PM      0.00    136.80      0.00      0.00      3.80      0.00      0.00      0.00      0.00      0.00
03:35:24 PM      0.00      5.60      0.00      0.00      4.00      0.00      0.00      0.00      0.00      0.00
03:35:29 PM      0.00      0.00      0.60      0.00      4.00      0.00      0.00      0.00      0.00      0.00
03:35:34 PM      0.00      0.00      0.00      0.00      4.00      0.00      0.00      0.00      0.00      0.00
03:35:39 PM      0.00      0.00      0.00      0.00      3.80      0.00      0.00      0.00      0.00      0.00
03:35:44 PM      0.00      0.00      0.00      0.00      0.80      0.00      0.00      0.00      0.00      0.00
03:35:49 PM      0.00     44.80      0.00      0.00      3.80      0.00      0.00      0.00      0.00      0.00
03:35:54 PM      0.00    117.60      0.00      0.00      4.00      0.00      0.00      0.00      0.00      0.00
03:35:59 PM      0.00      4.00      0.00      0.00      3.80      0.00      0.00      0.00      0.00      0.00
03:36:04 PM      0.00      0.00      0.00      0.00      3.80      0.00      0.00      0.00      0.00      0.00
03:36:09 PM      0.00      0.00      0.00      0.00      4.00      0.00      0.00      0.00      0.00      0.00
03:36:14 PM      0.00      0.00      0.00      0.00      0.60      0.00      0.00      0.00      0.00      0.00
03:36:19 PM      0.00      0.00      0.00      0.00      4.00      0.00      0.00      0.00      0.00      0.00
03:36:24 PM      0.00     44.80      0.00      0.00      3.80      0.00      0.00      0.00      0.00      0.00
03:36:29 PM      0.00    136.80      0.00      0.00      4.00      0.00      0.00      0.00      0.00      0.00
03:36:34 PM      0.00      4.00      0.00      0.00      4.00      0.00      0.00      0.00      0.00      0.00
03:36:39 PM      0.00      0.00      0.00      0.00      3.80      0.00      0.00      0.00      0.00      0.00
03:36:44 PM      0.00      0.00      0.00      0.00      0.80      0.00      0.00      0.00      0.00      0.00
03:36:49 PM      0.00      0.00      0.00      0.00      3.80      0.00      0.00      0.00      0.00      0.00
03:36:54 PM      0.00      0.00      0.00      0.00      4.00      0.00      0.00      0.00      0.00      0.00
03:36:59 PM      0.00     44.80      0.00      0.00      3.80      0.00      0.00      0.00      0.00      0.00
03:37:04 PM      0.00    117.60      0.00      0.00      4.00      0.00      0.00      0.00      0.00      0.00
03:37:09 PM      0.00      4.00      0.00      0.00      3.80      0.00      0.00      0.00      0.00      0.00
03:37:14 PM      0.00      0.00      0.00      0.00      1.00      0.00      0.00      0.00      0.00      0.00
03:37:19 PM      0.00      0.00      0.00      0.00      4.40      0.00      0.00      0.00      0.00      0.00
03:37:24 PM      0.00      0.00      0.00      0.00      4.60      0.00      0.00      0.00      0.00      0.00
03:37:29 PM      0.00     34.40      2.00      0.00      5.20      0.00      0.00      0.00      0.00      0.00
03:37:34 PM      0.00     91.20      1.60      0.00      4.40      0.00      0.00      0.00      0.00      0.00
03:37:39 PM      3.20    194.40      0.00      0.00      5.00      0.00      0.00      0.00      0.00      0.00
03:37:44 PM      0.00      4.80      0.00      0.00      1.00      0.00      0.00      0.00      0.00      0.00
03:37:49 PM      0.00      0.00      0.20      0.00      4.20      0.00      0.00      0.00      0.00      0.00
03:37:54 PM      0.00      0.00      0.00      0.00      4.00      0.00      0.00      0.00      0.00      0.00
03:37:59 PM      0.00      6.40      0.00      0.00      4.00      0.00      0.00      0.00      0.00      0.00
03:38:04 PM      0.00      0.00      0.00      0.00      3.80      0.00      0.00      0.00      0.00      0.00
03:38:09 PM      0.00     76.80      0.20      0.00      3.80      0.00      0.00      0.00      0.00      0.00
03:38:14 PM      0.00    156.00      0.00      0.00      1.40      0.00      0.00      0.00      0.00      0.00
03:38:19 PM      0.00      6.40      0.00      0.00      3.80      0.00      0.00      0.00      0.00      0.00
03:38:24 PM      0.00      0.00      0.00      0.00      4.00      0.00      0.00      0.00      0.00      0.00
03:38:29 PM      0.00      0.00      0.00      0.00      3.80      0.00      0.00      0.00      0.00      0.00
03:38:34 PM      0.00      0.00      0.00      0.00      4.20      0.00      0.00      0.00      0.00      0.00
03:38:39 PM      0.00      0.00      0.00      0.00      3.80      0.00      0.00      0.00      0.00      0.00
03:38:44 PM      0.00     44.80      0.00      0.00      0.80      0.00      0.00      0.00      0.00      0.00
03:38:49 PM      0.00    143.20      0.00      0.00      3.80      0.00      0.00      0.00      0.00      0.00
03:38:54 PM      0.00      4.00    281.20      0.00    219.20      0.00      0.00      0.00      0.00      0.00
03:38:59 PM      0.00      0.00      0.00      0.00      4.00      0.00      0.00      0.00      0.00      0.00
03:39:04 PM      0.00      0.00      0.00      0.00      3.80      0.00      0.00      0.00      0.00      0.00
03:39:09 PM      0.00      0.00      0.00      0.00      4.80      0.00      0.00      0.00      0.00      0.00
03:39:14 PM      0.00      0.00      0.00      0.00      0.60      0.00      0.00      0.00      0.00      0.00
03:39:19 PM      0.00     44.80      0.00      0.00      4.00      0.00      0.00      0.00      0.00      0.00
03:39:24 PM      0.00    117.60      0.00      0.00      3.80      0.00      0.00      0.00      0.00      0.00
03:39:29 PM      0.00      4.80      0.00      0.00      3.80      0.00      0.00      0.00      0.00      0.00
03:39:34 PM      0.00      0.00      0.00      0.00      4.00      0.00      0.00      0.00      0.00      0.00
03:39:39 PM      0.00      0.00      0.00      0.00      4.00      0.00      0.00      0.00      0.00      0.00
03:39:44 PM      0.00      0.00      0.00      0.00      0.80      0.00      0.00      0.00      0.00      0.00
03:39:49 PM      0.00      0.00      0.00      0.00      3.80      0.00      0.00      0.00      0.00      0.00
03:39:54 PM      0.00     51.20      0.00      0.00      4.00      0.00      0.00      0.00      0.00      0.00
03:39:59 PM      0.00    136.80      0.00      0.00      3.80      0.00      0.00      0.00      0.00      0.00
03:40:04 PM      0.00      4.00      0.00      0.00      4.00      0.00      0.00      0.00      0.00      0.00
03:40:09 PM      0.00      0.00      0.00      0.00      3.80      0.00      0.00      0.00      0.00      0.00
03:40:14 PM      0.00      0.00      0.00      0.00      0.60      0.00      0.00      0.00      0.00      0.00
03:40:19 PM      0.00      0.00      0.00      0.00      4.00      0.00      0.00      0.00      0.00      0.00
03:40:24 PM      0.00      0.00      0.00      0.00      3.80      0.00      0.00      0.00      0.00      0.00
03:40:29 PM      0.00     44.80      0.00      0.00      4.00      0.00      0.00      0.00      0.00      0.00
03:40:34 PM      0.00    117.60      0.00      0.00      3.80      0.00      0.00      0.00      0.00      0.00
03:40:39 PM      0.00      4.80      0.00      0.00      5.00      0.00      0.00      0.00      0.00      0.00
03:40:44 PM      0.00      0.00      0.00      0.00      0.60      0.00      0.00      0.00      0.00      0.00
03:40:49 PM      0.00      0.00      0.00      0.00      4.00      0.00      0.00      0.00      0.00      0.00
03:40:54 PM      0.00      0.00      0.00      0.00      3.80      0.00      0.00      0.00      0.00      0.00
03:40:59 PM      0.00      0.00      0.00      0.00      3.80      0.00      0.00      0.00      0.00      0.00
03:41:04 PM      0.00     44.80      0.00      0.00      4.00      0.00      0.00      0.00      0.00      0.00
03:41:09 PM      0.00    136.80      0.20      0.00      3.80      0.00      0.00      0.00      0.00      0.00
03:41:14 PM      0.00      4.80      0.00      0.00      0.80      0.00      0.00      0.00      0.00      0.00
03:41:19 PM      0.00      0.00      0.00      0.00      3.80      0.00      0.00      0.00      0.00      0.00
03:41:24 PM      0.00      0.00      0.00      0.00      4.00      0.00      0.00      0.00      0.00      0.00
03:41:29 PM      0.00      0.00      0.00      0.00      3.80      0.00      0.00      0.00      0.00      0.00
03:41:34 PM      0.00      0.00      0.00      0.00      4.00      0.00      0.00      0.00      0.00      0.00
03:41:39 PM      0.00     44.80      0.00      0.00      4.00      0.00      0.00      0.00      0.00      0.00
03:41:44 PM      0.00    117.60      0.00      0.00      0.60      0.00      0.00      0.00      0.00      0.00
03:41:49 PM      0.00      4.00      0.00      0.00      4.00      0.00      0.00      0.00      0.00      0.00
03:41:54 PM      0.00      0.00      0.00      0.00      3.80      0.00      0.00      0.00      0.00      0.00
03:41:59 PM      0.00      0.00      0.00      0.00      4.00      0.00      0.00      0.00      0.00      0.00
03:42:04 PM      0.00      0.00      0.00      0.00      3.80      0.00      0.00      0.00      0.00      0.00
03:42:09 PM      0.00      0.00      0.00      0.00      4.00      0.00      0.00      0.00      0.00      0.00
03:42:14 PM      0.00     44.80      0.00      0.00      1.40      0.00      0.00      0.00      0.00      0.00
03:42:19 PM      0.00    136.80      0.00      0.00      4.40      0.00      0.00      0.00      0.00      0.00
03:42:24 PM      0.00      5.60      0.00      0.00      4.80      0.00      0.00      0.00      0.00      0.00
03:42:29 PM      0.00      0.00      3.20      0.00      4.20      0.00      0.00      0.00      0.00      0.00
03:42:34 PM      0.00     35.20      0.20      0.00      5.80      0.00      0.00      0.00      0.00      0.00
03:42:39 PM      0.00     14.40      1.80      0.00      5.20      0.00      0.00      0.00      0.00      0.00
03:42:44 PM      0.00      0.00      0.00      0.00      1.20      0.00      0.00      0.00      0.00      0.00
03:42:49 PM      0.00     76.80      0.00      0.00      4.20      0.00      0.00      0.00      0.00      0.00
03:42:54 PM      0.00    149.60      0.00      0.00      4.00      0.00      0.00      0.00      0.00      0.00
03:42:59 PM      0.00     11.20      0.00      0.00      3.80      0.00      0.00      0.00      0.00      0.00
03:43:04 PM      0.00      0.00      0.00      0.00      3.80      0.00      0.00      0.00      0.00      0.00
03:43:09 PM      0.00      0.00      0.20      0.00      4.00      0.00      0.00      0.00      0.00      0.00
03:43:14 PM      0.00      0.00      0.00      0.00      1.00      0.00      0.00      0.00      0.00      0.00
03:43:19 PM      0.00     44.80      0.00      0.00      4.00      0.00      0.00      0.00      0.00      0.00
03:43:24 PM      0.00      0.00      0.00      0.00      3.80      0.00      0.00      0.00      0.00      0.00
03:43:29 PM      0.00    149.30      0.00      0.00      3.99      0.00      0.00      0.00      0.00      0.00
03:43:34 PM      0.00      4.00      0.00      0.00      3.80      0.00      0.00      0.00      0.00      0.00
03:43:39 PM      0.00      0.00      0.00      0.00      4.00      0.00      0.00      0.00      0.00      0.00
03:43:44 PM      0.00      0.00      0.00      0.00      0.80      0.00      0.00      0.00      0.00      0.00
03:43:49 PM      0.00      0.00      0.00      0.00      3.80      0.00      0.00      0.00      0.00      0.00
03:43:54 PM      0.00      0.00      0.20      0.00      7.40      0.00      0.00      0.00      0.00      0.00
03:43:59 PM      0.00     44.80    286.00      0.00    211.00      0.00      0.00      0.00      0.00      0.00
03:44:04 PM      0.00    117.60      0.00      0.00      4.00      0.00      0.00      0.00      0.00      0.00
03:44:09 PM      0.00      4.80      0.00      0.00      3.80      0.00      0.00      0.00      0.00      0.00
03:44:14 PM      0.00      0.00      0.00      0.00      0.80      0.00      0.00      0.00      0.00      0.00
03:44:19 PM      0.00      0.00      0.00      0.00      3.80      0.00      0.00      0.00      0.00      0.00
03:44:24 PM      0.00      0.00      0.00      0.00      4.00      0.00      0.00      0.00      0.00      0.00
03:44:29 PM      0.00      0.00      0.00      0.00      3.80      0.00      0.00      0.00      0.00      0.00
03:44:34 PM      0.00     44.80      0.00      0.00      3.80      0.00      0.00      0.00      0.00      0.00
03:44:39 PM      0.00    162.40      0.00      0.00      4.00      0.00      0.00      0.00      0.00      0.00
03:44:44 PM      0.00      4.00      0.00      0.00      0.80      0.00      0.00      0.00      0.00      0.00
03:44:49 PM      0.00      0.00      0.00      0.00      4.00      0.00      0.00      0.00      0.00      0.00
03:44:54 PM      0.00      0.00      0.00      0.00      3.80      0.00      0.00      0.00      0.00      0.00
03:44:59 PM      0.00      0.00      0.00      0.00      4.00      0.00      0.00      0.00      0.00      0.00
03:45:04 PM      0.00      0.00      0.00      0.00      3.80      0.00      0.00      0.00      0.00      0.00
03:45:09 PM      0.00     44.80      0.00      0.00      4.00      0.00      0.00      0.00      0.00      0.00
03:45:14 PM      0.00    117.60      0.00      0.00      0.60      0.00      0.00      0.00      0.00      0.00
03:45:19 PM      0.00      4.00      0.40      0.00      3.80      0.00      0.00      0.00      0.00      0.00
03:45:24 PM      0.00      0.00      0.00      0.00      4.00      0.00      0.00      0.00      0.00      0.00
03:45:29 PM      0.00      0.00      0.00      0.00      3.80      0.00      0.00      0.00      0.00      0.00
03:45:34 PM      0.00      0.00      0.00      0.00      4.00      0.00      0.00      0.00      0.00      0.00
03:45:39 PM      0.00      0.00      0.00      0.00      3.80      0.00      0.00      0.00      0.00      0.00
03:45:44 PM      0.00     44.80      0.00      0.00      0.80      0.00      0.00      0.00      0.00      0.00
03:45:49 PM      0.00    136.80      0.00      0.00      4.00      0.00      0.00      0.00      0.00      0.00
03:45:54 PM      0.00      7.20      0.00      0.00      3.80      0.00      0.00      0.00      0.00      0.00
03:45:59 PM      0.00      0.00      0.00      0.00      4.00      0.00      0.00      0.00      0.00      0.00
03:46:04 PM      0.00      0.00      0.00      0.00      3.80      0.00      0.00      0.00      0.00      0.00
03:46:09 PM      0.00      0.00      0.20      0.00      4.00      0.00      0.00      0.00      0.00      0.00
03:46:14 PM      0.00      0.00      0.00      0.00      0.40      0.00      0.00      0.00      0.00      0.00
03:46:19 PM      0.00     44.80      0.00      0.00      4.20      0.00      0.00      0.00      0.00      0.00
03:46:24 PM      0.00    117.60      0.00      0.00      3.80      0.00      0.00      0.00      0.00      0.00
03:46:29 PM      0.00      4.00      0.00      0.00      4.00      0.00      0.00      0.00      0.00      0.00
03:46:34 PM      0.00      0.00      0.00      0.00      3.80      0.00      0.00      0.00      0.00      0.00
03:46:39 PM      0.00      0.00      0.00      0.00      3.80      0.00      0.00      0.00      0.00      0.00
03:46:44 PM      0.00      0.00      0.00      0.00      0.60      0.00      0.00      0.00      0.00      0.00
03:46:49 PM      0.00      0.00      0.00      0.00      4.20      0.00      0.00      0.00      0.00      0.00
03:46:54 PM      0.00     44.80      0.00      0.00      4.00      0.00      0.00      0.00      0.00      0.00
03:46:59 PM      0.00    136.80      0.00      0.00      3.80      0.00      0.00      0.00      0.00      0.00
03:47:04 PM      0.00      4.80      0.00      0.00      4.00      0.00      0.00      0.00      0.00      0.00
03:47:09 PM      0.00      0.00      0.00      0.00      3.80      0.00      0.00      0.00      0.00      0.00
03:47:14 PM      0.00      0.00      0.00      0.00      0.60      0.00      0.00      0.00      0.00      0.00
03:47:19 PM      0.00      0.00      0.00      0.00      5.40      0.00      0.00      0.00      0.00      0.00
03:47:24 PM      0.00      0.00      0.00      0.00      4.60      0.00      0.00      0.00      0.00      0.00
03:47:29 PM      0.00     44.80      1.60      0.00      4.20      0.00      0.00      0.00      0.00      0.00
03:47:34 PM      0.00    156.00      0.20      0.00      4.20      0.00      0.00      0.00      0.00      0.00
03:47:39 PM      0.00     24.80      1.40      0.00      6.00      0.00      0.00      0.00      0.00      0.00
03:47:44 PM      0.00      0.00      0.00      0.00      1.60      0.00      0.00      0.00      0.00      0.00
03:47:49 PM      0.00      0.00      0.00      0.00      4.80      0.00      0.00      0.00      0.00      0.00
03:47:54 PM      0.00      0.00      0.00      0.00      3.80      0.00      0.00      0.00      0.00      0.00
03:47:59 PM      0.00     82.40      0.00      0.00      4.00      0.00      0.00      0.00      0.00      0.00
03:48:04 PM      0.00    156.00      0.00      0.00      4.20      0.00      0.00      0.00      0.00      0.00
03:48:09 PM      0.00      0.00      0.20      0.00      3.80      0.00      0.00      0.00      0.00      0.00
03:48:14 PM      0.00      4.80      0.00      0.00      0.60      0.00      0.00      0.00      0.00      0.00
03:48:19 PM      0.00      0.00      0.00      0.00      4.00      0.00      0.00      0.00      0.00      0.00
03:48:24 PM      0.00      0.00      0.00      0.00      4.00      0.00      0.00      0.00      0.00      0.00
03:48:29 PM      0.00      0.00      0.00      0.00      3.80      0.00      0.00      0.00      0.00      0.00
03:48:34 PM      0.00      0.00      0.00      0.00      4.00      0.00      0.00      0.00      0.00      0.00
03:48:39 PM      0.00     44.80      0.00      0.00      3.80      0.00      0.00      0.00      0.00      0.00
03:48:44 PM      0.00    117.60      0.00      0.00      0.40      0.00      0.00      0.00      0.00      0.00
03:48:49 PM      0.00      4.00      0.00      0.00      4.40      0.00      0.00      0.00      0.00      0.00
03:48:54 PM      0.00      0.00      0.00      0.00      7.20      0.00      0.00      0.00      0.00      0.00
03:48:59 PM      0.00      0.00    283.00      0.00    212.00      0.00      0.00      0.00      0.00      0.00
03:49:04 PM      0.00      0.00      0.00      0.00      3.80      0.00      0.00      0.00      0.00      0.00
03:49:09 PM      0.00      0.00      0.00      0.00      4.00      0.00      0.00      0.00      0.00      0.00
03:49:14 PM      0.00     44.80      0.00      0.00      0.40      0.00      0.00      0.00      0.00      0.00
03:49:19 PM      0.00    136.80      0.00      0.00      4.20      0.00      0.00      0.00      0.00      0.00
03:49:24 PM      0.00      5.60      0.00      0.00      3.80      0.00      0.00      0.00      0.00      0.00
03:49:29 PM      0.00      0.00      0.00      0.00      3.80      0.00      0.00      0.00      0.00      0.00
03:49:34 PM      0.00      0.00      0.00      0.00      4.00      0.00      0.00      0.00      0.00      0.00
03:49:39 PM      0.00      0.00      0.00      0.00      3.80      0.00      0.00      0.00      0.00      0.00
03:49:44 PM      0.00      0.00      0.00      0.00      0.60      0.00      0.00      0.00      0.00      0.00
03:49:49 PM      0.00     44.80      0.00      0.00      4.20      0.00      0.00      0.00      0.00      0.00
03:49:54 PM      0.00    117.60      0.00      0.00      4.00      0.00      0.00      0.00      0.00      0.00
03:49:59 PM      0.00      4.00      0.00      0.00      3.80      0.00      0.00      0.00      0.00      0.00
03:50:04 PM      0.00      0.00      0.00      0.00      4.00      0.00      0.00      0.00      0.00      0.00
03:50:09 PM      0.00      0.00      0.00      0.00      3.80      0.00      0.00      0.00      0.00      0.00
03:50:14 PM      0.00      0.00      0.00      0.00      0.40      0.00      0.00      0.00      0.00      0.00
03:50:19 PM      0.00      0.00    544.00      0.00      4.20      0.00      0.00      0.00      0.00      0.00
03:50:24 PM      0.00     44.80      0.00      0.00      3.80      0.00      0.00      0.00      0.00      0.00
03:50:29 PM      3.20    168.80      0.00      0.00      4.00      0.00      0.00      0.00      0.00      0.00
03:50:34 PM      0.00      4.80      0.00      0.00      3.80      0.00      0.00      0.00      0.00      0.00
03:50:39 PM      0.00      0.00      0.00      0.00      4.00      0.00      0.00      0.00      0.00      0.00
03:50:44 PM      0.00      0.00      0.00      0.00      0.40      0.00      0.00      0.00      0.00      0.00
03:50:49 PM      0.00      0.00    399.60      0.00      4.20      0.00      0.00      0.00      0.00      0.00
03:50:54 PM      0.00      0.00      0.00      0.00      4.00      0.00      0.00      0.00      0.00      0.00
03:50:59 PM      0.00     44.80      0.00      0.00      3.80      0.00      0.00      0.00      0.00      0.00
03:51:04 PM      0.00    124.00      0.00      0.00      4.00      0.00      0.00      0.00      0.00      0.00
03:51:09 PM      0.00      4.80      0.20      0.00      3.80      0.00      0.00      0.00      0.00      0.00
03:51:14 PM      0.00      0.00      0.00      0.00      0.60      0.00      0.00      0.00      0.00      0.00
03:51:19 PM    431.94 186957.29  52161.08     30.14  56320.56 264591.02   1570.06  54829.74      0.00      0.00
03:51:24 PM      0.00      0.00      3.21      0.20      7.01      0.00      0.00      0.00      0.00      0.00
03:51:29 PM      5.60      0.00      1.40      1.40      3.80      0.00      0.00      0.00      0.00      0.00
03:51:34 PM      0.00     44.80      0.00      0.00      3.80      0.00      0.00      0.00      0.00      0.00
03:51:39 PM     19.20    136.80      0.00      0.00      4.20      0.00      0.00      0.00      0.00      0.00
03:51:44 PM      0.00      4.00      0.00      0.00      0.40      0.00      0.00      0.00      0.00      0.00
03:51:49 PM    100.00      0.00      1.40      1.20      5.00      0.00      0.00      0.00      0.00      0.00
03:51:54 PM      0.00      0.00      0.00      0.00      4.00      0.00      0.00      0.00      0.00      0.00
03:51:59 PM      0.00      0.00      0.00      0.00      4.00      0.00      0.00      0.00      0.00      0.00
03:52:04 PM      0.00      0.00      0.00      0.00      3.80      0.00      0.00      0.00      0.00      0.00
03:52:09 PM      0.00     44.80      0.00      0.00      4.00      0.00      0.00      0.00      0.00      0.00
03:52:14 PM      0.00    117.60      0.00      0.00      0.40      0.00      0.00      0.00      0.00      0.00
03:52:19 PM 163918.40 165484.00  40976.80  40976.60  41752.40  41754.80    206.40  41721.40      0.00      0.00
03:52:24 PM      0.00      0.00      0.00      0.00      4.80      0.00      0.00      0.00      0.00      0.00
03:52:29 PM     88.80      0.00      2.40      0.40      4.00      0.00      0.00      0.00      0.00      0.00
03:52:34 PM      0.00      0.00      0.00      0.00      4.60      0.00      0.00      0.00      0.00      0.00
03:52:39 PM     19.20     35.20      0.20      0.00      5.60      0.00      0.00      0.00      0.00      0.00
03:52:44 PM      0.00  12780.80      0.00      0.00   3175.40      0.00      0.00      0.00      0.00      0.00
03:52:49 PM 170994.01 151221.56  41697.21  41686.43  42306.99 261605.99   8111.98  41658.48      0.00      0.00
03:52:54 PM   1379.56   2877.76     10.82     49.10   1242.89      0.00      0.00      0.00      0.00      0.00
03:52:59 PM      6.40      6.40      0.00      0.00      3.80      0.00      0.00      0.00      0.00      0.00
03:53:04 PM    620.80   4505.60      9.80     22.20   1335.80      0.00      0.00      0.00      0.00      0.00
03:53:09 PM    172.00      0.00      1.20      0.40      4.00      0.00      0.00      0.00      0.00      0.00
03:53:14 PM   1072.80      0.00     70.80    113.00    624.00      0.00      0.00      0.00      0.00      0.00
03:53:19 PM 184016.80 183719.20  45997.00  45995.80  46045.60  47974.60     12.80  45928.80      0.00      0.00
03:53:24 PM    178.40      0.00      0.00     44.60    516.80      0.00      0.00      0.00      0.00      0.00
03:53:29 PM      0.00      7.20      0.00      0.00      4.00      0.00      0.00      0.00      0.00      0.00
03:53:34 PM    155.20      0.00      0.20     38.80    414.20      0.00      0.00      0.00      0.00      0.00
03:53:39 PM      0.00      0.00      0.00      0.00      4.00      0.00      0.00      0.00      0.00      0.00
03:53:44 PM      0.00      0.00      0.00      0.00      0.40      0.00      0.00      0.00      0.00      0.00
03:53:49 PM  15506.40      0.00   3829.40   3876.60    539.00      0.00      0.00      0.00      0.00      0.00
03:53:54 PM    132.00      0.00      8.80      1.40      8.20      0.00      0.00      0.00      0.00      0.00
03:53:59 PM   1728.80    194.40    302.00     51.40    660.00      0.00      0.00      0.00      0.00      0.00
03:54:04 PM      0.00      4.00      0.00      0.00      4.00      0.00      0.00      0.00      0.00      0.00
03:54:09 PM    120.00  20130.40      0.00     30.00   5368.00   5734.40      0.00   5056.40      0.00      0.00
03:54:14 PM      0.00      0.00      0.00      0.00      0.60      0.00      0.00      0.00      0.00      0.00
03:54:19 PM 158498.40 131537.60  39667.60  39700.80  33738.40 114953.40   8077.80  33330.00      0.00      0.00
03:54:24 PM    335.20  21504.00      4.20      0.40   5440.00   5376.00      0.00   5338.40      0.00      0.00
03:54:29 PM      0.80     44.71      0.20      0.20      3.79      0.00      0.00      0.00      0.00      0.00
03:54:34 PM      0.00    117.60      0.00      0.00      3.80      0.00      0.00      0.00      0.00      0.00
03:54:39 PM      0.00      4.00      0.00      0.00      4.00      0.00      0.00      0.00      0.00      0.00
03:54:44 PM      4.80      0.00      1.20      1.20      0.60      0.00      0.00      0.00      0.00      0.00
03:54:49 PM  82348.80  61998.40  20638.00  20635.80  15578.60  15552.00      0.00  15523.20      0.00      0.00
03:54:54 PM      0.00      0.00      0.20      0.00      3.80      0.00      0.00      0.00      0.00      0.00
03:54:59 PM    156.80  14476.00      0.80     39.20   4057.80   5780.60      0.00   3643.20      0.00      0.00
03:55:04 PM      0.00     44.80      0.00      0.00      3.80      0.00      0.00      0.00      0.00      0.00
03:55:09 PM     78.40    136.80      0.40     19.60    209.00      0.00      0.00      0.00      0.00      0.00
03:55:14 PM     54.40      4.00     15.80     15.80      3.60      0.00      0.00      0.00      0.00      0.00
03:55:19 PM 169146.40 153300.80  42319.20  42347.20  39826.00 201417.80  45612.20  39373.40      0.00      0.00
03:55:24 PM      0.00      0.00      0.00      0.00      4.00      0.00      0.00      0.00      0.00      0.00
03:55:29 PM     19.20      0.00      1.40      0.40      4.80      0.00      0.00      0.00      0.00      0.00
03:55:34 PM      3.20      0.00      0.80      0.80      4.20      0.00      0.00      0.00      0.00      0.00
03:55:39 PM      0.00     44.80      0.00      0.00      3.80      0.00      0.00      0.00      0.00      0.00
03:55:44 PM      0.00    117.60      0.00      0.00      0.60      0.00      0.00      0.00      0.00      0.00
03:55:49 PM   9942.40  20253.60   2485.60   2485.60   5093.00   5081.60      0.00   5080.20      0.00      0.00
03:55:54 PM      0.00      0.00      0.00      0.00      3.80      0.00      0.00      0.00      0.00      0.00
03:55:59 PM      0.00      0.00      0.00      0.00      4.20      0.00      0.00      0.00      0.00      0.00
03:56:04 PM      0.00      0.00      0.00      0.00      3.80      0.00      0.00      0.00      0.00      0.00
03:56:09 PM      0.00      0.00      0.20      0.00      4.00      0.00      0.00      0.00      0.00      0.00
03:56:14 PM      0.00     44.80      0.00      0.00      0.40      0.00      0.00      0.00      0.00      0.00
03:56:19 PM  70700.80  63196.80  17626.80  17676.80  16329.00  41043.00      0.00  15772.60      0.00      0.00
03:56:24 PM      0.00      4.80      0.00      0.00      3.80      0.00      0.00      0.00      0.00      0.00
03:56:29 PM    164.00      0.00      1.00     41.00    414.40      0.00      0.00      0.00      0.00      0.00
03:56:34 PM      0.00      0.00      0.00      0.00      3.80      0.00      0.00      0.00      0.00      0.00
03:56:39 PM    218.40      0.00      1.00     54.60    516.80      0.00      0.00      0.00      0.00      0.00
03:56:44 PM      0.00      0.00      0.00      0.00      0.60      0.00      0.00      0.00      0.00      0.00
03:56:49 PM 133759.20 136147.20  33543.80  33447.60  35216.20  82194.00  12554.00  35055.60      0.00      0.00
03:56:54 PM      3.20    124.00      4.00      0.00      4.00      0.00      0.00      0.00      0.00      0.00
03:56:59 PM      3.20      5.60      0.00      0.00      4.00      0.00      0.00      0.00      0.00      0.00
03:57:04 PM   1437.60      0.00      0.40      0.40      4.00      0.00      0.00      0.00      0.00      0.00
03:57:09 PM      0.00      0.00      0.00      0.00      3.80      0.00      0.00      0.00      0.00      0.00
03:57:14 PM   2146.40      0.00    201.20    185.80     21.00      0.00      0.00      0.00      0.00      0.00
03:57:19 PM 114684.80 113976.00  28231.20  28219.40  28789.00  29824.20     12.80  28717.00      0.00      0.00
03:57:24 PM    478.40     51.20      5.20      3.80      6.00      0.00      0.00      0.00      0.00      0.00
03:57:29 PM    209.60    162.40     21.80     13.40      5.40      0.00      0.00      0.00      0.00      0.00
03:57:34 PM      0.80      4.00      0.20      0.20      4.20      0.00      0.00      0.00      0.00      0.00
03:57:39 PM      0.00      0.00      1.40      0.00      4.20      0.00      0.00      0.00      0.00      0.00
03:57:44 PM      0.00      0.00      0.00      0.00      0.80      0.00      0.00      0.00      0.00      0.00
03:57:49 PM   9677.60   7902.40   2408.60   2408.40   2211.40  51112.20      0.00   2193.20      0.00      0.00
03:57:54 PM      0.00      0.00      0.00      0.00      3.80      0.00      0.00      0.00      0.00      0.00
03:57:59 PM     12.80    207.20      0.00      0.00      3.80      0.00      0.00      0.00      0.00      0.00
03:58:04 PM      0.80      0.00      0.20      0.20      4.60      0.00      0.00      0.00      0.00      0.00
03:58:09 PM      0.00      4.00      0.00      0.00      4.60      0.00      0.00      0.00      0.00      0.00
03:58:14 PM      0.00      0.00      0.00      0.00      0.60      0.00      0.00      0.00      0.00      0.00
03:58:19 PM 197467.20 210716.00  49375.80  49369.80  53929.00 148739.40  23199.00  53377.40      0.00      0.00
03:58:24 PM    615.20    868.80      6.80     75.60   1075.00      0.00      0.00    204.80      0.00      0.00
03:58:29 PM    103.20      0.00      1.00      0.80      3.80      0.00      0.00      0.00      0.00      0.00
03:58:34 PM    248.00   2571.20     10.00     62.00   4366.00      0.00      0.00    614.60      0.00      0.00
03:58:39 PM     12.80    143.20      0.00      0.00     10.20      0.00      0.00      0.00      0.00      0.00
03:58:44 PM    220.80      0.00      1.20     55.20    616.00      0.00      0.00      0.00      0.00      0.00
03:58:49 PM 106453.60  94880.80  26604.40  26604.20  24966.60  25708.00     52.00  24896.20      0.00      0.00
03:58:54 PM   3000.80      0.00     22.00     37.60    217.80      0.00      0.00      0.00      0.00      0.00
03:58:59 PM   2860.00      0.00    288.40      8.80    484.60      0.00      0.00      0.00      0.00      0.00
03:59:04 PM    116.00      0.00      0.80     29.00    311.80      0.00      0.00      0.00      0.00      0.00
03:59:09 PM      0.80      0.00      0.40      0.20      5.00      0.00      0.00      0.00      0.00      0.00
03:59:14 PM   1383.20      0.00    172.40    173.40    222.20      0.00      0.00      0.00      0.00      0.00
03:59:19 PM  83322.40 104659.20  20841.00  20840.00  26146.80  26178.40      0.00  26020.80      0.00      0.00
03:59:24 PM     38.40    415.20      0.00      9.60    311.20    102.40      0.00    204.80      0.00      0.00
03:59:29 PM     35.20      0.00      0.60      0.40      3.80      0.00      0.00      0.00      0.00      0.00
03:59:34 PM     45.60      0.00      0.20     11.40    106.60      0.00      0.00      0.00      0.00      0.00
03:59:39 PM      0.00      0.00      0.00      0.00      3.80      0.00      0.00      0.00      0.00      0.00
03:59:44 PM     73.60      0.00      0.00     18.40    205.80      0.00      0.00      0.00      0.00      0.00
03:59:49 PM  99316.80  88013.60  24829.40  24829.20  23423.40 105352.00    321.60  22673.00      0.00      0.00
03:59:54 PM      3.20    168.80      0.00      0.00      9.60      0.00      0.00      0.00      0.00      0.00
03:59:59 PM      0.00      4.00      0.00      0.00      3.80      0.00      0.00      0.00      0.00      0.00
04:00:04 PM    185.60      0.00      0.20      0.20      4.20      0.00      0.00      0.00      0.00      0.00
04:00:09 PM      0.00      0.00      0.00      0.00      3.80      0.00      0.00      0.00      0.00      0.00
04:00:14 PM      0.00      0.00      0.00      0.00      0.40      0.00      0.00      0.00      0.00      0.00
04:00:19 PM  72979.20  58342.40  18279.40  18279.20  16449.80  21432.80     12.80  15711.00      0.00      0.00
04:00:24 PM    192.80   1499.20      4.80     45.00   2664.80      0.00      0.00    364.40      0.00      0.00
04:00:29 PM     14.40    136.80      1.20      1.20     11.20      0.00      0.00      0.00      0.00      0.00
04:00:34 PM    239.20   1090.40      2.40     59.40   1499.40      0.00      0.00    272.20      0.00      0.00
04:00:39 PM      0.00      0.00      0.00      0.00      4.00      0.00      0.00      0.00      0.00      0.00
04:00:44 PM    778.40   1484.80      1.40     34.20    874.00      0.00      0.00    359.80      0.00      0.00
04:00:49 PM  34878.40  34168.00   8556.60   8555.80   8826.00  26191.80      0.00   8743.80      0.00      0.00
04:00:54 PM      0.80      0.00      0.00      0.00      4.00      0.00      0.00      0.00      0.00      0.00
04:00:59 PM      0.80      0.00      0.20      0.20      4.00      0.00      0.00      0.00      0.00      0.00
04:01:04 PM      2.40    117.60      0.60      0.60      4.00      0.00      0.00      0.00      0.00      0.00
04:01:09 PM      0.00      0.00      0.00      0.00      4.00      0.00      0.00      0.00      0.00      0.00
04:01:14 PM   1793.60      0.00     80.80     65.80      5.40      0.00      0.00      0.00      0.00      0.00
04:01:19 PM 100320.80  94336.80  25113.00  25113.00  24335.80  42975.80    288.20  24028.00      0.00      0.00
04:01:24 PM      0.00      4.80      0.00      0.00      4.00      0.00      0.00      0.00      0.00      0.00
04:01:29 PM    110.40      0.00      0.80      0.60      4.60      0.00      0.00      0.00      0.00      0.00
04:01:34 PM      0.80      0.00      0.20      0.20      3.80      0.00      0.00      0.00      0.00      0.00
04:01:39 PM      0.80      0.00      0.20      0.20      4.00      0.00      0.00      0.00      0.00      0.00
04:01:44 PM      1.60      0.00      0.40      0.40      1.40      0.00      0.00      0.00      0.00      0.00
04:01:49 PM  14168.80  20144.00   3542.20   3542.20   5255.80   9712.60      0.00   5236.20      0.00      0.00
04:01:54 PM    704.80    181.60      2.20      1.80      4.20      0.00      0.00      0.00      0.00      0.00
04:01:59 PM      0.00      4.00      0.00      0.00      4.00      0.00      0.00      0.00      0.00      0.00
04:02:04 PM      1.60      0.00      0.40      0.40      3.80      0.00      0.00      0.00      0.00      0.00
04:02:09 PM      0.00      0.00      0.20      0.00      4.20      0.00      0.00      0.00      0.00      0.00
04:02:14 PM      0.00      0.00      0.00      0.00      0.40      0.00      0.00      0.00      0.00      0.00
04:02:19 PM 132549.60 118756.00  32617.40  32603.60  31239.40 191058.60     74.40  31154.80      0.00      0.00
04:02:24 PM   5240.80   8421.60     30.40     16.80   2131.40   4024.20      0.00   2114.60      0.00      0.00
04:02:29 PM    840.00    117.60     49.20     88.80    927.80      0.00      0.00      0.00      0.00      0.00
04:02:34 PM      3.20      0.00      1.00      0.80      4.20      0.00      0.00      0.00      0.00      0.00
04:02:39 PM    213.60      0.00      1.20     53.40    723.00      0.00      0.00      0.00      0.00      0.00
04:02:44 PM      2.40      0.00      0.60      0.60      0.80      0.00      0.00      0.00      0.00      0.00
04:02:49 PM  73113.60  92063.20  18234.40  18293.00  29283.20  30873.00     87.80  23264.80      0.00      0.00
04:02:54 PM      4.00      0.00      0.00      0.00      4.80      0.00      0.00      0.00      0.00      0.00
04:02:59 PM      9.60    175.20      0.00      0.00      8.20      0.00      0.00      0.00      0.00      0.00
04:03:04 PM    612.00      0.00      6.00      5.20     14.00      0.00      0.00      0.00      0.00      0.00
04:03:09 PM      0.00      0.00      0.00      0.00      4.20      0.00      0.00      0.00      0.00      0.00
04:03:14 PM    696.00      0.00    177.80    167.20     23.00      0.00      0.00      0.00      0.00      0.00
04:03:19 PM  77195.21  57462.67  19303.19  19301.20  16052.10  17703.59     48.90  15842.12      0.00      0.00
04:03:24 PM    339.20      4.00      4.20      0.40     56.20      0.00      0.00      0.00      0.00      0.00
04:03:29 PM    339.20      0.00      0.60      0.40     25.40      0.00      0.00      0.00      0.00      0.00
04:03:34 PM      8.80      0.00      2.20      2.20      4.00      0.00      0.00      0.00      0.00      0.00
04:03:39 PM      2.40      0.00      0.60      0.60      4.00      0.00      0.00      0.00      0.00      0.00
04:03:44 PM     23.20      0.00      5.80      5.80      0.60      0.00      0.00      0.00      0.00      0.00
04:03:49 PM  11731.20  10263.20   2926.20   2926.00   2600.40   2952.40      0.00   2578.80      0.00      0.00
04:03:54 PM   6472.80  21369.60     51.00     34.80   5851.80   6495.00      0.00   5813.00      0.00      0.00
04:03:59 PM   3086.40      4.80    318.40     35.00    240.40      0.00      0.00      0.00      0.00      0.00
04:04:04 PM      0.00      0.00      0.20      0.00      4.00      0.00      0.00      0.00      0.00      0.00
04:04:09 PM      0.00      0.00      0.00      0.00      4.80      0.00      0.00      0.00      0.00      0.00
04:04:14 PM      0.00      0.00      0.00      0.00      0.60      0.00      0.00      0.00      0.00      0.00
04:04:19 PM  32199.20  15564.00   8020.20   8050.20   5277.80   5031.60      0.00   4863.80      0.00      0.00
04:04:24 PM      0.00     51.20      0.00      0.00      3.80      0.00      0.00      0.00      0.00      0.00
04:04:29 PM    277.60    149.60      1.20      0.80      4.80      0.00      0.00      0.00      0.00      0.00
04:04:34 PM    251.20      5.60      1.60     62.80    722.00      0.00      0.00      0.00      0.00      0.00
04:04:39 PM      0.00      0.00      0.00      0.00      4.00      0.00      0.00      0.00      0.00      0.00
04:04:44 PM    308.80      0.00      1.60     77.20   1236.60      0.00      0.00      0.00      0.00      0.00
04:04:49 PM  45323.20  48331.20  10729.60  10727.80  13433.40  16646.60      7.20  13334.00      0.00      0.00
04:04:54 PM     36.00      0.00      3.00      0.80      5.40      0.00      0.00      0.00      0.00      0.00
04:04:59 PM      0.00     44.80      0.00      0.00      4.00      0.00      0.00      0.00      0.00      0.00
04:05:04 PM   2150.40    162.40      4.20      3.00      3.80      0.00      0.00      0.00      0.00      0.00
04:05:09 PM      0.80      4.00      0.20      0.20      3.80      0.00      0.00      0.00      0.00      0.00
04:05:14 PM    948.00      0.00    199.40    180.80     10.40      0.00      0.00      0.00      0.00      0.00
04:05:19 PM  82500.00  72174.40  20631.00  20630.80  18869.00  72211.40      0.00  18751.20      0.00      0.00
04:05:24 PM     15.20      0.00      7.00      2.60      5.00      0.00      0.00      0.00      0.00      0.00
04:05:29 PM    185.60  16389.60      5.80      5.60   4105.00   5127.60      0.00   4101.00      0.00      0.00
04:05:34 PM      0.00     44.80      0.00      0.00      4.00      0.00      0.00      0.00      0.00      0.00
04:05:39 PM      9.60    143.20      0.00      0.00      3.80      0.00      0.00      0.00      0.00      0.00
04:05:44 PM      3.20      5.60      0.00      0.00      0.60      0.00      0.00      0.00      0.00      0.00
04:05:49 PM  10602.40      0.00   2651.60   2650.60     14.80      0.00      0.00      0.00      0.00      0.00
04:05:54 PM      0.00      0.00      0.00      0.00      3.80      0.00      0.00      0.00      0.00      0.00
04:05:59 PM      0.00      0.00      0.00      0.00      4.00      0.00      0.00      0.00      0.00      0.00
04:06:04 PM      0.00      0.00      0.00      0.00      3.80      0.00      0.00      0.00      0.00      0.00
04:06:09 PM     12.80     44.80      3.40      3.20      4.60      0.00      0.00      0.00      0.00      0.00
04:06:14 PM      3.20    124.00      0.00      0.00      0.60      0.00      0.00      0.00      0.00      0.00
04:06:19 PM 111748.80 108458.40  27950.80  27946.40  27535.60 151704.20    308.20  27459.60      0.00      0.00
04:06:24 PM  16411.20  24122.40   4040.20   4108.80   6903.60   8006.00      0.00   6041.40      0.00      0.00
04:06:29 PM      0.00      0.00      0.00      0.00      4.00      0.00      0.00      0.00      0.00      0.00
04:06:34 PM    295.20      0.00      7.60     74.00   1344.60      0.00      0.00      0.00      0.00      0.00
04:06:39 PM      0.00      0.00      0.00      0.00      3.80      0.00      0.00      0.00      0.00      0.00
04:06:44 PM    232.00     38.40      2.60     58.00   1106.60      0.00      0.00      0.00      0.00      0.00
04:06:49 PM  62048.80  49321.60  15508.20  15508.00  13374.20  16247.80     10.40  13284.00      0.00      0.00
04:06:54 PM      6.40      4.00      0.00      0.00      4.00      0.00      0.00      0.00      0.00      0.00
04:06:59 PM      0.00      0.00      0.00      0.00      3.80      0.00      0.00      0.00      0.00      0.00
04:07:04 PM      0.00      0.00      0.00      0.00      4.00      0.00      0.00      0.00      0.00      0.00
04:07:09 PM   1463.20      0.00      5.80      5.60      3.80      0.00      0.00      0.00      0.00      0.00
04:07:14 PM   1864.00  13040.80    183.80    174.80   3286.00   4263.00      0.00   3263.60      0.00      0.00
04:07:19 PM  57574.40  47418.40  13637.00  13619.00  12208.80  17212.20     37.00  12125.00      0.00      0.00
04:07:24 PM   1377.60    104.80      7.00      5.40      8.20      0.00      0.00      0.00      0.00      0.00
04:07:29 PM    924.80      0.00     41.40     22.60      8.20      0.00      0.00      0.00      0.00      0.00
04:07:34 PM      1.60      0.00      0.60      0.40      4.20      0.00      0.00      0.00      0.00      0.00
04:07:39 PM      1.60      0.00      0.80      0.40      4.40      0.00      0.00      0.00      0.00      0.00
04:07:44 PM      0.00     32.00      0.00      0.00      0.80      0.00      0.00      0.00      0.00      0.00
04:07:49 PM  11196.80  27012.80   2667.20   2663.60   7681.60   8424.60      0.00   7639.60      0.00      0.00
04:07:54 PM     20.80      0.00      3.60      0.40      3.80      0.00      0.00      0.00      0.00      0.00
04:07:59 PM      9.60    162.40      0.00      0.00      3.80      0.00      0.00      0.00      0.00      0.00
04:08:04 PM    700.80      0.00     23.80     16.00     15.80      0.00      0.00      0.00      0.00      0.00
04:08:09 PM      0.00      0.00      0.00      0.00      3.80      0.00      0.00      0.00      0.00      0.00
04:08:14 PM      0.00      0.00      0.00      0.00      0.60      0.00      0.00      0.00      0.00      0.00
04:08:19 PM  59612.80  38628.80  14923.20  14923.00  11182.60  19621.60      0.00  11097.80      0.00      0.00
04:08:24 PM   3641.60  20293.60    909.60    909.60   5105.00   6370.80      0.00   5080.80      0.00      0.00
04:08:29 PM    704.00      0.00      3.60     58.60    824.40      0.00      0.00      0.00      0.00      0.00
04:08:34 PM      3.20      0.00      0.80      0.80      4.00      0.00      0.00      0.00      0.00      0.00
04:08:39 PM    263.20      0.00      3.00     63.80   1163.40      0.00      0.00      0.00      0.00      0.00
04:08:44 PM      0.00      0.00      0.00      0.00      0.40      0.00      0.00      0.00      0.00      0.00
04:08:49 PM  34929.34  18894.21   8662.67   8726.55   6788.22   8517.96      0.00   5194.61      0.00      0.00
04:08:54 PM   8292.00  15740.80    297.20    263.40   3963.80  19226.00    717.40   3926.40      0.00      0.00
04:08:59 PM    372.80      0.00      5.60      5.60      4.80      0.00      0.00      0.00      0.00      0.00
04:09:04 PM   2148.00      0.00    340.60     40.60    139.40      0.00      0.00      0.00      0.00      0.00
04:09:09 PM    192.80      0.00      1.20      0.60      4.80      0.00      0.00      0.00      0.00      0.00
04:09:14 PM    756.00      0.00    192.80    180.00     21.40      0.00      0.00      0.00      0.00      0.00
04:09:19 PM  51056.00  48275.20  12761.80  12761.60  12079.20  37913.40      0.00  12067.60      0.00      0.00
04:09:24 PM  20468.00  19012.80   5118.00   5118.00   4796.40   4748.80      0.00   4761.60      0.00      0.00
04:09:29 PM    169.60      0.00      1.20      1.00      4.00      0.00      0.00      0.00      0.00      0.00
04:09:34 PM      0.00      0.00      0.00      0.00      4.00      0.00      0.00      0.00      0.00      0.00
04:09:39 PM      0.00      0.00      0.00      0.00      3.80      0.00      0.00      0.00      0.00      0.00
04:09:44 PM      0.00      0.00      0.00      0.00      0.60      0.00      0.00      0.00      0.00      0.00
04:09:49 PM  41555.20  44706.40  10388.80  10388.80  11233.20  39448.20  11040.80  11220.80      0.00      0.00
04:09:54 PM  21720.80  25939.20   5425.20   5425.20   6533.80  27064.60      0.00   6455.80      0.00      0.00
04:09:59 PM      0.00      4.00      0.00      0.00      3.80      0.00      0.00      0.00      0.00      0.00
04:10:04 PM      0.00      0.00      0.00      0.00      3.80      0.00      0.00      0.00      0.00      0.00
04:10:09 PM      0.00      0.00      0.20      0.00      4.00      0.00      0.00      0.00      0.00      0.00
04:10:14 PM      0.00      0.00      0.00      0.00      0.40      0.00      0.00      0.00      0.00      0.00
04:10:19 PM  32549.60  23560.00   8137.40   8137.40   6115.00  27176.00     20.00   6091.40      0.00      0.00
04:10:24 PM  56871.20  68460.00  14237.80  14237.80  19591.60  19839.40      0.00  19437.60      0.00      0.00
04:10:29 PM    484.80     98.40     11.80     79.20   2286.80      0.00      0.00      0.00      0.00      0.00
04:10:34 PM     18.40      4.00      4.80      4.80      7.20      0.00      0.00      0.00      0.00      0.00
04:10:39 PM   1117.60      0.00      3.60     76.80   1737.20      0.00      0.00      0.00      0.00      0.00
04:10:44 PM      0.00      0.00      0.00      0.00      0.40      0.00      0.00      0.00      0.00      0.00
04:10:49 PM  11770.40      0.00   2489.60   2566.00   1748.60      0.00      0.00      0.00      0.00      0.00
04:10:54 PM    879.20      0.00    220.00    220.00     11.60      0.00      0.00      0.00      0.00      0.00
04:10:59 PM    231.20     38.40      0.00     57.80    619.40      0.00      0.00      0.00      0.00      0.00
04:11:04 PM     30.40    168.80      0.20      0.20      8.80      0.00      0.00      0.00      0.00      0.00
04:11:09 PM    296.80    413.60      0.60     74.20   1340.20      0.00      0.00    102.40      0.00      0.00
04:11:14 PM   2638.40      0.00    188.20    169.40     19.80      0.00      0.00      0.00      0.00      0.00
04:11:19 PM   8851.20   6490.40   2141.40   2213.00   3262.40   1587.20      0.00   1616.40      0.00      0.00
04:11:24 PM  27647.20  35336.80   6922.20   6921.00   9512.80  21350.80      0.00   9427.60      0.00      0.00
04:11:29 PM    225.60      0.00      2.60      0.60      7.00      0.00      0.00      0.00      0.00      0.00
04:11:34 PM      6.40      0.00      1.60      1.60      3.80      0.00      0.00      0.00      0.00      0.00
04:11:39 PM      8.00    130.40      1.40      1.40      9.80      0.00      0.00      0.00      0.00      0.00
04:11:44 PM     18.40      0.00      3.20      3.20      1.80      0.00      0.00      0.00      0.00      0.00
04:11:49 PM    147.20      0.00     24.60     24.40      5.80      0.00      0.00      0.00      0.00      0.00
04:11:54 PM  72560.80  72083.20  18140.60  18140.20  18202.80  92005.00    486.20  18086.60      0.00      0.00
04:11:59 PM      0.80      6.40      0.20      0.20      4.00      0.00      0.00      0.00      0.00      0.00
04:12:04 PM      0.00      0.00      0.00      0.00      3.80      0.00      0.00      0.00      0.00      0.00
04:12:09 PM      0.00      0.00      0.20      0.00      4.00      0.00      0.00      0.00      0.00      0.00
04:12:14 PM      0.80      0.00      0.20      0.20      0.40      0.00      0.00      0.00      0.00      0.00
04:12:19 PM   2282.40      0.00     67.80     52.60     13.20      0.00      0.00      0.00      0.00      0.00
04:12:24 PM  94648.00  88535.20  22200.80  22243.40  25028.40  36167.60      0.00  23758.40      0.00      0.00
04:12:29 PM   1355.20    156.00     63.40     39.60     21.00      0.00      0.00      0.00      0.00      0.00
04:12:34 PM    337.60      0.00      5.60     84.40   1032.60      0.00      0.00      0.00      0.00      0.00
04:12:39 PM      1.60      0.00      0.80      0.40      4.00      0.00      0.00      0.00      0.00      0.00
04:12:44 PM    277.60      0.00      6.40     69.40   1142.60      0.00      0.00      0.00      0.00      0.00
04:12:49 PM     94.40     21.60      4.80      2.60      5.80      0.00      0.00      0.00      0.00      0.00
04:12:54 PM  61212.80  56443.20  15261.20  15260.00  15699.20  17462.40     14.40  15215.40      0.00      0.00
04:12:59 PM    780.00    181.60      1.40      0.20      3.80      0.00      0.00      0.00      0.00      0.00
04:13:04 PM    646.40      0.00     23.80     16.00      7.60      0.00      0.00      0.00      0.00      0.00
04:13:09 PM    118.40      0.00      1.60      0.40      4.00      0.00      0.00      0.00      0.00      0.00
04:13:14 PM   3676.80      0.00    175.20    156.00     18.20      0.00      0.00      0.00      0.00      0.00
04:13:19 PM     12.00  20316.80      1.40      0.20   6304.80   5145.60      0.00   5078.40      0.00      0.00
04:13:24 PM  36992.00  20219.20   9254.20   9254.20   5215.00   5315.20     45.40   5112.00      0.00      0.00
04:13:29 PM     24.00      0.00      6.00      6.00      4.20      0.00      0.00      0.00      0.00      0.00
04:13:34 PM     18.40      0.00      4.80      4.80      3.80      0.00      0.00      0.00      0.00      0.00
04:13:39 PM      0.00      0.00      0.00      0.00      3.80      0.00      0.00      0.00      0.00      0.00
04:13:44 PM      0.00      0.00      0.00      0.00      0.60      0.00      0.00      0.00      0.00      0.00
04:13:49 PM      1.60    117.60      0.40      0.40      6.20      0.00      0.00      0.00      0.00      0.00
04:13:54 PM  36553.60  35426.40   8815.20   8798.00   9234.40   9932.80      0.00   9147.80      0.00      0.00
04:13:59 PM      4.00      0.00      1.00      1.00      4.80      0.00      0.00      0.00      0.00      0.00
04:14:04 PM   1511.20      0.00    336.00     35.60    131.00      0.00      0.00      0.00      0.00      0.00
04:14:09 PM      0.00      0.00      0.00      0.00      3.80      0.00      0.00      0.00      0.00      0.00
04:14:14 PM      0.00      0.00      0.00      0.00      0.60      0.00      0.00      0.00      0.00      0.00
04:14:19 PM      4.80      0.00      1.20      1.20      3.80      0.00      0.00      0.00      0.00      0.00
04:14:24 PM  47065.60  48521.60  11768.20  11768.20  13716.40  15736.40      0.00  13639.00      0.00      0.00
04:14:29 PM     12.80      5.60      1.80      1.80      4.80      0.00      0.00      0.00      0.00      0.00
04:14:34 PM     35.20      0.00      0.80      0.80      4.60      0.00      0.00      0.00      0.00      0.00
04:14:39 PM      0.80      0.00      0.20      0.20      4.00      0.00      0.00      0.00      0.00      0.00
04:14:44 PM      0.00      0.00      0.00      0.00      0.40      0.00      0.00      0.00      0.00      0.00
04:14:49 PM      0.80      0.00      0.20      0.20      4.00      0.00      0.00      0.00      0.00      0.00
04:14:54 PM  52908.00  50345.60  12655.80  12654.80  13794.80  26591.00     12.80  13713.60      0.00      0.00
04:14:59 PM    853.60    149.60      1.80      0.60      4.00      0.00      0.00      0.00      0.00      0.00
04:15:04 PM      0.80      4.00      0.60      0.20      3.80      0.00      0.00      0.00      0.00      0.00
04:15:09 PM    248.00      0.00      1.60      0.40      4.60      0.00      0.00      0.00      0.00      0.00
04:15:14 PM   1792.00      0.00    183.40    164.60     13.60      0.00      0.00      0.00      0.00      0.00
04:15:19 PM      0.80      0.00      0.20      0.20      3.80      0.00      0.00      0.00      0.00      0.00
04:15:24 PM  22008.00  31850.40   5509.40   5509.20   8282.60  34761.60      0.00   8236.00      0.00      0.00
04:15:29 PM    102.40     38.40      0.40      0.40      4.00      0.00      0.00      0.00      0.00      0.00
04:15:34 PM    505.60    124.00      0.80      0.60     16.20      0.00      0.00      0.00      0.00      0.00
04:15:39 PM      0.00      5.60      0.00      0.00      3.80      0.00      0.00      0.00      0.00      0.00
04:15:44 PM      0.00      0.00      0.00      0.00      0.60      0.00      0.00      0.00      0.00      0.00
04:15:49 PM      0.80      0.00      0.20      0.20      3.80      0.00      0.00      0.00      0.00      0.00
04:15:54 PM  37980.80  34705.60   9495.00   9495.00   8904.40 145777.20      0.00   8822.80      0.00      0.00
04:15:59 PM      3.20      0.00      0.00      0.00      4.00      0.00      0.00      0.00      0.00      0.00
04:16:04 PM    181.60      0.00      0.80      0.80      4.60      0.00      0.00      0.00      0.00      0.00
04:16:09 PM     16.00    149.60      0.00      0.00      4.00      0.00      0.00      0.00      0.00      0.00
04:16:14 PM      0.00      0.00      0.00      0.00      0.40      0.00      0.00      0.00      0.00      0.00
04:16:19 PM    230.40      0.00      2.20      2.20      4.00      0.00      0.00      0.00      0.00      0.00
04:16:24 PM  74415.20  69863.20  18621.20  18621.20  18750.60  23059.80      0.00  18442.80      0.00      0.00
04:16:29 PM    307.20      0.00      4.20      4.00      5.60      0.00      0.00      0.00      0.00      0.00
04:16:34 PM      0.00      0.00      0.00      0.00      4.20      0.00      0.00      0.00      0.00      0.00
04:16:39 PM      0.00      0.00      0.00      0.00      3.80      0.00      0.00      0.00      0.00      0.00
04:16:44 PM      0.00      0.00      0.00      0.00      0.60      0.00      0.00      0.00      0.00      0.00
04:16:49 PM      3.20      0.00      0.80      0.80      3.80      0.00      0.00      0.00      0.00      0.00
04:16:54 PM  46285.60  52765.60  11584.20  11581.60  13412.20  14362.00     40.80  13350.20      0.00      0.00
04:16:59 PM      1.60      4.80      0.40      0.40      3.80      0.00      0.00      0.00      0.00      0.00
04:17:04 PM     22.40      0.00      5.60      5.60      4.00      0.00      0.00      0.00      0.00      0.00
04:17:09 PM    256.00      0.00      1.80      0.80      4.60      0.00      0.00      0.00      0.00      0.00
04:17:14 PM   3104.00      0.00    211.00    201.80     59.80      0.00      0.00      0.00      0.00      0.00
04:17:19 PM   3407.20      0.00     65.40     45.80     24.00      0.00      0.00      0.00      0.00      0.00
04:17:24 PM  55644.80  54152.00  13649.80  13647.20  14137.80  17770.60      0.00  14054.60      0.00      0.00
04:17:29 PM   1013.60    104.80     41.20     23.00      7.40      0.00      0.00      0.00      0.00      0.00
04:17:34 PM      1.60      4.80      0.60      0.60      4.00      0.00      0.00      0.00      0.00      0.00
04:17:39 PM      0.80      0.00      0.60      0.20      5.20      0.00      0.00      0.00      0.00      0.00
04:17:44 PM      1.60      0.00      0.40      0.40      0.60      0.00      0.00      0.00      0.00      0.00
04:17:49 PM     93.60     22.40      4.60      2.40      7.20      0.00      0.00      0.00      0.00      0.00
04:17:54 PM  40353.60  30892.80  10088.60  10088.40   8506.80   9010.20     21.20   8449.00      0.00      0.00
04:17:59 PM      9.60    226.40      0.00      0.00      3.80      0.00      0.00      0.00      0.00      0.00
04:18:04 PM   1400.00      0.00     22.00     14.60     24.40      0.00      0.00      0.00      0.00      0.00
04:18:09 PM      0.00      4.00      0.20      0.00      3.80      0.00      0.00      0.00      0.00      0.00
04:18:14 PM      0.00      0.00      0.00      0.00      0.60      0.00      0.00      0.00      0.00      0.00
04:18:19 PM      1.60      0.00      0.60      0.60      4.20      0.00      0.00      0.00      0.00      0.00
04:18:24 PM  35508.80  41426.40   8885.20   8883.40  11655.20  14288.80      0.00  11631.20      0.00      0.00
04:18:29 PM      8.80      0.00      2.20      2.20      4.00      0.00      0.00      0.00      0.00      0.00
04:18:34 PM      0.80      0.00      0.20      0.20      4.00      0.00      0.00      0.00      0.00      0.00
04:18:39 PM      7.20    124.00      0.20      0.20      3.80      0.00      0.00      0.00      0.00      0.00
04:18:44 PM      0.80      0.00      0.20      0.20      0.40      0.00      0.00      0.00      0.00      0.00
04:18:49 PM      1.60      0.00      0.40      0.40      4.60      0.00      0.00      0.00      0.00      0.00
04:18:54 PM  50874.40  43732.00  11299.00  11279.60  11368.80  46728.20    319.40  11285.40      0.00      0.00
04:18:59 PM      0.00      6.40      0.00      0.00      4.00      0.00      0.00      0.00      0.00      0.00
04:19:04 PM   3470.40      0.00    336.20     36.80    432.60      0.00      0.00      0.00      0.00      0.00
04:19:09 PM      0.00      0.00      0.00      0.00      4.80      0.00      0.00      0.00      0.00      0.00
04:19:14 PM    638.40      0.00    180.40    161.80     27.40      0.00      0.00      0.00      0.00      0.00
04:19:19 PM      1.60      0.00      0.40      0.40      4.40      0.00      0.00      0.00      0.00      0.00
04:19:24 PM  46116.00  61541.60  11549.60  11549.60  16049.20  21036.40      0.00  15986.00      0.00      0.00
04:19:29 PM    289.60    168.80      4.20      4.00      3.80      0.00      0.00      0.00      0.00      0.00
04:19:34 PM      8.00      4.80      2.00      2.00      4.80      0.00      0.00      0.00      0.00      0.00
04:19:39 PM      0.00      0.00      0.00      0.00      3.80      0.00      0.00      0.00      0.00      0.00
Average:      5555.84   5683.55   1428.33   1349.85   1564.86   4038.13    157.42   1469.82      0.00      0.00
